SETTING TYPE: two mobile gateways (random walk)
ALGORITHM TYPE: with prediction
VERTEX_NUM = 1440
TOTAL_TICKS = 3600
MOBILE_GW_NUM = 2
CONCURRENT_FAULT_NUM = 0
ATTACKER_NUM = 1
FAULT_RANGE = 10
JAMMING_RANGE = 50
Trace for mobile gateway 0:
625 625 619 625 613 625 613 631 613 625 613 619 613 613 613 619 613 613 613 619 613 613 613 607 607 607 607 613 601 613 601 619 607 619 601 619 595 619 589 619 583 619 583 613 577 613 577 619 571 619 571 613 577 613 583 613 583 619 583 625 589 625 583 625 577 625 577 619 577 613 583 613 583 607 583 601 589 601 589 595 595 595 595 601 595 595 601 595 607 595 601 595 607 595 607 589 601 589 607 589 607 583 613 583 613 577 607 577 607 583 613 583 613 589 607 589 607 583 601 583 607 583 613 583 613 589 607 589 607 583 601 583 601 589 601 583 595 583 595 577 595 583 589 583 583 583 577 583 577 589 577 583 577 577 577 583 577 577 583 577 583 583 577 583 577 577 571 577 571 571 565 571 565 577 565 583 565 589 571 589 571 583 577 583 571 583 571 589 571 595 571 601 577 601 571 601 565 601 571 601 565 601 571 601 571 595 577 595 571 595 571 589 571 583 577 583 577 577 577 583 577 589 577 583 577 577 577 571 577 577 577 583 583 583 577 583 571 583 571 589 565 589 565 595 559 595 559 601 553 601 559 601 559 595 559 601 565 601 565 607 559 607 565 607 565 601 565 607 565 601 571 601 577 601 577 607 571 607 571 613 565 613 565 619 565 613 565 607 565 613 559 613 559 619 559 625 559 631 565 631 571 631 571 625 571 631 565 631 559 631 559 625 553 625 553 631 559 631 553 631 547 631 541 631 541 625 541 631 535 631 541 631 541 625 547 625 547 619 553 619 559 619 553 619 547 619 541 619 541 613 535 613 541 613 547 613 541 613 535 613 529 613 523 613 529 613 523 613 517 613 517 619 517 613 511 613 511 619 511 613 511 607 517 607 517 613 523 613 517 613 511 613 511 607 517 607 511 607 511 601 505 601 505 607 499 607 505 607 511 607 517 607 517 613 517 619 523 619 523 625 523 631 523 637 517 637 511 637 511 631 505 631 505 637 511 637 505 637 505 643 505 649 511 649 505 649 505 655 511 655 511 661 511 655 517 655 523 655 517 655 523 655 517 655 517 661 517 667 517 673 511 673 517 673 511 673 517 673 517 679 517 673 517 667 523 667 523 661 529 661 529 667 535 667 535 661 529 661 523 661 523 667 529 667 523 667 517 667 517 673 511 673 511 667 511 661 511 667 505 667 511 667 511 673 505 673 505 667 511 667 511 673 505 673 499 673 499 667 505 667 505 661 511 661 511 655 511 661 505 661 505 667 499 667 499 661 499 655 499 649 493 649 487 649 493 649 487 649 487 655 493 655 499 655 499 649 499 643 499 637 499 643 505 643 505 637 505 631 505 625 499 625 493 625 493 631 499 631 505 631 511 631 505 631 511 631 511 637 517 637 511 637 511 643 511 637 505 637 505 631 511 631 505 631 505 637 505 643 505 637 505 643 505 637 505 631 505 625 505 619 505 613 505 619 505 625 511 625 517 625 517 619 511 619 511 625 517 625 517 619 517 613 517 607 517 601 517 595 517 589 517 595 511 595 505 595 505 589 505 595 505 589 499 589 499 583 493 583 493 577 493 571 493 565 493 571 487 571 493 571 493 577 487 577 493 577 493 571 493 577 493 583 487 583 493 583 493 577 493 583 499 583 499 589 499 583 493 583 487 583 487 577 487 583 493 583 487 583 487 577 487 571 487 577 493 577 487 577 487 571 481 571 481 565 475 565 475 571 475 577 481 577 481 571 481 577 481 571 481 577 481 571 481 577 487 577 487 571 487 565 487 571 481 571 475 571 481 571 481 565 481 571 481 565 481 571 481 577 487 577 487 571 487 577 487 583 481 583 481 577 487 577 493 577 493 583 493 589 487 589 493 589 487 589 487 595 481 595 475 595 475 601 475 595 475 601 475 607 475 613 469 613 475 613 475 607 475 613 481 613 475 613 475 607 475 613 481 613 475 613 475 607 475 613 475 607 475 613 475 619 475 613 475 607 475 601 475 595 475 589 469 589 475 589 475 595 475 601 475 607 469 607 475 607 481 607 475 607 475 601 469 601 475 601 469 601 475 601 481 601 481 595 487 595 487 589 481 589 481 595 481 601 481 595 481 589 475 589 475 595 475 589 469 589 475 589 475 583 475 589 481 589 487 589 493 589 493 595 493 589 493 595 499 595 505 595 499 595 499 589 493 589 499 589 493 589 493 583 499 583 505 583 499 583 499 577 493 577 499 577 505 577 499 577 499 571 493 571 487 571 487 577 487 571 487 565 481 565 487 565 487 559 487 553 481 553 481 547 475 547 475 553 469 553 463 553 457 553 457 547 457 541 457 535 457 541 457 535 451 535 451 541 445 541 439 541 439 535 433 535 433 541 439 541 433 541 433 547 433 541 433 535 427 535 421 535 421 529 427 529 421 529 421 523 415 523 421 523 415 523 415 529 409 529 415 529 415 535 415 541 409 541 415 541 409 541 415 541 415 535 421 535 427 535 421 535 421 529 427 529 427 523 421 523 421 529 427 529 427 523 433 523 439 523 445 523 439 523 433 523 439 523 445 523 451 523 451 529 445 529 439 529 439 523 445 523 451 523 457 523 463 523 463 517 457 517 463 517 463 523 457 523 451 523 457 523 457 517 451 517 457 517 457 523 463 523 463 517 463 511 469 511 463 511 463 505 457 505 463 505 463 511 469 511 469 517 469 511 469 517 475 517 475 523 475 529 481 529 481 523 481 517 481 523 481 517 481 511 475 511 469 511 463 511 463 517 469 517 469 523 463 523 463 529 457 529 463 529 469 529 475 529 475 523 469 523 469 517 469 511 475 511 475 505 475 511 481 511 487 511 487 517 487 523 487 529 487 523 487 517 487 511 487 505 493 505 499 505 499 499 505 499 499 499 493 499 493 505 499 505 499 499 505 499 505 493 511 493 505 493 505 487 505 481 499 481 499 487 499 493 499 499 493 499 493 493 499 493 493 493 493 499 499 499 499 493 493 493 487 493 487 499 481 499 481 505 481 499 481 505 481 511 481 505 475 505 475 499 475 493 475 487 475 493 475 499 481 499 481 505 481 499 475 499 469 499 475 499 475 493 481 493 475 493 469 493 463 493 463 499 463 493 469 493 475 493 475 499 469 499 469 505 463 505 469 505 469 511 469 517 475 517 469 517 475 517 481 517 475 517 475 523 469 523 469 529 463 529 469 529 469 523 475 523 481 523 481 517 481 523 475 523 475 517 475 511 475 517 481 517 481 523 481 529 481 523 475 523 469 523 469 517 469 523 463 523 463 517 463 523 463 517 469 517 469 511 469 517 469 511 463 511 463 505 463 499 463 505 457 505 451 505 445 505 445 511 451 511 451 505 457 505 463 505 457 505 451 505 451 511 445 511 451 511 451 505 445 505 439 505 433 505 433 511 433 505 433 499 433 505 433 499 433 505 439 505 433 505 439 505 433 505 433 511 439 511 445 511 445 517 445 511 445 505 445 499 439 499 439 493 445 493 439 493 433 493 433 487 427 487 433 487 433 493 439 493 433 493 439 493 445 493 445 499 445 505 451 505 457 505 451 505 445 505 445 511 445 517 445 511 439 511 439 517 433 517 427 517 421 517 427 517 421 517 415 517 409 517 409 511 409 505 415 505 421 505 421 499 421 493 427 493 427 499 427 493 433 493 433 499 439 499 445 499 445 505 439 505 439 499 439 505 433 505 433 499 433 493 427 493 427 487 421 487 421 481 421 475 415 475 415 481 409 481 409 475 409 469 409 463 415 463 415 469 415 463 415 457 415 463 421 463 415 463 415 457 415 463 415 457 415 463 421 463 427 463 433 463 433 469 433 475 433 469 439 469 439 463 445 463 451 463 445 463 445 457 451 457 451 451 457 451 463 451 457 451 457 457 451 457 451 451 445 451 445 445 451 445 445 445 439 445 439 439 439 445 433 445 433 439 427 439 427 445 427 451 427 445 433 445 427 445 421 445 421 451 415 451 415 445 415 451 415 457 409 457 409 451 403 451 403 457 397 457 403 457 409 457 403 457 403 451 409 451 409 445 415 445 409 445 403 445 403 451 409 451 415 451 421 451 427 451 427 445 427 451 427 445 427 451 427 445 421 445 415 445 415 439 415 433 415 427 415 421 415 415 415 409 415 415 415 409 421 409 421 415 421 409 415 409 409 409 409 415 409 421 415 421 421 421 421 415 427 415 427 409 427 403 421 403 427 403 427 397 427 403 427 409 427 415 427 421 427 415 427 409 427 403 427 397 427 391 427 385 427 379 427 373 427 379 427 385 427 391 433 391 433 397 433 391 433 385 433 391 433 397 427 397 433 397 439 397 439 403 439 409 433 409 439 409 433 409 433 415 433 421 439 421 433 421 427 421 427 427 427 421 421 421 421 427 427 427 421 427 421 433 421 439 421 445 427 445 421 445 421 451 421 457 415 457 415 463 421 463 415 463 421 463 421 469 421 475 421 469 415 469 409 469 409 475 415 475 415 481 421 481 421 475 415 475 415 481 415 487 409 487 415 487 409 487 403 487 403 481 403 475 403 481 403 487 403 481 397 481 397 475 397 481 403 481 397 481 397 487 403 487 409 487 409 481 403 481 403 487 409 487 409 493 409 499 403 499 403 505 409 505 409 499 415 499 415 493 421 493 427 493 427 487 433 487 439 487 433 487 427 487 433 487 427 487 421 487 427 487 427 481 421 481 427 481 433 481 433 475 433 469 439 469 445 469 445 475 451 475 451 481 445 481 445 475 445 481 445 475 439 475 439 481 439 487 439 493 433 493 439 493 433 493 433 499 439 499 439 493 439 499 445 499 445 493 445 499 445 505 451 505 457 505 457 499 463 499 463 505 469 505 469 499 469 505 469 511 469 505 463 505 463 511 457 511 457 517 457 511 451 511 445 511 445 505 451 505 445 505 451 505 451 499 445 499 445 505 445 499 445 505 451 505 451 499 445 499 445 493 451 493 457 493 451 493 457 493 463 493 463 487 457 487 457 481 457 487 457 493 457 487 463 487 469 487 469 481 463 481 463 475 463 481 457 481 457 475 457 469 457 463 457 469 457 463 457 469 463 469 469 469 469 475 469 469 469 463 463 463 457 463 463 463 469 463 463 463 463 469 463 463 457 463 451 463 445 463 451 463 451 469 445 469 439 469 433 469 427 469 427 475 421 475 421 481 415 481 415 475 415 469 415 463 415 457 415 451 415 457 409 457 409 463 403 463 403 457 397 457 403 457 403 463 403 469 403 463 403 457 403 463 397 463 403 463 397 463 391 463 391 457 397 457 391 457 391 451 385 451 385 457 391 457 391 451 385 451 385 457 385 451 379 451 379 445 385 445 385 439 385 433 379 433 373 433 379 433 379 439 379 433 379 427 379 433 373 433 373 427 367 427 367 433 367 427 367 433 373 433 367 433 373 433 373 439 373 445 367 445 367 451 361 451 361 445 361 439 361 445 361 451 355 451 361 451 361 457 355 457 349 457 349 451 355 451 355 445 349 445 349 451 343 451 343 457 349 457 343 457 343 451 337 451 337 445 337 451 331 451 331 457 337 457 331 457 331 463 325 463 325 469 319 469 325 469 325 463 325 457 331 457 325 457 319 457 319 451 325 451 325 445 325 451 319 451 319 445 325 445 331 445 331 451 331 457 337 457 337 451 337 457 331 457 331 451 325 451 319 451 319 457 319 463 319 457 313 457 307 457 307 463 307 457 307 451 301 451 307 451 307 445 307 451 313 451 313 445 319 445 313 445 313 439 307 439 307 445 307 451 307 457 313 457 313 463 319 463 319 469 325 469 319 469 319 463 319 469 319 463 325 463 319 463 319 469 325 469 319 469 325 469 325 463 331 463 331 469 331 463 331 457 337 457 331 457 325 457 325 451 325 445 325 439 325 433 319 433 313 433 313 439 313 445 307 445 307 439 307 433 301 433 295 433 301 433 301 427 295 427 295 421 295 427 295 421 295 415 289 415 289 421 289 415 283 415 283 421 289 421 295 421 301 421 301 415 307 415 301 415 301 421 301 427 295 427 289 427 289 421 295 421 289 421 289 427 289 433 295 433 295 439 301 439 295 439 295 445 295 439 289 439 295 439 295 433 295 427 301 427 301 421 301 415 301 409 295 409 301 409 301 403 301 397 301 391 301 385 307 385 307 391 301 391 307 391 301 391 301 397 307 397 313 397 319 397 313 397 307 397 307 391 307 397 307 391 307 397 313 397 319 397 325 397 325 403 325 409 325 403 331 403 325 403 325 397 331 397 331 391 331 397 337 397 337 391 337 385 331 385 331 379 337 379 343 379 349 379 349 385 349 379 355 379 361 379 361 385 367 385 373 385 379 385 379 379 379 373 379 367 373 367 373 361 379 361 373 361 373 355 367 355 367 361 367 367 361 367 361 373 355 373 355 379 355 385 361 385 367 385 361 385 361 379 361 373 367 373 367 379 373 379 379 379 385 379 379 379 373 379 379 379 379 385 373 385 373 379 373 373 373 367 379 367 373 367 367 367 367 361 367 355 373 355 367 355 367 349 361 349 361 355 361 361 361 367 355 367 355 373 355 379 349 379 349 373 343 373 343 379 349 379 343 379 337 379 331 379 337 379 337 373 337 367 343 367 343 373 337 373 337 367 343 367 337 367 331 367 325 367 319 367 325 367 331 367 325 367 331 367 331 361 331 367 331 361 331 367 325 367 325 361 325 355 325 349 325 355 319 355 325 355 325 349 325 343 325 349 325 355 319 355 313 355 313 349 313 343 313 337 313 331 313 337 319 337 319 331 319 337 319 343 325 343 325 349 325 343 325 337 331 337 331 331 331 337 337 337 331 337 325 337 331 337 337 337 331 337 337 337 337 343 343 343 349 343 349 337 349 331 349 337 349 343 355 343 349 343 349 337 349 331 343 331 337 331 337 325 337 319 343 319 343 313 337 313 337 319 343 319 337 319 337 325 337 319 343 319 343 313 349 313 355 313 349 313 355 313 361 313 367 313 373 313 367 313 367 319 373 319 373 313 379 313 379 319 373 319 379 319 379 313 379 307 379 301 385 301 385 307 385 301 385 307 385 313 391 313 385 313 385 319 379 319 373 319 373 313 373 307 379 307 385 307 385 301 391 301 385 301 385 307 391 307 397 307 397 301 397 307 397 301 397 307 403 307 409 307 409 301 409 295 403 295 397 295 397 289 391 289 391 295 397 295 397 301 391 301 397 301 397 307 403 307 397 307 403 307 409 307 403 307 397 307 397 301 397 307 403 307 403 313 403 307 403 313 397 313 403 313 397 313 397 307 391 307 385 307 385 313 385 319 385 325 379 325 379 319 385 319 391 319 391 313 391 319 397 319 391 319 385 319 385 313 391 313 391 307 391 301 391 307 397 307 397 301 397 307 391 307 397 307 397 301 403 301 409 301 403 301 403 307 397 307 397 301 397 307 403 307 403 313 397 313 397 319 397 325 403 325 397 325 403 325 409 325 409 319 403 319 409 319 415 319 421 319 421 313 421 307 421 313 415 313 421 313 421 319 421 325 421 331 415 331 415 325 415 319 415 313 415 319 421 319 421 325 427 325 421 325 415 325 409 325 409 331 409 337 403 337 403 331 409 331 409 337 409 331 409 337 415 337 415 343 421 343 421 337 427 337 427 331 421 331 427 331 421 331 415 331 409 331 415 331 415 337 421 337 415 337 415 343 415 349 415 355 415 361 415 355 421 355 415 355 421 355 421 349 415 349 409 349 409 343 403 343 403 349 397 349 391 349 391 343 391 349 391 343 391 337 397 337 397 331 397 337 397 343 397 337 397 343 397 337 403 337 403 331 403 325 397 325 403 325 409 325 403 325 403 319 403 313 403 319 403 313 397 313 391 313 385 313 391 313 385 313 385 307 391 307 385 307 385 313 385 307 385 313 385 319 391 319 391 325 391 331 391 337 391 331 391 337 397 337 391 337 397 337 397 343 397 337 391 337 391 343 385 343 385 337 385 343 379 343 379 349 385 349 391 349 391 355 391 361 391 355 385 355 379 355 385 355 379 355 379 349 379 355 385 355 391 355 385 355 385 349 385 343 391 343 391 349 385 349 385 355 385 349 385 343 385 349 379 349 385 349 385 355 379 355 373 355 373 361 367 361 361 361 361 355 367 355 373 355 373 349 379 349 373 349 373 343 367 343 367 337 373 337 367 337 373 337 373 331 367 331 367 337 367 331 367 325 373 325 373 319 373 313 373 307 373 301 373 295 379 295 385 295 391 295 391 289 397 289 397 295 397 289 403 289 397 289 391 289 397 289 391 289 391 295 397 295 397 289 403 289 409 289 403 289 403 283 397 283 403 283 397 283 403 283 409 283 409 277 409 283 403 283 409 283 403 283 409 283 415 283 421 283 427 283 421 283 427 283 427 289 427 283 421 283 421 277 427 277 421 277 421 271 427 271 427 277 433 277 439 277 445 277 439 277 439 271 433 271 433 265 433 271 433 265 433 271 433 277 433 283 433 289 439 289 439 283 439 289 439 295 439 301 439 307 445 307 439 307 433 307 433 313 433 307 427 307 433 307 433 301 439 301 445 301 445 295 445 289 445 283 445 277 445 283 439 283 439 277 439 283 439 277 445 277 439 277 439 283 439 289 433 289 439 289 439 295 439 289 439 295 445 295 439 295 439 301 433 301 427 301 421 301 421 307 415 307 409 307 403 307 403 313 403 319 403 325 403 319 403 313 403 319 403 325 403 331 409 331 415 331 415 337 415 343 415 337 421 337 427 337 427 331 421 331 421 325 421 319 415 319 421 319 421 325 427 325 421 325 421 319 427 319 433 319 433 325 427 325 427 331 427 325 427 319 427 325 421 325 421 319 415 319 415 313 415 319 421 319 415 319 415 313 415 319 421 319 421 325 427 325 421 325 421 331 421 337 421 343 415 343 415 349 421 349 421 343 421 349 421 343 421 337 421 331 421 325 415 325 415 331 421 331 421 337 427 337 427 331 427 337 421 337 421 343 421 349 421 355 427 355 421 355 421 361 427 361 427 355 433 355 433 349 439 349 439 343 439 337 445 337 451 337 445 337 445 343 445 349 445 343 451 343 445 343 439 343 433 343 439 343 445 343 451 343 457 343 457 337 451 337 445 337 445 331 445 337 451 337 457 337 463 337 463 331 457 331 463 331 463 337 457 337 457 331 457 337 463 337 457 337 451 337 451 331 445 331 439 331 445 331 439 331 433 331 433 337 433 331 427 331 427 337 427 343 421 343 415 343 415 337 415 343 415 349 409 349 415 349 415 355 421 355 421 361 427 361 433 361 427 361 421 361 415 361 409 361 409 355 409 349 409 343 403 343 403 337 397 337 403 337 409 337 409 331 415 331 421 331 421 337 421 331 415 331 409 331 415 331 415 337 409 337 415 337 415 343 421 343 415 343 415 337 409 337 403 337 403 331 403 325 403 319 403 313 409 313 409 307 403 307 403 301 403 295 409 295 415 295 415 289 421 289 421 283 421 289 421 295 415 295 421 295 421 289 421 295 415 295 415 301 421 301 415 301 421 301 415 301 421 301 421 307 421 301 415 301 421 301 421 295 427 295 427 301 427 295 421 295 415 295 421 295 421 301 427 301 433 301 427 301 427 307 433 307 439 307 439 313 445 313 439 313 445 313 439 313 433 313 433 307 433 301 433 307 433 301 427 301 427 295 421 295 421 301 415 301 409 301 415 301 415 307 415 313 409 313 403 313 403 307 409 307 415 307 415 301 421 301 421 307 427 307 427 313 427 319 433 319 427 319 427 325 421 325 427 325 427 319 427 325 427 319 427 313 433 313 439 313 439 307 445 307 445 301 451 301 445 301 445 295 445 301 451 301 457 301 463 301 463 295 463 301 463 307 463 313 469 313 469 307 463 307 463 313 463 307 469 307 469 301 469 307 475 307 469 307 469 313 469 307 475 307 469 307 469 301 475 301 475 307 481 307 481 301 487 301 487 295 487 289 493 289 499 289 505 289 505 295 499 295 493 295 493 289 493 295 499 295 493 295 487 295 487 289 487 283 481 283 481 289 487 289 493 289 499 289 505 289 511 289 511 283 517 283 517 277 511 277 517 277 517 283 517 277 517 283 523 283 523 277 529 277 535 277 541 277 541 283 541 277 541 271 541 277 547 277 541 277 535 277 535 283 535 277 535 271 529 271 529 277 535 277 535 283 535 277 529 277 529 271 529 277 529 271 529 265 529 259 523 259 529 259 535 259 541 259 547 259 541 259 547 259 541 259 541 265 541 271 541 277 541 271 541 265 541 259 547 259 547 253 553 253 559 253 559 247 559 253 559 259 559 265 553 265 559 265 559 271 559 277 559 271 559 277 559 271 559 277 553 277 553 271 547 271 541 271 541 265 541 259 541 253 541 259 535 259 529 259 529 265 529 259 529 265 523 265 523 259 523 253 517 253 517 259 517 265 523 265 523 259 529 259 535 259 535 253 541 253 541 259 547 259 547 265 553 265 559 265 559 259 565 259 565 253 565 259 565 253 565 247 565 241 571 241 571 235 571 229 571 235 577 235 577 229 583 229 577 229 577 235 583 235 589 235 589 229 583 229 589 229 589 235 583 235 589 235 589 229 595 229 595 223 601 223 601 229 601 235 607 235 601 235 601 229 607 229 607 235 601 235 595 235 589 235 589 241 589 247 583 247 583 253 583 259 577 259 577 265 577 271 571 271 577 271 577 277 577 271 577 265 583 265 583 271 583 265 583 271 589 271 595 271 595 277 595 271 595 277 595 271 601 271 607 271 607 277 607 271 607 277 613 277 613 283 613 289 619 289 613 289 613 283 613 277 613 271 607 271 607 277 607 271 607 277 601 277 595 277 595 271 595 265 595 271 595 265 601 265 601 259 601 253 601 247 595 247 589 247 595 247 589 247 589 253 589 259 583 259 583 265 577 265 577 271 571 271 577 271 571 271 565 271 571 271 565 271 565 265 559 265 559 271 565 271 565 277 565 271 565 277 565 271 565 277 565 283 565 289 565 295 565 289 571 289 565 289 565 295 565 289 565 283 571 283 577 283 577 289 577 295 577 289 583 289 589 289 595 289 595 295 589 295 583 295 589 295 589 301 583 301 583 307 583 313 583 319 583 325 577 325 583 325 583 331 589 331 583 331 583 337 583 331 589 331 589 325 595 325 601 325 601 331 601 325 601 319 595 319 601 319 595 319 589 319 583 319 583 325 583 319 577 319 583 319 583 325 589 325 589 319 589 325 595 325 589 325 589 331 583 331 583 337 583 343 589 343 589 337 589 343 583 343 583 349 583 343 577 343 577 349 577 343 577 337 583 337 583 331 583 337 589 337 589 343 583 343 577 343 577 349 571 349 577 349 583 349 589 349 595 349 589 349 595 349 595 343 589 343 589 349 583 349 583 355 589 355 595 355 595 361 595 355 595 349 601 349 601 355 601 361 607 361 607 355 607 361 607 367 613 367 607 367 607 373 601 373 601 379 601 373 601 367 595 367 595 361 601 361 601 367 601 373 601 367 607 367 613 367 619 367 625 367 625 373 619 373 619 367 613 367 613 361 607 361 601 361 595 361 601 361 601 367 601 361 607 361 613 361 613 355 607 355 607 349 601 349 601 343 595 343 589 343 589 337 583 337 589 337 589 343 589 349 583 349 589 349 595 349 595 355 595 361 601 361 607 361 601 361 601 367 595 367 595 373 595 379 595 385 595 379 589 379 589 385 583 385 583 391 583 397 577 397 577 391 583 391 583 385 583 391 583 385 577 385 571 385 571 391 565 391 571 391 571 385 577 385 577 391 571 391 571 397 565 397 565 403 565 397 565 403 571 403 577 403 577 409 577 403 577 409 577 415 577 421 577 415 583 415 583 421 583 427 583 433 583 427 583 433 583 439 589 439 595 439 601 439 601 433 601 427 595 427 589 427 589 433 595 433 595 439 595 433 589 433 589 427 589 433 589 427 589 421 583 421 583 427 577 427 577 433 571 433 571 439 571 445 571 451 565 451 559 451 559 445 559 439 553 439 559 439 559 445 565 445 565 439 559 439 553 439 553 445 559 445 565 445 565 451 565 457 571 457 571 451 577 451 577 445 583 445 577 445 577 451 577 445 583 445 583 439 583 445 577 445 571 445 577 445 583 445 583 439 583 445 583 451 589 451 589 445 589 439 589 445 589 439 589 433 583 433 583 439 589 439 583 439 577 439 583 439 577 439 583 439 589 439 589 433 595 433 589 433 595 433 601 433 595 433 589 433 583 433 583 439 589 439 589 445 589 451 589 445 595 445 595 451 589 451 589 457 595 457 595 463 601 463 601 457 607 457 613 457 613 451 619 451 625 451 631 451 625 451 631 451 631 457 625 457 625 451 625 457 619 457 619 463 619 457 619 451 625 451 631 451 625 451 625 457 625 463 631 463 631 469 631 463 631 469 637 469 637 463 631 463 631 457 631 463 631 469 631 463 637 463 631 463 631 457 631 451 631 445 637 445 631 445 637 445 637 439 637 445 637 451 643 451 643 445 637 445 643 445 649 445 655 445 655 451 661 451 667 451 673 451 679 451 673 451 679 451 673 451 667 451 667 445 673 445 679 445 679 439 679 433 679 439 679 433 679 427 679 433 685 433 685 427 679 427 685 427 691 427 691 433 691 427 697 427 691 427 685 427 685 421 685 415 679 415 673 415 679 415 679 421 673 421 679 421 679 427 685 427 685 433 685 439 679 439 679 433 679 427 685 427 685 421 685 427 691 427 697 427 697 421 691 421 697 421 697 427 703 427 709 427 709 433 709 439 709 445 709 439 709 433 709 427 715 427 715 421 715 427 721 427 721 433 727 433 733 433 733 439 727 439 727 445 727 439 733 439 727 439 727 445 727 451 733 451 733 457 733 451 733 457 739 457 733 457 727 457 727 451 733 451 733 457 727 457 727 463 733 463 733 457 727 457 727 463 727 457 727 463 733 463 733 469 727 469 733 469 739 469 745 469 739 469 733 469 733 475 727 475 727 469 721 469 721 475 721 481 715 481 715 487 715 481 715 487 709 487 709 493 715 493 709 493 709 487 709 481 709 475 709 481 709 475 703 475 709 475 715 475 709 475 709 469 709 475 709 469 715 469 721 469 727 469 727 463 733 463 733 457 733 463 733 457 733 451 739 451 733 451 739 451 745 451 739 451 733 451 727 451 733 451 733 445 733 439 733 433 733 427 733 421 733 427 733 433 727 433 727 427 733 427 733 433 739 433 739 439 745 439 739 439 745 439 745 445 751 445 745 445 745 451 751 451 745 451 745 457 745 451 745 457 739 457 745 457 745 463 751 463 751 457 757 457 757 463 757 457 763 457 757 457 751 457 751 463 745 463 739 463 733 463 733 469 739 469 733 469 733 475 727 475 733 475 727 475 733 475 739 475 745 475 739 475 739 481 739 475 739 469 739 463 739 469 739 463 745 463 739 463 733 463 739 463 739 469 739 463 745 463 739 463 739 457 733 457 733 463 733 457 727 457 721 457 721 451 727 451 721 451 727 451 727 445 727 451 733 451 733 457 733 451 727 451 727 457 733 457 727 457 727 463 727 469 733 469 727 469 727 463 733 463 739 463 745 463 739 463 745 463 751 463 757 463 757 469 763 469 763 475 763 481 763 487 763 481 763 487 763 493 769 493 775 493 781 493 775 493 769 493 769 487 769 481 769 475 769 481 763 481 763 487 763 481 769 481 769 487 769 493 775 493 769 493 763 493 763 499 763 505 769 505 769 511 769 505 763 505 763 511 769 511 769 517 763 517 763 511 763 517 763 511 769 511 763 511 769 511 769 505 775 505 775 511 781 511 775 511 781 511 775 511 781 511 787 511 787 517 781 517 781 511 781 505 781 499 781 493 787 493 781 493 781 487 781 481 781 487 775 487 775 493 775 499 769 499 775 499 769 499 775 499 775 493 769 493 769 499 775 499 775 493 775 499 775 505 775 499 769 499 769 493 769 499 769 505 775 505 775 499 769 499 769 493 763 493 757 493 757 499 757 505 757 499 763 499 763 493 769 493 763 493 757 493 757 487 751 487 751 493 751 499 745 499 751 499 757 499 751 499 757 499 757 505 757 499 751 499 751 505 751 499 751 493 751 499 751 493 745 493 739 493 733 493 727 493 727 487 727 481 727 487 727 493 727 487 733 487 739 487 739 481 733 481 733 487 727 487 727 481 721 481 721 475 727 475 721 475 727 475 721 475 727 475 727 481 727 475 721 475 715 475 715 481 715 487 715 493 721 493 715 493 721 493 721 487 715 487 715 493 721 493 721 499 715 499 715 505 709 505 703 505 703 511 697 511 697 517 697 511 697 517 697 523 697 517 697 511 697 517 703 517 709 517 715 517 715 523 721 523 715 523 709 523 709 529 703 529 703 535 703 541 703 535 697 535 703 535 703 541 703 547 703 541 697 541 703 541 703 535 703 541 703 535 703 529 703 523 697 523 691 523 685 523 679 523 685 523 679 523 685 523 691 523 685 523 685 517 685 523 685 529 685 535 679 535 679 529 679 535 679 541 679 535 685 535 685 541 679 541 679 547 673 547 667 547 667 541 667 535 673 535 667 535 667 529 673 529 673 523 667 523 667 529 667 535 667 541 667 547 667 553 673 553 679 553 673 553 679 553 679 559 673 559 673 553 673 547 673 553 673 559 667 559 661 559 661 553 655 553 655 547 649 547 643 547 637 547 631 547 625 547 625 541 631 541 631 547 631 553 625 553 625 559 619 559 625 559 631 559 625 559 625 565 631 565 631 571 625 571 631 571 631 565 631 571 631 565 631 559 631 565 631 571 625 571 619 571 619 565 619 571 613 571 619 571 613 571 607 571 607 577 601 577 601 583 601 577 607 577 607 571 601 571 601 565 601 559 601 565 607 565 613 565 607 565 607 559 607 553 613 553 613 547 607 547 601 547 601 553 607 553 607 547 607 541 607 535 601 535 607 535 607 541 601 541 601 547 607 547 613 547 613 541 619 541 619 547 625 547 625 541 625 547 619 547 625 547 625 541 631 541 631 547 631 553 631 559 631 565 631 571 625 571 619 571 613 571 613 565 619 565 619 571 613 571 607 571 607 565 613 565 613 571 613 577 613 583 619 583 619 589 625 589 625 595 631 595 637 595 643 595 643 601 643 595 649 595 643 595 643 589 637 589 637 583 631 583 631 577 631 583 637 583 643 583 643 577 649 577 649 583 649 589 649 583 649 589 655 589 661 589 655 589 661 589 667 589 673 589 673 583 673 589 679 589 679 595 679 589 685 589 685 583 685 577 685 571 679 571 685 571 685 565 685 571 691 571 697 571 697 565 703 565 703 559 703 565 703 571 703 577 703 583 703 577 703 571 703 565 703 559 697 559 697 553 697 547 697 541 691 541 691 547 691 553 691 547 691 553 691 547 697 547 697 553 697 559 691 559 691 553 697 553 697 547 697 541 697 535 697 541 703 541 703 547 703 541 697 541 697 547 703 547 709 547 709 553 703 553 703 559 703 553 703 559 703 565 709 565 709 571 709 565 703 565 703 559 697 559 703 559 697 559 697 553 691 553 691 547 697 547 697 553 697 547 691 547 697 547 691 547 691 553 691 547 697 547 691 547 685 547 679 547 679 541 673 541 673 535 679 535 685 535 685 541 685 547 685 553 691 553 697 553 703 553 703 559 703 553 703 559 709 559 709 553 703 553 697 553 697 559 697 565 697 559 703 559 703 565 703 559 703 565 703 571 703 565 709 565 709 559 709 553 709 559 715 559 715 553 721 553 721 547 721 541 715 541 709 541 709 547 709 541 709 535 709 529 709 523 709 529 715 529 721 529 715 529 715 523 709 523 715 523 715 529 709 529 703 529 697 529 691 529 691 523 691 529 697 529 697 535 703 535 703 529 697 529 697 523 697 529 697 535 697 529 697 523 691 523 685 523 685 529 685 523 691 523 685 523 679 523 679 529 685 529 691 529 697 529 697 523 691 523 691 517 685 517 685 511 691 511 691 517 691 511 697 511 703 511 703 517 703 511 709 511 709 505 709 499 703 499 703 505 697 505 703 505 709 505 709 499 703 499 709 499 709 493 709 499 715 499 715 493 715 487 715 481 721 481 721 475 727 475 727 481 727 475 727 469 721 469 721 463 721 457 727 457 733 457 727 457 727 463 733 463 739 463 745 463 745 469 751 469 751 475 757 475 763 475 763 481 763 487 763 481 763 475 757 475 763 475 769 475 769 469 769 463 
Trace for mobile gateway 1:
625 625 631 625 625 625 625 619 625 625 619 625 625 625 625 619 625 613 625 619 625 613 631 613 631 619 631 625 625 625 631 625 625 625 619 625 625 625 625 619 625 625 625 619 631 619 637 619 643 619 649 619 649 613 655 613 655 619 649 619 649 613 655 613 655 619 655 625 649 625 649 619 643 619 649 619 655 619 661 619 661 613 661 607 667 607 661 607 661 601 655 601 661 601 655 601 661 601 655 601 661 601 667 601 661 601 661 607 661 601 667 601 667 595 667 601 667 607 673 607 667 607 667 613 667 607 673 607 673 601 667 601 667 607 661 607 667 607 667 613 673 613 667 613 661 613 661 607 667 607 667 613 667 619 667 613 667 607 667 613 667 619 661 619 661 613 661 607 661 601 661 607 661 601 661 595 667 595 667 589 667 583 673 583 667 583 661 583 667 583 673 583 679 583 685 583 691 583 691 577 697 577 697 571 697 565 697 559 697 553 691 553 691 559 685 559 685 553 679 553 679 547 673 547 679 547 673 547 673 541 673 547 667 547 667 553 667 547 667 541 667 535 667 541 661 541 667 541 673 541 673 535 667 535 661 535 661 529 661 523 667 523 673 523 673 529 673 535 673 541 679 541 679 547 679 553 685 553 691 553 697 553 697 547 697 553 697 559 697 553 697 559 703 559 703 553 709 553 709 547 715 547 715 541 715 547 715 541 715 535 721 535 727 535 727 529 727 523 721 523 721 529 721 523 715 523 715 517 721 517 721 523 715 523 715 529 721 529 727 529 727 535 721 535 727 535 727 529 733 529 733 523 739 523 739 517 745 517 745 511 739 511 733 511 733 505 733 499 733 505 727 505 727 511 727 505 733 505 739 505 739 511 733 511 733 517 727 517 727 511 721 511 727 511 727 517 727 523 727 517 727 523 727 517 727 511 721 511 715 511 715 505 715 511 715 505 721 505 721 511 715 511 709 511 703 511 703 517 703 511 697 511 697 517 697 523 703 523 703 517 703 511 697 511 697 505 703 505 697 505 691 505 685 505 685 511 679 511 679 517 679 523 685 523 691 523 697 523 697 517 691 517 697 517 697 511 697 517 691 517 697 517 697 523 697 529 697 535 697 541 691 541 691 547 685 547 685 553 691 553 685 553 691 553 691 547 691 553 691 547 691 541 685 541 691 541 691 547 691 553 691 559 697 559 697 565 691 565 685 565 679 565 685 565 679 565 673 565 673 559 667 559 661 559 661 553 661 559 667 559 667 553 673 553 673 559 673 553 673 559 673 553 667 553 673 553 673 547 679 547 679 541 685 541 679 541 685 541 685 547 679 547 679 541 673 541 673 535 667 535 667 541 667 535 667 541 661 541 667 541 673 541 673 535 679 535 673 535 679 535 679 541 673 541 667 541 673 541 673 535 673 541 667 541 667 547 667 553 673 553 679 553 685 553 679 553 679 547 685 547 685 541 685 535 685 529 685 523 685 529 685 535 685 529 685 535 679 535 685 535 679 535 673 535 667 535 667 541 673 541 667 541 661 541 655 541 655 547 649 547 655 547 655 553 655 547 655 553 655 547 649 547 649 541 649 535 649 541 649 547 643 547 643 541 649 541 649 547 643 547 649 547 643 547 637 547 631 547 631 553 637 553 637 559 643 559 637 559 637 565 637 571 631 571 631 577 631 571 625 571 625 577 625 583 619 583 619 577 625 577 625 583 625 589 631 589 637 589 631 589 637 589 637 583 631 583 625 583 631 583 631 589 631 583 631 577 631 571 625 571 625 577 625 571 625 565 631 565 637 565 637 571 637 577 637 571 637 577 637 571 631 571 631 565 637 565 631 565 637 565 643 565 637 565 631 565 631 571 637 571 631 571 625 571 619 571 613 571 619 571 619 565 619 571 619 577 619 583 619 589 625 589 631 589 637 589 637 595 631 595 625 595 631 595 637 595 643 595 643 589 649 589 643 589 649 589 655 589 655 583 661 583 655 583 649 583 649 589 643 589 649 589 649 583 649 589 649 595 655 595 649 595 655 595 649 595 655 595 649 595 649 589 643 589 637 589 631 589 625 589 625 583 625 589 631 589 631 595 631 589 637 589 631 589 631 583 625 583 625 589 619 589 619 595 619 589 625 589 631 589 631 583 631 589 625 589 625 583 625 577 625 583 619 583 619 589 619 583 619 577 613 577 619 577 619 571 619 565 619 571 625 571 625 565 619 565 613 565 619 565 619 571 625 571 625 577 619 577 619 583 625 583 631 583 625 583 625 577 619 577 625 577 625 583 625 577 625 571 631 571 637 571 631 571 631 565 637 565 637 559 637 565 637 559 643 559 637 559 637 553 631 553 631 547 637 547 643 547 637 547 637 541 637 547 637 553 637 547 643 547 643 541 649 541 655 541 649 541 643 541 637 541 637 547 637 553 637 559 637 553 637 559 631 559 625 559 631 559 631 553 631 547 631 553 625 553 625 559 625 565 625 571 619 571 619 577 619 583 619 589 619 595 625 595 625 601 631 601 631 607 637 607 637 601 637 595 637 601 643 601 643 607 637 607 631 607 631 613 631 607 625 607 631 607 631 601 637 601 637 607 643 607 643 601 637 601 631 601 625 601 625 595 625 601 625 595 619 595 619 601 625 601 619 601 613 601 613 607 613 613 607 613 607 607 601 607 607 607 607 613 607 607 607 601 601 601 607 601 607 607 613 607 613 613 613 607 619 607 619 601 613 601 613 607 613 613 613 607 607 607 607 613 613 613 619 613 619 607 619 613 613 613 607 613 613 613 613 619 607 619 607 613 613 613 613 607 607 607 601 607 601 601 601 595 607 595 601 595 601 601 601 595 601 601 601 607 601 601 607 601 607 595 607 601 607 607 607 601 601 601 601 607 601 613 601 619 601 613 601 619 595 619 601 619 601 613 595 613 601 613 595 613 595 607 601 607 601 601 595 601 601 601 601 595 607 595 607 589 607 583 607 589 607 583 607 577 607 571 607 565 601 565 601 559 601 565 607 565 607 571 607 577 613 577 607 577 601 577 601 571 601 565 601 559 601 553 601 559 607 559 613 559 607 559 601 559 607 559 601 559 601 553 601 547 601 541 595 541 589 541 595 541 601 541 601 547 601 541 601 547 607 547 607 553 601 553 601 547 601 541 607 541 607 535 601 535 595 535 595 529 595 523 595 517 589 517 583 517 583 523 589 523 595 523 595 517 589 517 589 511 589 505 595 505 601 505 601 511 607 511 607 517 613 517 607 517 613 517 619 517 619 523 613 523 619 523 625 523 625 517 625 511 625 505 625 511 619 511 613 511 619 511 625 511 631 511 625 511 619 511 625 511 625 505 625 511 631 511 625 511 625 505 625 511 619 511 613 511 613 505 619 505 619 511 625 511 625 505 625 511 625 505 619 505 619 499 625 499 631 499 637 499 637 493 637 499 631 499 625 499 625 493 625 487 625 493 625 487 619 487 625 487 631 487 625 487 625 481 619 481 613 481 607 481 607 487 613 487 619 487 619 493 619 487 619 493 613 493 619 493 619 487 625 487 631 487 625 487 625 481 619 481 613 481 619 481 619 487 625 487 619 487 613 487 607 487 613 487 613 481 619 481 619 487 619 493 619 499 619 493 619 487 619 481 625 481 625 487 625 493 631 493 637 493 637 499 637 505 637 499 643 499 643 493 637 493 643 493 637 493 643 493 649 493 643 493 643 499 643 505 643 499 637 499 637 505 631 505 637 505 643 505 643 511 637 511 643 511 643 517 643 511 649 511 643 511 643 505 649 505 649 499 655 499 649 499 649 493 649 499 655 499 655 493 655 499 655 493 655 487 649 487 649 481 649 487 649 493 649 487 643 487 643 493 649 493 649 487 649 481 649 475 655 475 655 469 655 475 655 469 649 469 649 463 649 469 649 463 649 469 655 469 649 469 649 463 649 457 655 457 649 457 643 457 649 457 643 457 643 451 649 451 643 451 643 457 637 457 643 457 643 463 643 469 649 469 643 469 643 475 637 475 637 469 637 463 643 463 643 469 643 475 643 481 637 481 643 481 643 487 649 487 649 493 649 487 643 487 637 487 643 487 643 481 649 481 649 475 649 469 655 469 655 463 649 463 649 469 655 469 649 469 655 469 661 469 661 475 661 481 661 475 667 475 673 475 667 475 673 475 667 475 673 475 667 475 667 469 667 463 667 469 673 469 679 469 673 469 673 463 679 463 679 457 679 451 679 457 685 457 679 457 685 457 679 457 679 451 685 451 685 445 685 451 685 457 691 457 697 457 697 451 697 457 697 451 703 451 697 451 703 451 697 451 697 445 697 451 703 451 709 451 709 445 703 445 697 445 703 445 703 451 703 457 709 457 709 463 715 463 715 457 715 451 715 445 715 439 709 439 709 433 709 427 703 427 703 433 703 439 697 439 691 439 691 433 697 433 703 433 703 427 709 427 709 421 709 415 709 409 703 409 703 403 703 397 703 391 703 385 703 379 703 385 697 385 697 391 697 397 697 403 691 403 691 397 697 397 697 391 691 391 685 391 685 397 685 391 691 391 697 391 703 391 709 391 709 385 715 385 721 385 715 385 721 385 727 385 733 385 727 385 727 379 727 385 733 385 733 379 739 379 739 373 733 373 739 373 733 373 733 367 733 361 727 361 721 361 721 367 715 367 709 367 709 373 709 367 709 373 709 367 703 367 703 373 703 367 697 367 703 367 703 373 697 373 697 379 697 385 691 385 691 391 691 385 697 385 697 379 691 379 691 373 691 379 697 379 697 373 697 367 691 367 685 367 679 367 685 367 691 367 685 367 685 361 679 361 673 361 673 367 667 367 667 373 661 373 661 379 667 379 661 379 655 379 655 385 649 385 643 385 637 385 643 385 643 379 643 385 649 385 649 379 643 379 643 373 643 367 637 367 643 367 649 367 655 367 655 373 655 379 655 373 655 367 661 367 661 373 667 373 667 379 673 379 673 385 667 385 667 391 667 385 667 379 661 379 661 373 667 373 661 373 667 373 667 367 667 361 661 361 661 367 655 367 655 361 661 361 667 361 673 361 673 367 679 367 673 367 679 367 679 373 679 367 679 361 685 361 679 361 685 361 685 367 685 373 679 373 673 373 673 379 673 373 673 367 673 373 673 367 679 367 679 373 685 373 685 367 691 367 691 361 691 367 691 373 685 373 685 367 679 367 673 367 673 361 673 355 679 355 679 361 679 367 673 367 673 373 667 373 673 373 667 373 673 373 673 379 673 373 673 367 673 361 673 355 673 349 673 355 673 361 679 361 685 361 691 361 691 367 691 361 685 361 685 355 679 355 679 349 685 349 685 355 691 355 691 361 685 361 685 355 685 349 679 349 679 343 685 343 691 343 685 343 679 343 685 343 679 343 685 343 679 343 673 343 673 337 673 343 673 349 673 343 679 343 685 343 685 349 685 343 691 343 697 343 697 349 697 355 703 355 703 361 709 361 709 355 709 349 709 343 709 337 709 331 709 337 709 331 703 331 697 331 697 325 691 325 685 325 685 319 691 319 691 325 697 325 691 325 691 319 691 313 697 313 703 313 697 313 697 307 697 313 697 319 697 313 697 307 697 301 697 295 691 295 691 289 691 283 697 283 703 283 709 283 709 277 709 283 703 283 703 289 703 295 697 295 697 289 691 289 697 289 703 289 703 295 697 295 697 301 703 301 709 301 715 301 709 301 715 301 721 301 727 301 721 301 715 301 715 295 715 289 715 283 721 283 721 289 715 289 709 289 709 283 709 289 703 289 709 289 703 289 697 289 703 289 697 289 703 289 703 295 697 295 697 289 697 283 697 277 697 271 691 271 691 277 697 277 703 277 703 271 709 271 703 271 703 277 703 271 697 271 691 271 685 271 685 277 685 283 691 283 685 283 685 289 685 295 685 289 685 295 691 295 697 295 697 301 697 295 697 301 697 295 697 301 697 307 691 307 685 307 679 307 679 301 679 307 679 301 679 295 685 295 685 289 685 295 679 295 685 295 685 289 685 295 685 289 685 283 685 277 691 277 691 283 697 283 697 277 691 277 691 283 685 283 685 289 679 289 673 289 673 295 667 295 667 289 673 289 673 283 679 283 685 283 685 277 679 277 673 277 673 283 667 283 667 289 667 283 673 283 673 277 673 283 667 283 667 289 661 289 667 289 661 289 655 289 655 295 655 289 655 295 649 295 655 295 655 289 649 289 649 283 643 283 637 283 631 283 631 289 637 289 631 289 631 283 631 277 631 283 637 283 631 283 625 283 631 283 631 277 625 277 625 283 625 289 625 283 625 289 619 289 619 283 613 283 619 283 619 277 613 277 619 277 613 277 613 271 613 277 619 277 613 277 613 283 619 283 613 283 613 289 619 289 625 289 619 289 619 295 625 295 619 295 625 295 625 301 619 301 619 295 613 295 613 289 613 295 607 295 601 295 601 301 595 301 589 301 583 301 577 301 577 307 583 307 577 307 577 301 577 307 577 301 571 301 571 307 577 307 577 301 571 301 565 301 565 295 559 295 553 295 547 295 553 295 547 295 553 295 553 289 559 289 565 289 559 289 565 289 565 283 565 277 565 283 559 283 559 289 559 295 559 301 559 307 559 313 565 313 565 319 565 313 571 313 571 307 565 307 559 307 559 301 565 301 559 301 565 301 559 301 559 307 559 313 559 319 559 313 553 313 547 313 547 307 553 307 559 307 559 301 553 301 553 295 547 295 553 295 559 295 553 295 553 301 547 301 553 301 547 301 553 301 559 301 559 307 565 307 559 307 565 307 565 301 565 295 565 289 571 289 571 295 571 289 571 295 571 289 571 283 565 283 571 283 571 277 571 271 571 277 571 283 565 283 571 283 565 283 571 283 577 283 577 277 583 277 589 277 589 271 583 271 583 265 583 271 583 277 589 277 589 271 595 271 589 271 583 271 577 271 577 277 571 277 571 271 571 277 565 277 565 271 565 277 559 277 559 283 559 277 565 277 571 277 571 271 577 271 583 271 577 271 577 277 571 277 571 283 571 277 577 277 577 271 571 271 571 277 571 271 577 271 583 271 577 271 583 271 583 265 583 259 589 259 583 259 589 259 583 259 583 253 577 253 571 253 577 253 583 253 589 253 589 247 595 247 595 241 601 241 601 247 601 241 607 241 607 235 601 235 601 229 595 229 595 223 595 217 595 223 601 223 595 223 589 223 595 223 595 217 589 217 589 223 589 217 589 223 583 223 577 223 583 223 583 229 583 235 583 229 583 223 589 223 589 217 589 211 583 211 583 205 577 205 583 205 583 211 577 211 583 211 589 211 589 205 583 205 589 205 589 199 595 199 589 199 589 193 589 199 583 199 583 193 577 193 571 193 565 193 565 187 565 193 565 187 559 187 565 187 565 181 559 181 559 175 565 175 565 181 571 181 565 181 571 181 577 181 571 181 577 181 583 181 583 187 583 181 583 187 589 187 583 187 583 181 577 181 577 175 583 175 589 175 589 169 583 169 583 163 583 157 577 157 577 163 571 163 577 163 577 157 577 163 571 163 577 163 577 157 577 163 577 157 583 157 589 157 589 163 595 163 601 163 607 163 613 163 613 169 613 163 619 163 613 163 607 163 607 169 607 175 613 175 613 181 613 187 607 187 601 187 601 193 595 193 595 187 589 187 583 187 589 187 595 187 589 187 583 187 583 193 583 187 577 187 583 187 589 187 589 181 595 181 595 187 595 193 601 193 607 193 607 187 613 187 619 187 625 187 631 187 631 181 631 187 637 187 643 187 643 181 643 187 637 187 637 181 637 187 637 193 637 199 631 199 631 193 631 199 631 205 631 199 631 205 631 199 631 205 637 205 643 205 637 205 631 205 637 205 631 205 637 205 631 205 631 199 631 205 637 205 637 211 631 211 637 211 643 211 643 217 637 217 637 211 643 211 643 205 643 199 643 205 649 205 649 211 655 211 649 211 643 211 637 211 643 211 649 211 655 211 655 205 655 211 655 217 661 217 667 217 667 211 667 205 667 211 667 217 667 223 661 223 667 223 673 223 679 223 685 223 679 223 679 229 679 235 679 241 673 241 673 235 679 235 679 229 685 229 679 229 673 229 673 235 673 229 679 229 673 229 679 229 679 223 679 217 679 211 679 205 685 205 679 205 679 211 673 211 673 217 679 217 679 223 673 223 667 223 667 217 673 217 667 217 673 217 673 211 673 217 673 211 679 211 673 211 673 205 679 205 679 199 685 199 685 193 685 199 685 205 685 211 685 205 685 211 685 205 685 211 685 205 691 205 685 205 685 199 679 199 679 205 679 199 679 205 685 205 685 199 685 205 691 205 691 211 685 211 685 217 685 223 685 229 691 229 685 229 685 235 691 235 691 241 691 235 691 229 685 229 679 229 679 235 679 229 679 235 679 241 679 247 685 247 685 253 685 247 679 247 679 253 685 253 685 259 691 259 691 253 691 259 685 259 691 259 691 253 691 247 691 253 691 247 691 241 685 241 685 247 685 241 691 241 685 241 685 235 685 241 691 241 685 241 679 241 673 241 667 241 661 241 661 247 655 247 649 247 649 253 649 259 649 265 655 265 661 265 661 271 661 277 661 271 667 271 661 271 667 271 661 271 661 277 661 271 667 271 661 271 667 271 673 271 673 277 667 277 661 277 667 277 667 271 673 271 679 271 685 271 685 277 691 277 691 271 691 277 691 283 691 277 697 277 703 277 709 277 709 283 709 289 709 295 703 295 703 289 709 289 715 289 721 289 727 289 727 295 727 289 727 283 727 277 721 277 721 283 721 277 721 271 715 271 721 271 715 271 715 277 709 277 709 271 709 277 703 277 703 271 697 271 697 277 703 277 703 283 703 277 697 277 697 283 703 283 703 289 703 295 703 289 709 289 715 289 715 295 715 289 721 289 715 289 715 295 721 295 721 301 715 301 709 301 715 301 721 301 721 295 721 289 721 283 721 277 721 271 727 271 727 265 721 265 721 259 721 253 727 253 721 253 727 253 721 253 721 247 721 241 715 241 715 247 721 247 715 247 709 247 703 247 697 247 691 247 685 247 685 253 685 259 685 265 691 265 691 271 697 271 691 271 691 277 691 271 697 271 697 265 691 265 691 259 691 253 691 247 691 253 697 253 703 253 703 259 697 259 697 265 697 259 691 259 697 259 691 259 691 253 697 253 691 253 685 253 685 259 691 259 685 259 691 259 691 265 697 265 703 265 709 265 703 265 697 265 703 265 703 271 703 277 703 271 703 265 709 265 709 259 715 259 721 259 727 259 721 259 721 253 715 253 709 253 709 247 715 247 709 247 709 253 709 259 703 259 703 265 709 265 709 259 709 253 703 253 709 253 709 259 703 259 697 259 697 253 697 259 697 253 697 259 691 259 697 259 697 265 703 265 703 259 709 259 709 253 703 253 697 253 697 247 703 247 709 247 709 241 703 241 703 235 697 235 691 235 697 235 697 241 691 241 691 235 697 235 691 235 697 235 697 241 697 235 697 241 697 235 697 229 697 235 697 229 691 229 697 229 691 229 691 235 691 229 691 223 691 217 697 217 691 217 697 217 703 217 703 223 703 229 709 229 715 229 715 223 721 223 715 223 709 223 709 217 715 217 715 211 715 217 715 211 715 205 715 211 715 217 709 217 715 217 721 217 721 211 715 211 715 205 715 199 715 205 721 205 727 205 727 199 727 193 721 193 721 187 727 187 727 193 727 187 727 181 733 181 733 187 733 181 733 175 733 169 733 163 739 163 733 163 727 163 721 163 715 163 715 157 715 163 715 157 709 157 709 151 703 151 697 151 697 157 703 157 709 157 709 151 715 151 715 145 721 145 715 145 721 145 727 145 721 145 727 145 721 145 721 151 721 145 715 145 721 145 715 145 715 139 715 145 715 151 721 151 721 145 715 145 715 139 715 133 709 133 703 133 703 139 697 139 697 133 697 127 697 133 703 133 697 133 691 133 691 139 685 139 679 139 685 139 685 133 691 133 691 139 697 139 703 139 703 133 709 133 709 127 709 133 709 127 709 133 715 133 715 127 709 127 709 121 715 121 715 127 715 133 715 127 721 127 721 133 721 127 727 127 727 133 727 139 733 139 733 133 733 139 739 139 739 133 739 139 739 133 739 139 739 145 745 145 745 139 745 145 745 151 751 151 745 151 751 151 751 145 745 145 745 151 745 145 751 145 757 145 757 139 757 133 763 133 763 127 763 133 763 127 769 127 775 127 775 121 769 121 775 121 775 127 769 127 763 127 769 127 763 127 769 127 769 133 775 133 775 127 769 127 775 127 775 133 781 133 787 133 793 133 799 133 805 133 799 133 805 133 805 139 811 139 811 145 817 145 817 139 817 145 823 145 829 145 835 145 841 145 841 139 835 139 829 139 835 139 841 139 841 145 841 151 835 151 841 151 847 151 847 157 847 151 847 157 847 151 841 151 841 145 841 139 841 133 847 133 853 133 853 139 853 133 853 139 847 139 847 145 847 151 853 151 853 157 859 157 859 151 859 157 865 157 871 157 865 157 859 157 859 163 859 157 859 163 865 163 865 169 865 175 859 175 865 175 865 181 871 181 865 181 865 175 865 169 859 169 859 163 853 163 853 157 853 151 847 151 853 151 847 151 847 145 841 145 835 145 829 145 829 151 829 145 829 151 829 145 823 145 823 151 823 157 829 157 829 163 829 157 823 157 823 163 817 163 817 157 823 157 829 157 835 157 835 163 835 169 841 169 841 175 841 181 847 181 847 187 853 187 859 187 853 187 859 187 859 181 853 181 859 181 859 175 853 175 853 181 853 187 853 181 853 175 853 181 853 175 847 175 841 175 847 175 853 175 853 169 853 163 853 157 847 157 841 157 847 157 841 157 841 151 847 151 853 151 847 151 841 151 841 145 847 145 841 145 847 145 853 145 847 145 847 151 847 145 847 151 841 151 841 145 847 145 847 139 847 133 847 127 847 121 853 121 853 115 859 115 865 115 865 121 865 115 871 115 871 121 871 115 877 115 871 115 871 109 865 109 865 115 865 121 865 115 859 115 865 115 871 115 871 109 871 103 871 97 871 103 871 97 877 97 883 97 877 97 877 91 871 91 871 97 871 103 871 109 871 103 865 103 865 109 865 103 865 97 871 97 877 97 877 91 871 91 871 85 871 79 871 73 871 67 871 61 871 55 865 55 865 61 871 61 871 67 871 73 865 73 865 79 859 79 859 85 865 85 871 85 865 85 865 79 871 79 871 73 877 73 883 73 883 79 883 85 877 85 877 79 871 79 865 79 865 85 865 79 859 79 859 85 853 85 847 85 847 79 847 73 841 73 841 79 841 73 835 73 835 67 835 61 841 61 841 67 847 67 841 67 847 67 847 61 847 67 853 67 853 61 853 55 853 49 859 49 865 49 871 49 871 43 865 43 865 49 871 49 877 49 877 43 877 49 877 55 877 61 871 61 865 61 865 67 865 61 865 55 871 55 865 55 865 61 871 61 877 61 871 61 877 61 883 61 889 61 883 61 883 55 883 49 889 49 895 49 895 55 895 49 895 43 895 49 901 49 907 49 907 43 907 49 913 49 907 49 907 55 907 49 907 43 913 43 907 43 907 37 913 37 913 43 907 43 907 37 901 37 895 37 901 37 901 31 895 31 895 25 901 25 895 25 895 19 901 19 901 25 895 25 895 19 901 19 901 13 901 7 895 7 895 1 889 1 895 1 901 1 907 1 901 1 901 7 895 7 889 7 883 7 877 7 871 7 865 7 871 7 877 7 883 7 883 13 883 19 889 19 889 25 889 19 883 19 889 19 895 19 889 19 883 19 883 13 883 7 889 7 883 7 889 7 883 7 877 7 877 1 871 1 871 1 871 1 877 1 883 1 883 1 877 1 871 1 877 1 877 1 877 1 877 1 883 1 883 1 883 1 883 1 883 1 883 7 889 7 895 7 895 1 889 1 889 7 883 7 889 7 889 13 883 13 877 13 877 19 883 19 877 19 871 19 877 19 883 19 883 25 883 19 889 19 895 19 901 19 907 19 913 19 919 19 925 19 925 13 931 13 931 19 931 13 937 13 937 19 937 13 937 7 937 13 937 7 943 7 943 13 943 19 949 19 949 13 949 7 943 7 943 13 943 7 943 13 943 7 937 7 931 7 925 7 931 7 931 1 931 7 931 13 925 13 919 13 919 19 919 13 919 19 919 25 919 31 925 31 925 37 925 31 925 25 925 31 925 25 931 25 937 25 937 19 943 19 943 25 949 25 949 31 955 31 949 31 955 31 955 25 961 25 961 19 961 25 955 25 955 19 961 19 961 13 955 13 949 13 949 19 949 13 943 13 937 13 931 13 925 13 931 13 937 13 931 13 937 13 931 13 931 19 925 19 925 25 925 19 919 19 919 13 913 13 913 19 907 19 913 19 919 19 919 25 925 25 919 25 925 25 925 19 919 19 919 13 919 7 913 7 913 13 913 19 913 13 907 13 907 19 907 13 907 7 907 13 913 13 919 13 913 13 919 13 919 19 919 13 925 13 919 13 919 19 913 19 913 25 913 19 907 19 901 19 901 25 895 25 895 19 889 19 889 25 889 19 889 13 883 13 883 19 889 19 889 13 895 13 895 7 901 7 907 7 901 7 901 13 907 13 901 13 907 13 913 13 907 13 907 7 907 1 901 1 907 1 913 1 913 1 907 1 901 1 907 1 901 1 901 1 901 1 901 7 901 1 901 1 907 1 907 1 907 1 907 1 901 1 895 1 895 7 901 7 907 7 913 7 907 7 907 1 901 1 907 1 913 1 907 1 907 7 907 1 913 1 913 1 913 1 907 1 907 7 907 13 913 13 919 13 913 13 919 13 913 13 919 13 913 13 913 19 919 19 925 19 925 13 919 13 913 13 913 7 913 1 913 7 919 7 925 7 931 7 937 7 937 1 931 1 937 1 937 1 931 1 931 1 937 1 937 7 943 7 949 7 949 13 949 19 949 13 949 19 943 19 943 25 943 19 943 13 943 19 943 25 937 25 937 31 937 25 931 25 931 19 937 19 937 13 943 13 937 13 937 7 931 7 925 7 919 7 913 7 919 7 925 7 931 7 937 7 931 7 931 1 937 1 931 1 937 1 943 1 937 1 937 1 931 1 931 7 931 13 931 7 931 1 937 1 937 1 931 1 931 7 925 7 925 13 919 13 913 13 919 13 913 13 913 19 913 25 919 25 919 19 919 13 925 13 925 19 925 13 925 19 925 13 931 13 925 13 931 13 937 13 937 7 943 7 937 7 937 13 937 19 943 19 943 13 937 13 937 7 937 13 937 19 943 19 949 19 955 19 955 13 961 13 961 7 961 13 967 13 967 19 973 19 973 13 967 13 973 13 973 7 973 1 979 1 979 1 979 1 985 1 991 1 991 7 985 7 979 7 973 7 973 13 967 13 961 13 955 13 955 19 955 25 961 25 961 19 961 25 955 25 949 25 955 25 949 25 949 19 949 13 949 19 955 19 955 25 955 31 961 31 967 31 967 37 973 37 973 43 967 43 967 37 967 31 967 37 961 37 961 31 961 37 967 37 973 37 973 31 979 31 985 31 985 25 979 25 985 25 985 31 991 31 991 25 997 25 1003 25 1009 25 1003 25 1003 19 1003 25 1009 25 1009 19 1009 25 1003 25 1009 25 1009 19 1003 19 997 19 997 25 997 31 1003 31 1009 31 1003 31 997 31 997 37 1003 37 1003 31 1003 37 997 37 997 31 997 37 997 31 997 37 997 43 997 49 997 55 997 49 991 49 985 49 985 55 991 55 991 61 985 61 979 61 973 61 973 67 973 73 973 67 979 67 985 67 979 67 973 67 973 61 973 67 973 73 973 67 973 73 967 73 973 73 967 73 973 73 979 73 973 73 973 67 967 67 967 61 961 61 961 67 961 73 961 79 961 73 967 73 961 73 967 73 967 67 967 61 967 67 967 61 967 55 967 49 967 43 961 43 961 37 955 37 955 31 955 37 955 31 955 25 955 19 949 19 949 13 949 7 949 1 955 1 955 7 955 1 955 1 949 1 949 7 949 1 955 1 949 1 949 1 955 1 955 1 955 1 961 1 961 1 961 7 967 7 967 13 961 13 967 13 973 13 979 13 985 13 991 13 991 7 991 13 985 13 985 19 991 19 985 19 985 13 979 13 985 13 979 13 973 13 979 13 985 13 985 19 979 19 973 19 979 19 973 19 967 19 961 19 967 19 961 19 961 25 961 19 967 19 967 13 973 13 967 13 961 13 967 13 967 7 967 1 961 1 961 1 955 1 949 1 949 1 955 1 961 1 967 1 967 1 967 1 961 1 961 1 955 1 961 1 961 7 967 7 967 1 967 1 967 1 967 1 973 1 973 7 979 7 979 13 985 13 979 13 973 13 973 19 973 13 973 19 973 25 979 25 973 25 973 31 973 37 979 37 979 43 973 43 967 43 967 37 967 31 967 25 967 31 961 31 967 31 973 31 973 25 973 31 967 31 973 31 967 31 961 31 967 31 961 31 967 31 967 37 967 43 961 43 955 43 955 49 955 55 961 55 961 49 961 43 961 49 961 55 961 61 961 67 961 73 961 67 961 61 961 55 967 55 967 49 967 43 967 37 967 31 967 25 973 25 967 25 973 25 973 19 979 19 973 19 979 19 973 19 973 13 973 7 973 1 973 1 973 1 973 1 973 7 979 7 985 7 985 1 985 1 991 1 991 7 991 1 991 1 991 1 991 1 997 1 991 1 991 1 991 7 991 13 985 13 985 7 991 7 997 7 991 7 991 13 997 13 1003 13 1009 13 1015 13 1021 13 1021 7 1015 7 1015 1 1009 1 1009 7 1009 13 1009 19 1015 19 1009 19 1003 19 1009 19 1003 19 997 19 997 25 991 25 991 19 991 25 997 25 997 31 1003 31 1003 37 997 37 997 43 991 43 985 43 985 37 979 37 985 37 991 37 985 37 985 31 985 25 985 31 991 31 991 37 985 37 991 37 991 31 997 31 997 37 991 37 985 37 991 37 985 37 991 37 985 37 979 37 979 43 985 43 985 49 985 55 991 55 985 55 991 55 991 49 985 49 985 55 985 49 985 43 991 43 985 43 991 43 991 37 991 31 991 25 991 19 991 13 985 13 985 7 985 1 991 1 991 7 997 7 1003 7 1003 13 997 13 997 7 991 7 985 7 979 7 973 7 979 7 985 7 985 1 985 1 979 1 979 7 979 1 979 1 979 7 985 7 985 13 985 7 991 7 985 7 985 1 991 1 997 1 991 1 991 7 991 1 991 7 991 13 997 13 991 13 985 13 985 19 991 19 997 19 997 13 991 13 997 13 991 13 991 19 997 19 1003 19 997 19 1003 19 997 19 1003 19 997 19 991 19 991 25 991 19 991 13 991 19 997 19 997 25 1003 25 997 25 991 25 985 25 979 25 979 31 979 25 979 31 979 25 979 31 979 37 979 31 979 37 973 37 973 31 973 25 967 25 973 25 979 25 979 31 985 31 991 31 997 31 1003 31 997 31 997 37 997 31 1003 31 997 31 991 31 997 31 1003 31 997 31 997 25 991 25 991 31 997 31 1003 31 1003 37 1009 37 1003 37 1003 43 1003 49 1009 49 1009 43 1009 49 1003 49 1003 43 1009 43 1009 37 1015 37 1009 37 1003 37 1009 37 1009 31 1009 25 1015 25 1015 31 1015 25 1021 25 1027 25 1021 25 1021 31 1015 31 1015 25 1021 25 1021 31 1015 31 1021 31 1021 25 1015 25 1015 31 1015 37 1015 43 1021 43 1021 37 1015 37 1015 43 1015 37 1015 31 1009 31 1009 25 1015 25 1021 25 1027 25 1033 25 1027 25 1027 31 1033 31 1027 31 1021 31 1015 31 1015 25 1009 25 1015 25 1015 31 1015 37 1021 37 1021 43 1027 43 1021 43 1027 43 1027 49 1027 55 1027 61 1027 55 1027 61 1021 61 1027 61 1027 55 1021 55 1021 61 1015 61 1021 61 1021 67 1027 67 1027 61 1033 61 1033 67 1033 73 1027 73 1033 73 1039 73 1039 67 1033 67 1033 73 1027 73 1027 67 1027 73 1033 73 1039 73 1033 73 1033 67 1039 67 1039 73 1039 79 1033 79 1033 85 1033 91 1027 91 1021 91 1021 97 1021 91 1015 91 1021 91 1021 97 1015 97 1015 91 1015 97 1021 97 1027 97 1021 97 1021 103 1021 97 1021 91 1027 91 1027 85 1027 91 1021 91 1021 85 1021 79 1027 79 1027 73 1021 73 1027 73 1033 73 1033 67 1039 67 1045 67 1045 61 1045 67 1045 61 1051 61 1051 55 1051 61 1057 61 1063 61 1057 61 1057 55 1063 55 1057 55 1063 55 1057 55 1057 61 1057 67 1057 73 1063 73 1063 67 1057 67 1051 67 1051 73 1057 73 1057 67 
Trace for attacker:
625 1 625 2 626 2 625 2 625 3 626 3 626 2 626 3 626 4 625 4 624 4 625 4 625 5 624 5 623 5 622 5 622 6 622 5 622 6 622 7 622 6 621 6 620 6 620 7 619 7 619 8 619 9 618 9 619 9 618 9 617 9 618 9 617 9 617 10 618 10 618 9 618 10 619 10 620 10 621 10 620 10 620 11 621 11 622 11 623 11 622 11 622 10 621 10 621 11 621 10 621 11 621 10 620 10 619 10 620 10 620 11 620 10 621 10 621 9 621 8 620 8 620 9 620 10 620 11 620 10 619 10 619 9 619 8 619 7 618 7 618 6 617 6 618 6 617 6 618 6 618 7 618 8 617 8 618 8 619 8 618 8 618 7 619 7 618 7 618 8 619 8 620 8 620 9 620 8 620 7 620 6 621 6 620 6 621 6 620 6 620 7 620 6 621 6 621 5 621 6 621 5 621 6 620 6 620 5 620 6 621 6 621 5 620 5 621 5 620 5 620 6 619 6 620 6 619 6 619 5 620 5 621 5 622 5 621 5 620 5 621 5 622 5 622 4 623 4 622 4 622 5 621 5 620 5 621 5 620 5 621 5 622 5 622 6 623 6 622 6 623 6 623 7 622 7 623 7 622 7 623 7 623 6 622 6 621 6 620 6 621 6 622 6 623 6 623 5 622 5 622 6 622 5 622 4 621 4 622 4 623 4 622 4 623 4 623 3 623 4 623 3 623 4 623 5 623 4 624 4 624 3 624 4 624 3 624 4 623 4 623 5 623 4 624 4 624 5 625 5 626 5 627 5 628 5 628 4 627 4 626 4 625 4 625 5 625 4 625 5 625 4 624 4 624 3 623 3 624 3 624 4 623 4 623 3 623 4 623 5 622 5 621 5 622 5 621 5 621 6 621 7 620 7 619 7 618 7 619 7 619 8 620 8 621 8 622 8 622 9 622 10 622 9 623 9 623 10 622 10 622 9 622 8 622 9 622 8 622 7 623 7 624 7 624 8 624 9 624 8 624 7 624 6 624 5 623 5 624 5 624 6 623 6 624 6 623 6 623 5 624 5 624 6 625 6 625 7 625 8 626 8 626 7 625 7 626 7 625 7 625 6 625 7 625 6 625 5 625 4 624 4 623 4 622 4 621 4 620 4 619 4 618 4 617 4 616 4 616 5 615 5 615 6 615 5 614 5 615 5 614 5 614 4 614 5 614 6 614 7 614 8 615 8 615 7 616 7 617 7 617 8 618 8 618 9 617 9 617 8 618 8 619 8 618 8 618 9 619 9 618 9 619 9 620 9 620 10 620 11 620 10 621 10 620 10 621 10 621 9 621 10 621 9 622 9 621 9 620 9 620 8 620 9 620 10 620 9 621 9 621 8 621 9 621 10 620 10 620 11 621 11 621 12 622 12 622 13 623 13 624 13 625 13 625 14 626 14 626 15 626 16 625 16 625 17 625 18 625 17 624 17 624 18 623 18 624 18 624 17 625 17 624 17 625 17 624 17 623 17 623 18 623 17 622 17 622 16 621 16 621 15 621 14 622 14 622 13 621 13 620 13 620 12 621 12 621 11 622 11 622 10 622 9 622 10 622 11 621 11 621 10 621 11 621 10 620 10 619 10 619 9 620 9 620 8 620 7 621 7 621 6 622 6 623 6 623 7 623 8 624 8 625 8 625 7 625 6 625 5 625 4 626 4 627 4 626 4 626 3 625 3 624 3 624 2 624 3 624 2 624 1 624 1 624 2 625 2 625 3 625 2 625 3 624 3 624 2 623 2 623 3 623 2 623 3 622 3 622 2 622 1 622 2 621 2 621 3 622 3 623 3 623 2 623 3 623 4 622 4 622 3 622 4 622 3 623 3 623 2 622 2 622 1 623 1 624 1 623 1 623 1 623 1 624 1 624 2 625 2 625 3 625 4 625 5 625 6 625 7 625 6 624 6 624 7 624 8 623 8 623 7 623 8 624 8 623 8 624 8 624 7 625 7 625 6 624 6 625 6 625 5 626 5 626 6 627 6 627 7 627 6 627 7 627 8 628 8 628 7 629 7 629 6 630 6 630 5 631 5 631 6 630 6 629 6 629 5 629 4 629 5 629 6 629 5 629 4 630 4 630 3 631 3 630 3 629 3 628 3 628 2 628 1 629 1 629 1 629 2 629 1 629 1 630 1 629 1 630 1 631 1 631 2 631 3 631 2 631 3 631 4 632 4 631 4 632 4 633 4 633 3 633 4 633 5 632 5 632 6 632 7 633 7 633 6 634 6 635 6 634 6 634 7 633 7 634 7 634 8 635 8 635 7 635 8 635 7 634 7 635 7 635 8 635 7 634 7 634 6 634 5 635 5 635 4 635 3 635 4 634 4 635 4 634 4 634 5 633 5 634 5 634 4 634 3 635 3 635 2 635 3 635 2 634 2 634 1 635 1 635 2 636 2 637 2 638 2 637 2 637 3 636 3 636 2 635 2 635 1 635 2 635 3 634 3 633 3 632 3 631 3 630 3 629 3 629 4 629 5 629 6 630 6 631 6 630 6 629 6 629 7 629 6 629 7 630 7 630 6 630 5 631 5 631 6 631 7 631 6 631 5 630 5 631 5 631 4 630 4 630 5 629 5 629 4 629 3 630 3 629 3 628 3 629 3 629 4 629 5 629 4 630 4 630 5 630 6 630 7 629 7 630 7 631 7 631 6 630 6 631 6 630 6 630 5 630 6 630 7 631 7 632 7 631 7 631 8 631 7 632 7 633 7 634 7 634 8 633 8 632 8 632 9 633 9 633 10 633 11 632 11 631 11 631 12 631 13 630 13 630 12 629 12 630 12 631 12 631 13 630 13 631 13 630 13 630 12 630 11 630 12 631 12 632 12 631 12 631 13 631 12 630 12 629 12 630 12 631 12 632 12 633 12 634 12 634 13 634 14 633 14 633 15 633 14 633 13 632 13 632 12 633 12 633 11 633 12 633 13 634 13 634 14 635 14 634 14 635 14 636 14 636 15 636 14 636 15 635 15 635 14 635 15 635 16 636 16 636 15 636 14 636 15 635 15 635 14 636 14 635 14 636 14 635 14 635 15 636 15 636 14 637 14 637 15 638 15 639 15 638 15 639 15 638 15 638 14 639 14 638 14 638 15 638 16 638 15 638 14 637 14 636 14 636 13 636 14 635 14 635 15 635 14 636 14 636 15 635 15 636 15 635 15 635 14 635 13 635 12 634 12 634 13 634 12 634 11 634 12 633 12 633 13 633 12 633 11 633 12 633 13 634 13 634 14 635 14 634 14 633 14 633 13 632 13 633 13 632 13 632 12 632 13 633 13 633 14 632 14 633 14 633 13 632 13 632 12 633 12 633 11 634 11 635 11 635 10 635 9 635 10 636 10 636 11 635 11 635 10 634 10 634 11 635 11 634 11 633 11 634 11 634 12 633 12 633 13 633 12 632 12 633 12 633 11 634 11 634 12 634 11 634 12 635 12 634 12 634 11 633 11 634 11 634 12 634 11 635 11 635 12 634 12 633 12 633 13 633 12 633 11 633 12 633 13 632 13 632 14 632 13 632 14 633 14 633 15 632 15 632 14 632 13 631 13 630 13 631 13 631 14 630 14 630 13 629 13 630 13 629 13 628 13 628 14 628 15 627 15 628 15 627 15 627 16 628 16 629 16 629 15 628 15 628 16 628 17 628 16 627 16 628 16 628 17 629 17 630 17 630 16 629 16 629 15 629 14 629 13 629 14 629 15 629 16 628 16 628 17 628 16 628 15 629 15 628 15 627 15 627 14 626 14 625 14 626 14 626 13 626 14 627 14 628 14 627 14 626 14 627 14 626 14 625 14 626 14 626 15 625 15 625 14 625 13 624 13 625 13 625 14 625 15 626 15 625 15 626 15 626 16 627 16 626 16 625 16 626 16 626 17 626 16 625 16 626 16 627 16 626 16 626 15 626 16 626 15 625 15 625 14 626 14 625 14 625 13 625 14 626 14 626 15 626 16 625 16 625 17 626 17 627 17 627 16 628 16 628 15 629 15 629 16 629 15 629 16 629 17 629 18 629 19 629 20 630 20 630 19 629 19 628 19 629 19 630 19 630 20 631 20 631 21 632 21 631 21 632 21 631 21 632 21 632 22 632 23 632 22 633 22 633 21 633 22 633 23 633 24 633 23 632 23 632 24 631 24 631 25 630 25 630 26 630 27 630 26 630 27 630 28 631 28 631 27 631 26 631 27 631 26 631 27 631 26 631 25 630 25 629 25 629 26 628 26 629 26 629 25 629 26 629 27 630 27 630 26 629 26 630 26 630 25 630 26 631 26 631 27 631 26 632 26 631 26 631 27 632 27 632 26 632 27 632 28 631 28 632 28 633 28 634 28 634 27 634 26 634 27 634 26 635 26 634 26 635 26 635 27 634 27 635 27 635 28 636 28 637 28 637 29 636 29 637 29 637 28 637 29 637 28 637 29 637 28 637 29 637 28 638 28 637 28 637 27 637 28 637 27 638 27 639 27 639 28 639 29 640 29 641 29 641 30 640 30 640 31 640 30 641 30 641 31 642 31 641 31 642 31 642 30 642 31 643 31 642 31 642 32 643 32 643 33 644 33 644 32 643 32 643 31 643 32 644 32 644 31 644 32 645 32 644 32 643 32 643 33 642 33 643 33 642 33 641 33 641 32 641 31 642 31 643 31 644 31 644 32 644 33 644 32 644 31 644 30 645 30 645 31 646 31 647 31 648 31 649 31 650 31 650 32 651 32 650 32 651 32 650 32 649 32 650 32 651 32 651 31 651 32 651 31 652 31 652 32 651 32 651 33 651 32 652 32 652 33 651 33 651 32 651 31 652 31 653 31 654 31 655 31 655 30 656 30 657 30 658 30 658 31 657 31 656 31 656 32 656 31 656 30 655 30 656 30 657 30 656 30 657 30 657 31 657 30 656 30 656 31 656 32 657 32 656 32 657 32 656 32 655 32 655 33 655 34 655 33 655 32 656 32 657 32 657 33 657 32 657 31 657 32 658 32 658 33 659 33 659 34 659 33 660 33 660 32 661 32 660 32 660 33 661 33 660 33 659 33 659 34 658 34 658 35 658 36 657 36 658 36 657 36 657 35 657 36 657 37 657 38 656 38 656 37 655 37 656 37 655 37 654 37 655 37 655 36 655 35 655 36 655 35 655 36 655 35 655 34 655 33 656 33 656 34 655 34 654 34 655 34 654 34 654 35 655 35 656 35 657 35 658 35 658 36 658 35 659 35 658 35 657 35 658 35 657 35 658 35 658 36 658 35 658 34 658 33 658 34 659 34 658 34 657 34 658 34 658 35 658 34 658 33 658 34 658 33 658 32 657 32 657 33 656 33 657 33 656 33 656 32 656 33 656 32 655 32 654 32 654 31 653 31 653 30 653 31 652 31 652 30 653 30 654 30 655 30 654 30 654 31 655 31 656 31 655 31 656 31 656 30 656 29 655 29 655 30 656 30 656 29 656 30 655 30 656 30 655 30 656 30 657 30 657 31 656 31 656 30 656 31 655 31 655 30 656 30 656 29 656 28 655 28 655 27 655 28 655 27 655 28 656 28 656 29 656 28 655 28 654 28 655 28 654 28 655 28 654 28 654 27 655 27 654 27 655 27 655 26 654 26 655 26 655 25 656 25 657 25 658 25 659 25 658 25 658 24 657 24 657 25 658 25 658 26 658 27 659 27 658 27 658 28 657 28 657 29 657 28 656 28 656 27 657 27 656 27 656 26 656 27 657 27 657 26 658 26 659 26 658 26 657 26 657 25 656 25 655 25 655 24 654 24 653 24 653 25 653 26 652 26 653 26 652 26 653 26 652 26 651 26 650 26 650 27 651 27 651 28 652 28 653 28 654 28 653 28 653 27 654 27 654 28 655 28 656 28 656 27 657 27 658 27 659 27 658 27 658 28 659 28 659 27 659 26 659 27 659 28 658 28 657 28 656 28 656 27 656 26 657 26 657 27 657 28 656 28 657 28 657 27 658 27 659 27 660 27 660 26 660 27 660 28 659 28 660 28 659 28 659 29 660 29 660 28 660 29 660 30 660 31 659 31 658 31 657 31 657 30 657 29 657 28 657 29 658 29 657 29 657 30 657 29 657 30 656 30 656 29 656 28 657 28 658 28 657 28 657 29 656 29 655 29 655 28 654 28 654 27 653 27 653 26 654 26 654 25 654 26 655 26 655 27 656 27 655 27 655 26 655 27 655 28 654 28 654 27 654 26 654 27 653 27 654 27 653 27 653 28 654 28 654 29 654 30 655 30 654 30 654 29 654 28 654 27 655 27 656 27 656 28 656 27 657 27 656 27 657 27 657 28 658 28 658 29 658 28 658 27 658 28 657 28 656 28 656 29 656 30 656 31 656 30 655 30 655 29 655 28 654 28 654 27 654 28 654 29 653 29 654 29 654 30 653 30 652 30 651 30 651 29 651 28 652 28 653 28 653 29 652 29 651 29 652 29 652 30 652 29 651 29 652 29 653 29 654 29 654 28 654 29 653 29 653 28 653 29 653 30 652 30 652 29 651 29 651 28 650 28 650 27 649 27 649 28 649 29 650 29 650 30 650 29 650 28 651 28 652 28 652 27 652 26 652 25 651 25 651 26 651 27 651 26 650 26 651 26 652 26 652 27 652 26 652 27 651 27 651 28 650 28 649 28 649 29 649 30 649 29 650 29 650 30 650 29 650 30 651 30 650 30 650 29 650 30 649 30 649 31 649 30 650 30 651 30 651 31 652 31 652 32 653 32 653 31 652 31 652 32 652 33 653 33 652 33 652 32 652 33 653 33 654 33 653 33 652 33 653 33 652 33 651 33 651 34 651 33 652 33 653 33 654 33 654 34 654 33 655 33 655 32 654 32 655 32 654 32 654 33 654 32 655 32 655 33 655 34 655 35 655 34 655 35 656 35 656 36 655 36 655 35 654 35 654 34 654 35 654 36 654 37 654 36 653 36 653 35 653 34 653 35 654 35 654 34 655 34 655 33 655 34 654 34 654 35 653 35 652 35 653 35 652 35 653 35 654 35 655 35 654 35 655 35 655 34 656 34 656 33 657 33 656 33 657 33 657 34 658 34 658 35 658 34 659 34 659 35 660 35 660 34 659 34 660 34 659 34 660 34 660 33 660 32 660 33 661 33 661 34 660 34 661 34 662 34 661 34 661 33 661 32 660 32 660 31 661 31 660 31 661 31 661 32 662 32 661 32 661 33 660 33 660 32 659 32 659 33 659 34 659 33 659 34 659 33 659 34 658 34 658 33 659 33 659 34 660 34 661 34 661 35 661 34 660 34 660 33 661 33 661 32 661 33 661 32 662 32 661 32 660 32 660 31 660 32 659 32 659 31 660 31 660 32 660 33 660 32 660 31 659 31 660 31 660 32 660 31 660 32 660 33 661 33 661 34 662 34 661 34 661 33 660 33 660 34 660 35 660 34 659 34 659 35 658 35 658 34 659 34 658 34 658 35 658 34 658 35 657 35 658 35 658 36 657 36 656 36 656 35 655 35 656 35 656 34 657 34 657 33 658 33 659 33 658 33 658 34 659 34 660 34 660 33 659 33 659 34 659 33 659 32 660 32 660 31 661 31 661 32 661 33 661 34 661 33 661 32 661 31 662 31 663 31 664 31 664 32 664 31 665 31 666 31 666 30 666 31 665 31 665 30 665 29 665 30 664 30 665 30 665 29 665 30 666 30 666 29 666 28 665 28 666 28 665 28 666 28 666 27 666 28 667 28 666 28 666 29 667 29 667 28 667 29 667 30 666 30 666 29 666 28 666 27 665 27 665 26 666 26 667 26 667 25 667 26 668 26 667 26 666 26 666 27 666 26 667 26 668 26 668 25 669 25 668 25 668 24 669 24 670 24 670 23 669 23 669 22 668 22 669 22 670 22 670 23 670 22 670 23 670 22 670 23 670 24 671 24 671 23 670 23 670 22 671 22 671 23 672 23 671 23 671 24 671 23 670 23 669 23 670 23 670 22 670 23 670 22 670 21 670 20 669 20 669 19 669 20 670 20 670 19 670 20 669 20 668 20 668 21 668 22 667 22 668 22 667 22 668 22 667 22 667 21 667 20 667 19 667 20 668 20 668 21 668 20 668 21 667 21 668 21 667 21 667 22 667 23 667 24 666 24 665 24 665 25 665 26 664 26 663 26 664 26 663 26 663 25 662 25 662 24 662 23 662 24 663 24 663 25 662 25 662 26 662 25 661 25 662 25 662 24 662 23 662 22 662 23 662 24 662 23 661 23 662 23 662 22 662 21 662 22 661 22 661 23 661 22 661 21 660 21 661 21 662 21 662 20 661 20 661 19 660 19 659 19 658 19 658 20 658 21 658 22 658 21 658 20 659 20 658 20 658 19 659 19 659 18 659 19 659 20 659 21 659 22 660 22 660 21 660 22 659 22 659 23 660 23 660 22 659 22 660 22 661 22 662 22 662 21 663 21 662 21 661 21 662 21 662 22 661 22 661 23 661 22 660 22 659 22 660 22 660 21 659 21 659 20 660 20 660 21 659 21 659 20 658 20 658 19 659 19 660 19 661 19 662 19 661 19 661 20 661 21 661 22 660 22 660 23 659 23 660 23 660 24 660 25 660 24 659 24 659 23 658 23 658 24 659 24 659 25 658 25 658 26 658 25 657 25 657 26 658 26 659 26 659 25 659 26 660 26 661 26 660 26 660 27 660 26 659 26 658 26 657 26 656 26 656 25 657 25 657 24 657 25 658 25 657 25 656 25 657 25 656 25 656 24 657 24 658 24 657 24 657 23 658 23 658 22 659 22 659 21 660 21 659 21 659 22 658 22 659 22 660 22 661 22 661 21 661 20 661 21 660 21 660 22 661 22 662 22 663 22 662 22 662 23 663 23 664 23 663 23 663 24 663 25 663 26 664 26 664 25 665 25 665 26 666 26 666 25 667 25 666 25 667 25 667 26 667 25 667 26 667 25 668 25 667 25 667 24 666 24 666 23 666 24 665 24 665 23 665 24 665 25 665 26 666 26 666 27 666 28 665 28 665 27 666 27 666 28 666 29 666 30 667 30 667 29 667 28 666 28 666 27 666 26 667 26 667 25 667 26 666 26 667 26 666 26 666 25 666 24 666 25 667 25 668 25 669 25 670 25 669 25 668 25 668 26 667 26 667 25 666 25 665 25 665 24 664 24 664 25 663 25 663 26 663 27 663 26 662 26 662 27 661 27 660 27 660 28 660 29 660 30 659 30 660 30 660 29 660 30 661 30 661 29 661 30 660 30 660 29 661 29 661 30 661 29 660 29 660 28 660 27 660 26 661 26 661 25 660 25 661 25 660 25 659 25 659 26 659 27 659 28 658 28 659 28 660 28 659 28 658 28 657 28 657 29 658 29 658 28 659 28 659 27 659 28 658 28 658 27 658 28 658 27 657 27 658 27 658 28 658 27 658 26 659 26 659 25 658 25 658 24 658 25 658 24 659 24 658 24 657 24 658 24 659 24 659 25 659 24 659 23 660 23 660 24 661 24 662 24 663 24 663 25 663 24 664 24 664 23 665 23 665 22 664 22 663 22 663 23 664 23 664 22 665 22 665 21 666 21 667 21 666 21 666 22 666 21 666 20 666 21 665 21 664 21 663 21 662 21 662 22 663 22 662 22 662 21 663 21 662 21 661 21 662 21 662 20 663 20 662 20 662 19 662 20 662 19 662 18 662 19 661 19 661 20 661 21 660 21 661 21 660 21 661 21 660 21 660 20 661 20 661 21 660 21 661 21 661 20 661 21 660 21 661 21 662 21 662 22 663 22 663 21 662 21 663 21 663 20 663 21 663 20 664 20 664 19 663 19 663 18 662 18 662 17 661 17 662 17 663 17 663 16 664 16 663 16 662 16 661 16 661 17 660 17 660 16 660 17 659 17 659 16 660 16 661 16 661 17 661 16 661 17 661 18 662 18 662 19 662 20 662 21 662 22 661 22 662 22 661 22 662 22 663 22 663 21 662 21 663 21 663 20 663 21 664 21 663 21 662 21 662 22 661 22 661 21 661 22 662 22 663 22 663 21 663 22 664 22 665 22 665 23 666 23 667 23 668 23 667 23 668 23 669 23 668 23 669 23 669 22 669 23 669 24 669 25 669 24 669 25 669 26 669 27 669 26 670 26 670 25 670 26 670 27 670 28 670 27 669 27 669 28 668 28 669 28 669 27 669 28 669 29 669 28 668 28 668 29 667 29 667 28 666 28 665 28 665 27 666 27 666 26 667 26 666 26 665 26 666 26 665 26 664 26 664 27 664 28 664 27 663 27 663 28 664 28 664 27 665 27 664 27 663 27 663 28 663 29 664 29 664 30 664 31 665 31 665 30 665 31 666 31 665 31 665 30 666 30 665 30 665 31 665 32 665 33 664 33 665 33 665 32 665 31 665 32 665 33 665 32 666 32 666 33 666 32 666 33 667 33 667 32 667 31 667 32 668 32 668 33 668 34 669 34 669 33 669 32 668 32 669 32 670 32 669 32 669 33 668 33 667 33 666 33 667 33 668 33 667 33 666 33 665 33 665 32 665 33 665 34 666 34 666 35 666 34 667 34 667 35 667 34 668 34 668 35 668 34 668 33 667 33 667 32 667 33 666 33 665 33 665 32 665 31 665 32 665 33 665 32 665 31 665 30 665 29 664 29 664 30 664 29 664 28 664 27 665 27 664 27 664 28 665 28 665 27 664 27 663 27 663 28 663 29 664 29 664 28 664 27 663 27 663 28 662 28 662 29 662 28 663 28 662 28 663 28 663 29 663 30 664 30 663 30 663 29 663 28 663 29 663 30 662 30 663 30 663 29 664 29 663 29 663 28 664 28 664 29 664 28 665 28 664 28 664 29 665 29 665 30 664 30 665 30 665 29 666 29 666 28 666 29 665 29 665 30 665 29 664 29 664 28 664 29 664 28 664 29 664 28 664 29 664 28 664 29 664 28 663 28 663 29 663 30 663 29 662 29 662 30 662 29 661 29 661 28 662 28 662 29 662 30 662 31 661 31 661 30 660 30 660 31 660 30 660 31 660 30 659 30 660 30 660 29 660 30 659 30 660 30 660 31 661 31 662 31 662 30 662 31 662 32 662 33 662 32 662 33 662 32 661 32 662 32 662 33 662 32 662 33 662 32 662 33 661 33 662 33 662 34 662 35 663 35 663 34 663 33 664 33 664 32 665 32 666 32 666 31 665 31 664 31 665 31 665 30 666 30 666 29 665 29 665 30 665 31 664 31 665 31 665 32 664 32 664 33 664 32 665 32 666 32 667 32 667 33 666 33 667 33 667 34 667 35 666 35 666 34 666 35 666 34 665 34 665 35 666 35 666 36 666 35 666 36 667 36 667 35 667 36 666 36 667 36 667 35 667 36 668 36 667 36 667 35 666 35 666 36 667 36 666 36 666 37 666 38 666 39 665 39 665 38 664 38 665 38 664 38 664 39 664 40 664 41 665 41 664 41 664 40 663 40 663 41 664 41 664 42 663 42 664 42 663 42 663 43 663 44 662 44 663 44 664 44 663 44 663 45 663 44 663 43 663 44 662 44 661 44 662 44 662 45 663 45 664 45 663 45 663 46 663 47 662 47 662 46 663 46 664 46 664 45 665 45 665 46 665 45 664 45 664 44 665 44 665 43 665 42 666 42 665 42 666 42 665 42 665 41 666 41 665 41 665 40 664 40 665 40 665 39 666 39 666 38 667 38 668 38 668 39 667 39 667 38 667 37 666 37 666 38 666 37 666 36 665 36 665 37 665 38 665 37 665 36 664 36 665 36 665 37 664 37 665 37 664 37 665 37 665 38 666 38 666 39 665 39 665 38 666 38 665 38 666 38 666 37 665 37 666 37 666 38 665 38 666 38 665 38 666 38 665 38 665 39 665 38 665 39 665 38 665 39 666 39 666 38 665 38 666 38 666 39 667 39 667 40 668 40 669 40 669 41 668 41 668 42 669 42 669 43 668 43 669 43 669 42 669 41 669 42 669 41 668 41 668 42 668 41 667 41 667 42 667 41 667 42 668 42 669 42 669 43 670 43 671 43 670 43 670 42 670 41 670 42 671 42 672 42 673 42 673 41 673 42 673 41 674 41 674 40 674 41 674 42 673 42 673 41 674 41 674 42 675 42 675 43 675 44 676 44 676 45 675 45 675 46 675 45 675 44 674 44 673 44 674 44 675 44 674 44 675 44 676 44 675 44 675 45 676 45 675 45 675 46 675 47 676 47 676 46 675 46 675 45 674 45 675 45 674 45 675 45 676 45 676 46 676 45 676 46 676 45 677 45 677 46 677 47 676 47 676 46 676 45 677 45 677 46 678 46 677 46 677 45 676 45 676 44 675 44 675 43 675 42 675 43 675 44 675 43 675 42 675 41 676 41 676 40 676 41 676 42 677 42 677 43 677 42 677 43 677 44 677 43 678 43 678 44 678 45 678 46 678 45 679 45 679 44 679 45 679 44 678 44 678 45 679 45 679 46 680 46 680 45 680 46 681 46 682 46 683 46 684 46 685 46 685 47 684 47 684 46 683 46 683 45 683 46 682 46 681 46 682 46 681 46 681 45 681 44 680 44 681 44 680 44 681 44 680 44 680 45 679 45 678 45 678 46 677 46 677 47 677 46 678 46 677 46 678 46 678 47 678 46 677 46 678 46 678 47 677 47 677 48 676 48 676 47 676 48 676 49 675 49 676 49 676 48 676 49 675 49 676 49 676 50 675 50 674 50 674 51 674 50 673 50 673 49 673 50 673 51 674 51 673 51 673 50 673 49 673 50 673 49 673 50 672 50 672 49 671 49 670 49 670 50 671 50 671 51 672 51 673 51 673 50 674 50 675 50 675 49 674 49 675 49 675 50 674 50 674 49 674 50 675 50 675 49 674 49 674 50 675 50 675 51 674 51 674 52 674 51 675 51 674 51 675 51 676 51 676 50 675 50 674 50 674 51 674 50 674 49 675 49 676 49 676 50 676 49 676 48 676 47 676 46 676 45 676 46 675 46 676 46 675 46 676 46 676 45 677 45 677 46 676 46 676 45 677 45 677 46 677 45 676 45 676 46 676 45 677 45 676 45 676 46 675 46 675 47 676 47 676 48 675 48 675 47 674 47 673 47 674 47 673 47 673 48 673 47 673 46 673 45 674 45 674 44 675 44 675 45 675 44 676 44 676 43 676 42 675 42 676 42 675 42 675 43 676 43 675 43 674 43 674 42 673 42 673 41 672 41 673 41 672 41 672 42 672 43 672 44 673 44 673 43 673 44 672 44 672 43 672 42 672 41 671 41 671 42 671 41 671 42 671 41 671 42 671 43 672 43 672 42 671 42 672 42 672 43 673 43 672 43 672 42 671 42 672 42 671 42 671 43 672 43 673 43 674 43 674 44 673 44 672 44 672 43 672 42 673 42 674 42 675 42 674 42 675 42 676 42 677 42 677 43 677 42 678 42 677 42 678 42 679 42 678 42 677 42 676 42 676 43 676 42 676 41 675 41 675 42 674 42 675 42 674 42 674 43 673 43 673 42 673 41 673 42 674 42 673 42 673 43 674 43 674 44 673 44 673 45 673 46 674 46 673 46 673 47 673 46 672 46 672 45 672 46 672 47 672 46 672 47 672 48 672 49 673 49 672 49 672 48 673 48 674 48 675 48 675 47 674 47 674 46 674 45 674 44 673 44 673 43 673 42 674 42 673 42 672 42 673 42 674 42 674 41 674 40 674 39 674 40 673 40 672 40 671 40 671 41 671 42 670 42 669 42 669 41 668 41 667 41 667 40 666 40 667 40 667 41 666 41 667 41 667 40 667 39 668 39 669 39 669 40 670 40 671 40 671 39 670 39 670 38 670 39 669 39 670 39 670 40 670 41 671 41 672 41 671 41 671 42 671 43 672 43 672 44 672 43 672 42 673 42 672 42 673 42 673 43 672 43 673 43 674 43 673 43 672 43 672 42 672 43 672 42 673 42 672 42 672 41 672 42 673 42 674 42 674 43 674 42 675 42 676 42 675 42 675 43 675 44 675 43 675 44 675 43 675 44 676 44 675 44 674 44 675 44 676 44 677 44 677 43 676 43 677 43 677 42 676 42 676 41 676 40 677 40 677 39 676 39 676 38 677 38 677 39 678 39 678 40 677 40 678 40 678 39 678 38 679 38 679 39 680 39 680 40 679 40 678 40 678 41 677 41 676 41 677 41 676 41 677 41 677 40 678 40 678 41 679 41 679 42 679 41 680 41 680 42 679 42 678 42 679 42 679 41 678 41 679 41 678 41 679 41 679 42 679 41 680 41 680 40 679 40 679 41 679 40 679 41 679 40 679 41 679 40 679 39 678 39 678 40 679 40 679 41 679 42 679 43 679 42 679 41 679 40 678 40 678 39 678 38 678 37 677 37 677 38 676 38 675 38 676 38 676 39 676 38 675 38 675 37 674 37 675 37 674 37 673 37 672 37 672 38 671 38 671 37 670 37 669 37 669 38 670 38 671 38 671 39 670 39 670 40 670 41 671 41 671 42 671 41 671 40 671 39 670 39 669 39 668 39 668 38 668 39 667 39 667 40 667 39 668 39 667 39 668 39 667 39 667 40 666 40 666 41 666 40 665 40 664 40 664 41 663 41 664 41 663 41 664 41 664 42 664 41 665 41 666 41 666 40 665 40 665 39 665 40 665 39 665 38 665 39 665 38 665 39 665 38 665 39 664 39 664 38 664 37 664 36 665 36 665 37 666 37 666 36 667 36 667 35 666 35 666 36 667 36 666 36 666 37 666 36 667 36 666 36 666 35 665 35 664 35 663 35 664 35 664 36 664 37 665 37 666 37 666 38 666 39 665 39 666 39 666 38 665 38 664 38 664 39 665 39 665 40 665 41 664 41 663 41 664 41 664 42 664 41 663 41 663 40 663 41 662 41 661 41 661 42 661 43 660 43 660 44 659 44 659 45 659 46 658 46 658 45 657 45 657 44 657 45 656 45 656 44 655 44 655 45 655 46 656 46 656 45 657 45 657 44 658 44 658 45 658 46 657 46 658 46 657 46 657 45 656 45 657 45 656 45 657 45 656 45 656 44 657 44 656 44 657 44 656 44 655 44 655 45 656 45 656 44 657 44 656 44 656 43 657 43 657 44 657 45 658 45 658 44 658 45 657 45 657 44 656 44 657 44 656 44 656 45 657 45 657 44 657 45 657 44 658 44 658 45 659 45 659 44 660 44 661 44 661 45 661 46 661 47 662 47 662 48 661 48 661 49 662 49 662 48 662 49 662 50 663 50 663 51 663 52 664 52 664 51 664 50 663 50 663 49 663 50 662 50 662 49 661 49 662 49 662 50 662 51 663 51 664 51 664 50 664 49 665 49 666 49 666 50 666 51 666 50 665 50 666 50 666 49 666 48 666 49 666 50 665 50 665 49 665 50 664 50 664 51 664 50 664 49 663 49 664 49 664 48 663 48 663 47 663 46 664 46 664 45 665 45 666 45 666 44 665 44 665 43 665 44 664 44 663 44 664 44 664 43 663 43 663 44 662 44 661 44 661 45 662 45 661 45 661 46 660 46 661 46 661 45 661 46 662 46 663 46 663 47 664 47 663 47 663 46 662 46 661 46 662 46 662 45 661 45 661 44 661 43 662 43 662 44 663 44 664 44 665 44 665 43 666 43 666 44 666 45 666 46 666 47 666 46 666 47 666 48 666 49 666 48 666 49 666 50 666 49 665 49 665 50 665 49 664 49 663 49 662 49 662 50 661 50 660 50 660 49 660 50 659 50 660 50 661 50 662 50 662 49 662 48 661 48 661 47 661 48 661 49 661 50 661 51 661 50 660 50 660 49 659 49 660 49 660 50 660 51 659 51 660 51 661 51 660 51 661 51 661 50 660 50 659 50 659 49 658 49 658 50 657 50 657 49 657 48 658 48 658 49 658 50 659 50 659 49 659 48 659 49 660 49 661 49 661 48 662 48 663 48 664 48 664 49 664 50 664 51 664 50 665 50 665 49 664 49 664 48 664 49 665 49 665 48 665 49 664 49 664 50 664 49 664 50 665 50 664 50 664 51 663 51 664 51 663 51 664 51 663 51 662 51 662 52 663 52 663 53 664 53 664 52 664 53 665 53 664 53 664 54 664 53 663 53 663 54 663 53 664 53 663 53 664 53 664 54 664 53 665 53 
