SF7_COMM_RANGE = 30
VERTEX_NUM = 3140
MAP_WIDTH = 1250
MAP_LENGTH = 1250
Total links = 8731
Capital delta = 15
SF1112 % = 28.5032
# of outliers = 0
DATA PERIOD = 60
------------------------------
x  y  SF  phase which_gateway: 
1 1018 12 9 23
1 505 12 11 8
2 551 11 34 13
2 1018 12 13 23
3 649 11 34 13
3 14 12 43 3
3 785 12 42 18
3 1196 11 26 23
4 49 11 10 3
4 604 11 59 13
4 835 11 4 18
5 110 11 8 3
5 1164 11 37 23
5 1174 11 43 23
5 1139 11 19 23
5 755 12 9 18
5 986 12 47 18
6 663 11 59 13
6 333 11 26 8
6 175 11 34 3
7 869 10 7 18
7 443 11 53 8
7 266 12 7 8
8 672 11 21 13
8 424 11 48 8
8 876 10 16 18
9 258 12 20 8
10 482 12 14 8
10 114 10 51 3
10 660 11 2 13
10 499 12 19 8
11 10 12 52 3
11 568 11 5 13
11 1132 10 53 23
11 915 11 57 18
11 530 11 40 13
13 771 12 29 18
13 871 10 39 18
13 567 11 6 13
14 530 11 31 13
14 681 11 30 13
14 529 11 2 13
14 206 11 39 3
15 824 11 7 18
15 957 11 46 18
16 34 11 50 3
16 724 11 8 13
17 751 12 25 13
18 542 11 41 13
18 449 11 34 8
18 886 10 51 18
19 1210 11 41 23
19 1129 10 27 23
21 651 10 58 13
21 713 11 2 13
21 310 11 7 8
21 261 12 6 3
22 763 12 23 13
22 512 12 22 13
22 763 12 57 13
22 826 10 25 18
22 73 10 33 3
23 156 10 41 3
23 792 11 30 18
24 842 10 19 18
24 651 10 38 13
24 848 10 2 18
24 748 12 48 13
24 902 10 9 18
25 223 11 9 3
25 1130 10 11 23
26 281 11 40 8
26 425 10 3 8
27 195 11 51 3
27 1151 10 39 23
27 1004 12 49 18
28 969 11 33 18
28 46 11 48 3
28 179 10 6 3
29 122 10 15 3
30 423 10 22 8
30 1224 11 57 23
30 674 10 56 13
30 450 11 42 8
31 356 10 47 8
31 490 11 58 8
31 633 10 49 13
32 816 10 46 18
32 53 10 21 3
32 65 10 3 3
33 1105 10 35 23
33 433 10 38 8
33 533 11 29 13
34 401 10 17 8
34 800 10 1 18
34 1241 11 48 23
35 793 11 55 18
35 1172 10 3 23
35 573 10 28 13
35 978 11 57 18
36 1148 10 4 23
36 897 10 39 18
37 61 10 37 3
37 1120 9 8 23
37 511 11 22 13
37 1100 10 16 23
38 1233 11 49 23
40 362 9 56 8
40 168 10 4 3
40 804 10 48 18
40 293 10 11 8
41 752 11 19 18
41 52 10 37 3
41 193 10 7 3
42 1183 10 53 23
44 607 9 25 13
44 334 10 57 8
44 154 9 34 3
45 273 11 3 8
45 714 10 11 13
45 659 9 30 13
46 651 9 38 13
46 380 9 49 8
46 1076 10 59 23
46 140 9 55 3
46 885 9 42 18
46 805 10 47 18
47 888 9 43 18
47 635 9 46 13
48 896 9 7 18
48 662 9 40 13
48 341 9 50 8
48 340 9 46 8
49 161 9 17 3
50 1090 9 50 23
51 366 9 1 8
51 32 10 25 3
51 180 10 32 3
51 1070 10 57 23
51 978 11 30 18
51 708 10 20 13
51 1053 10 0 23
52 197 10 41 3
52 401 9 57 8
54 331 9 59 8
54 643 9 34 13
54 1181 10 14 23
55 652 9 56 13
55 848 9 8 18
56 1229 11 17 23
56 951 10 7 18
56 203 10 30 3
56 58 10 56 3
57 597 9 49 13
58 1039 10 29 23
59 1127 9 43 23
59 189 10 31 3
61 767 11 16 18
61 870 9 26 18
62 1010 11 17 18
62 92 9 15 3
63 661 9 58 13
64 882 9 0 18
64 835 9 2 18
65 697 10 7 13
65 346 9 42 8
65 1203 10 3 23
67 1153 9 33 23
67 398 9 14 8
67 1249 11 52 23
68 141 8 55 3
68 179 9 34 3
68 356 9 52 8
68 378 8 36 8
68 963 10 24 18
69 9 11 51 3
69 1101 9 2 23
70 119 8 38 3
70 1183 9 39 23
70 372 8 2 8
71 1092 9 48 23
71 689 9 47 13
72 531 10 33 13
72 554 9 44 13
73 798 10 28 18
73 476 10 2 8
74 334 9 27 8
74 376 8 59 8
74 341 9 11 8
74 268 10 46 8
74 61 9 9 3
75 845 8 26 18
75 135 8 44 3
75 943 9 1 18
75 583 9 20 13
75 895 8 44 18
75 766 10 43 18
76 291 10 15 8
76 892 8 17 18
78 471 10 58 8
78 884 8 7 18
78 1236 11 12 23
78 588 8 24 13
79 1088 8 51 23
80 203 10 40 3
80 1182 9 48 23
80 1233 10 34 23
80 522 10 42 13
81 363 8 19 8
81 1235 10 14 23
81 886 8 36 18
82 451 9 7 8
84 1080 9 53 23
84 758 11 9 18
84 209 10 51 3
85 890 8 21 18
86 1245 11 4 23
86 1005 11 10 23
86 1100 8 20 23
87 1113 8 15 23
87 149 8 48 3
88 579 8 21 13
88 1199 9 33 23
88 390 8 25 8
89 98 8 22 3
89 774 10 46 18
90 1219 10 9 23
90 1160 8 6 23
90 1016 10 1 23
91 438 9 26 8
91 502 11 56 8
92 131 8 1 3
93 883 8 30 18
93 758 11 12 13
93 1213 10 44 23
93 537 10 10 13
93 944 9 1 18
94 947 9 19 18
94 477 10 44 8
95 911 8 12 18
95 580 8 33 13
95 833 8 20 18
95 813 9 19 18
95 1059 9 26 23
95 173 8 22 3
96 412 8 2 8
96 793 9 47 18
96 982 10 26 18
97 206 9 12 3
97 559 9 59 13
98 294 9 33 8
98 536 10 53 13
99 998 11 21 18
99 198 9 58 3
99 117 7 10 3
99 348 8 35 8
100 1117 7 44 23
100 896 8 19 18
100 14 10 41 3
101 1224 10 38 23
101 432 9 37 8
103 881 7 29 18
103 57 9 31 3
103 963 10 7 18
103 670 8 42 13
103 1071 8 15 23
104 133 7 9 3
104 781 10 35 18
105 481 10 34 8
105 615 7 45 13
105 622 7 47 13
105 649 8 7 13
106 33 10 5 3
107 956 9 58 18
107 58 9 25 3
107 478 10 19 8
107 1182 8 0 23
108 428 8 4 8
108 452 9 45 8
108 999 11 4 18
108 172 8 56 3
109 587 8 10 13
109 849 8 57 18
110 914 8 9 18
110 730 10 9 13
110 956 9 7 18
111 95 8 44 3
111 58 9 45 3
111 590 8 18 13
111 246 11 26 3
111 442 9 15 8
112 1123 7 55 23
112 999 11 47 23
112 1140 7 46 23
113 150 7 54 3
113 721 10 21 13
113 139 7 2 3
113 309 9 55 8
113 447 9 56 8
113 1082 8 28 23
113 515 10 40 13
114 31 10 35 3
114 355 7 36 8
114 3 11 38 3
115 899 7 33 18
115 405 8 53 8
115 812 9 57 18
116 173 8 33 3
116 1177 8 58 23
116 758 10 35 18
116 781 10 38 18
116 135 7 54 3
116 239 10 45 3
117 441 9 27 8
117 906 8 3 18
118 905 8 46 18
118 185 9 27 3
118 959 9 47 18
120 958 9 32 18
120 663 8 45 13
122 432 8 5 8
122 905 8 39 18
122 639 7 33 13
122 198 9 45 3
122 503 11 26 8
122 847 7 27 18
123 550 9 6 13
123 443 9 20 8
123 439 9 23 8
124 909 8 55 18
124 570 8 48 13
124 652 7 55 13
124 258 10 22 8
124 826 8 16 18
124 300 9 33 8
125 507 10 48 13
125 1167 8 10 23
125 1199 9 31 23
126 196 9 21 3
126 630 7 0 13
127 288 9 58 8
127 89 8 51 3
127 781 10 46 18
127 199 9 43 3
127 353 7 11 8
128 1164 8 41 23
128 116 7 22 3
128 942 9 38 18
128 143 7 20 3
129 588 8 46 13
129 324 8 23 8
129 870 7 18 18
129 780 10 25 18
129 746 11 56 13
129 614 7 3 13
129 73 8 51 3
130 1132 7 16 23
130 472 10 1 8
131 928 8 3 18
131 374 7 31 8
131 4 11 56 3
132 276 10 52 8
132 370 7 26 8
134 1158 8 11 23
135 649 7 8 13
136 789 9 0 18
137 768 10 59 18
137 174 8 10 3
138 1097 8 23 23
138 305 9 12 8
139 929 8 10 18
139 430 8 21 8
139 442 9 56 8
139 340 8 56 8
139 1058 9 56 23
139 413 8 7 8
139 486 10 37 8
139 715 10 18 13
140 799 9 45 18
140 1181 8 58 23
140 975 10 56 18
141 804 9 0 18
141 981 10 16 18
141 140 7 22 3
141 840 8 49 18
142 805 9 11 18
142 732 10 5 13
143 874 7 5 18
143 610 7 12 13
143 200 9 9 3
144 63 9 36 3
144 934 9 1 18
144 874 7 1 18
145 114 7 54 3
145 1137 7 12 23
145 758 10 1 18
145 1077 8 46 23
145 536 10 3 13
145 813 9 12 18
145 1105 7 1 23
145 685 9 15 13
146 135 7 14 3
146 349 8 22 8
146 746 11 11 13
147 107 7 11 3
147 1011 10 11 23
147 135 7 18 3
147 426 8 40 8
148 678 8 21 13
149 776 10 55 18
149 834 8 30 18
150 363 7 18 8
150 754 11 48 18
150 145 8 38 3
151 216 10 32 3
151 528 10 37 13
151 440 9 49 8
151 943 9 37 18
152 478 10 34 8
152 527 10 54 13
152 456 9 38 8
153 145 8 2 3
153 1231 10 55 23
153 1243 11 31 23
153 679 9 56 13
153 522 10 59 13
154 103 8 33 3
154 665 8 43 13
154 1090 8 2 23
155 402 8 37 8
155 357 8 44 8
155 932 9 9 18
156 1221 10 51 23
156 1110 8 59 23
157 267 10 21 8
157 974 10 54 18
157 111 8 2 3
158 800 9 31 18
159 906 8 27 18
159 43 9 15 3
160 883 8 19 18
160 777 10 49 18
160 1105 8 33 23
161 1124 8 7 23
161 31 10 28 3
161 426 9 57 8
162 1050 9 36 23
162 83 8 9 3
163 767 10 27 18
163 284 10 10 8
164 1033 10 3 23
164 376 8 5 8
164 89 8 4 3
165 130 8 50 3
165 143 8 29 3
165 549 9 0 13
165 285 10 41 8
166 1030 10 54 23
166 1129 8 35 23
166 503 11 35 13
167 1194 9 31 23
167 945 9 12 18
167 1246 11 45 23
168 145 8 14 3
168 323 9 3 8
168 827 9 58 18
170 479 10 1 8
170 53 9 57 3
171 445 9 21 8
171 1233 10 20 23
172 556 9 12 13
173 1092 8 32 23
173 27 10 9 3
174 1018 10 38 23
174 1037 10 31 23
174 846 8 37 18
175 158 8 35 3
175 936 9 7 18
176 312 9 39 8
177 456 10 54 8
177 480 10 9 8
177 785 10 34 18
178 756 11 52 13
179 808 9 13 18
179 348 9 25 8
180 1123 8 21 23
180 47 10 6 3
180 1078 9 58 23
181 1188 9 15 23
181 519 10 33 13
181 34 10 26 3
181 825 9 38 18
181 947 10 37 18
181 109 8 3 3
182 785 10 52 18
182 572 9 40 13
182 992 11 53 18
182 18 11 45 3
183 796 10 29 18
183 428 9 14 8
184 332 9 5 8
184 731 11 42 13
185 1177 9 39 23
186 129 9 7 3
186 507 11 20 8
186 371 9 10 8
186 898 9 44 18
187 806 10 47 18
187 997 11 10 18
187 483 11 15 8
188 898 9 42 18
189 723 10 11 13
190 772 11 50 18
190 1133 9 34 23
190 991 11 25 18
191 881 9 7 18
191 886 9 55 18
192 753 11 23 13
192 371 9 5 8
192 122 9 2 3
193 615 9 56 13
193 967 10 23 18
193 993 11 40 18
193 398 9 26 8
194 410 9 26 8
194 914 9 24 18
194 864 9 58 18
194 324 9 19 8
194 361 9 10 8
195 610 9 28 13
195 613 9 34 13
195 850 9 7 18
195 1168 9 10 23
196 640 9 5 13
196 833 9 14 18
196 28 11 22 3
196 583 9 15 13
196 343 9 51 8
197 532 10 9 13
198 854 9 17 18
199 1205 10 6 23
199 741 11 43 13
199 660 9 29 13
200 606 9 48 13
202 484 11 17 8
203 1069 10 46 23
203 1055 10 55 23
204 755 11 4 18
205 468 11 9 8
205 993 11 53 18
206 901 9 6 18
206 518 11 57 13
206 1115 9 16 23
207 460 10 38 8
207 696 10 23 13
207 225 11 35 3
208 1118 9 3 23
208 1151 9 14 23
209 1192 10 54 23
210 820 10 5 18
210 1220 11 42 23
210 540 11 20 13
210 832 10 12 18
211 817 10 52 18
211 1028 11 25 23
211 28 11 19 3
212 519 11 6 13
212 1154 10 33 23
212 1012 11 2 23
212 96 10 15 3
213 610 9 50 13
214 413 10 0 8
214 1027 11 59 23
214 1110 10 19 23
214 832 10 49 18
215 98 10 8 3
216 855 10 5 18
216 656 10 36 13
216 925 10 13 18
217 868 10 6 18
217 688 10 21 13
217 502 12 11 13
217 9 11 56 3
218 141 10 30 3
218 718 11 50 13
218 480 11 11 8
219 749 12 5 18
219 444 10 53 8
220 209 11 25 3
220 172 10 59 3
220 499 12 50 8
220 58 10 7 3
221 547 11 20 13
221 526 11 54 13
222 664 10 51 13
222 1099 10 45 23
223 189 10 13 3
223 418 10 57 8
223 788 11 10 18
223 928 10 7 18
224 218 11 13 3
224 855 10 1 18
224 649 10 8 13
225 534 11 4 13
225 115 10 12 3
225 572 10 49 13
226 265 11 12 8
226 92 10 10 3
226 281 11 25 8
226 470 11 17 8
226 229 11 16 3
226 1014 12 39 18
227 395 10 29 8
227 523 11 12 13
227 150 10 9 3
229 320 10 11 8
230 1150 10 24 23
230 974 11 14 18
230 68 10 56 3
231 953 11 49 18
232 523 11 5 13
232 541 11 46 13
233 684 11 49 13
233 822 11 25 18
233 805 11 40 18
235 871 10 40 18
235 604 10 3 13
235 269 12 46 8
235 992 12 38 18
236 915 10 13 18
236 916 10 53 18
236 540 11 43 13
236 976 12 6 18
237 34 11 53 3
237 285 11 47 8
238 470 11 19 8
238 1122 10 42 23
238 56 11 51 3
238 340 10 29 8
239 321 11 8 8
240 1047 11 9 23
240 1235 12 37 23
241 483 12 39 8
241 376 10 30 8
241 127 10 42 3
241 708 11 48 13
241 1006 12 33 24
242 318 11 6 8
242 153 11 54 3
242 308 11 29 8
245 703 11 47 13
245 16 12 59 4
246 918 11 7 18
247 1248 12 36 23
247 962 11 17 18
247 784 12 39 18
248 1183 11 9 23
248 636 11 12 13
249 438 11 25 8
249 156 11 47 3
250 473 12 25 8
250 755 12 11 18
251 247 12 30 3
251 127 11 24 3
252 1165 11 4 23
252 608 11 9 13
253 907 11 35 19
253 990 12 39 18
253 686 11 0 13
255 40 11 4 4
255 1051 11 39 23
256 77 11 1 3
257 1158 11 33 23
257 1143 10 18 24
257 588 11 23 13
257 763 12 15 18
258 296 11 6 9
258 530 12 56 13
259 994 12 13 18
259 1163 11 0 23
260 573 11 17 13
260 423 11 53 9
260 247 12 51 4
261 431 11 24 8
261 639 10 29 14
262 362 10 8 9
262 148 10 56 4
263 644 10 30 14
263 821 11 20 18
263 385 10 13 9
264 210 11 17 4
264 151 10 38 4
264 724 11 24 14
264 1010 12 39 24
265 837 10 2 19
265 207 11 21 4
265 35 11 48 4
266 519 12 37 13
266 749 12 52 14
266 60 11 41 4
267 847 10 33 19
267 723 11 31 14
268 627 10 34 14
269 173 10 6 4
269 970 11 49 19
270 493 12 58 9
271 851 10 14 19
271 1085 10 47 24
271 512 12 46 14
272 786 11 27 19
273 315 10 47 9
274 668 10 56 14
274 942 11 20 19
274 601 10 30 14
275 84 10 20 4
275 762 12 42 19
275 1199 11 39 24
275 1056 11 8 24
276 433 10 12 9
276 284 11 51 9
276 839 10 22 19
277 32 11 30 4
277 832 10 29 19
277 1138 10 46 24
278 188 10 1 4
278 319 10 23 9
279 420 10 59 9
280 998 12 50 19
280 569 10 0 14
280 1141 10 51 24
281 243 12 23 9
281 1107 10 25 24
281 1046 11 14 24
282 948 10 57 19
282 520 11 24 14
283 1 12 3 4
283 572 10 47 14
283 619 10 38 14
284 905 10 50 19
284 701 10 34 14
284 706 11 5 14
287 469 11 29 9
287 1156 10 30 24
287 477 11 18 9
288 1060 10 52 24
288 599 10 42 14
289 1058 10 0 24
289 266 11 31 9
289 794 10 51 19
289 638 9 4 14
290 1208 10 22 24
290 454 10 13 9
290 499 12 26 9
290 530 11 44 14
290 636 9 51 14
292 946 10 28 19
292 8 11 7 4
292 870 9 43 19
292 438 10 10 9
293 444 10 0 9
293 645 9 34 14
293 394 9 33 9
294 952 10 25 19
294 290 10 41 9
294 257 11 30 9
294 1028 11 49 24
295 509 11 44 14
295 1010 11 18 24
295 695 10 27 14
295 1070 10 27 24
296 1233 11 44 24
297 915 9 25 19
297 1199 10 48 24
297 740 11 6 14
297 1114 9 43 24
298 647 9 40 14
298 1024 11 48 24
298 36 10 35 4
298 1005 11 3 24
299 468 11 39 9
301 159 9 39 4
301 800 10 26 19
302 972 11 44 19
303 177 9 6 4
303 742 11 2 14
304 261 11 36 9
304 393 9 34 9
304 180 9 9 4
305 503 11 19 9
305 906 9 44 19
306 901 9 9 19
306 135 9 45 4
306 271 11 9 9
307 903 9 27 19
307 529 10 26 14
308 1246 11 31 24
308 457 10 16 9
308 1219 10 3 24
309 1179 9 41 24
309 769 11 36 19
310 265 11 22 9
310 1234 11 25 24
310 71 9 1 4
311 1051 10 10 24
311 512 11 31 14
311 112 9 36 4
312 725 10 43 14
313 1105 9 12 24
315 1180 9 11 24
315 129 9 46 4
315 206 10 43 4
315 1095 9 50 24
316 1190 9 4 24
317 940 9 28 19
317 1082 9 56 24
319 1053 10 6 24
320 376 8 56 9
320 84 9 22 4
321 303 9 16 9
321 1174 9 7 24
321 68 9 6 4
322 419 9 17 9
322 1061 9 44 24
322 808 9 7 19
322 1156 9 44 24
322 360 8 11 9
322 1191 9 39 24
323 619 8 53 14
323 921 9 6 19
323 383 8 20 9
323 1017 10 29 24
324 689 9 28 14
324 322 9 38 9
324 729 10 22 14
325 17 10 30 4
326 223 10 1 4
326 48 10 58 4
326 907 8 13 19
327 498 11 13 9
327 664 9 9 14
328 303 9 0 9
328 53 9 57 4
328 798 10 59 19
328 783 10 4 19
329 664 9 25 14
329 94 8 48 4
329 173 9 3 4
330 577 9 13 14
330 770 10 10 19
330 995 11 11 19
331 1069 9 20 24
331 1029 10 17 24
332 1212 10 28 24
333 144 8 4 4
334 376 8 16 9
335 468 10 5 9
335 41 10 7 4
335 665 8 55 14
335 1074 9 58 24
335 779 10 5 19
335 724 10 8 14
336 308 9 19 9
336 327 9 33 9
336 965 10 46 19
337 792 10 41 19
338 845 8 56 19
338 1066 9 47 24
338 815 9 31 19
339 1050 9 9 24
339 1108 8 1 24
340 487 10 40 9
341 457 9 1 9
342 318 9 50 9
343 35 10 31 4
344 1178 9 58 24
345 169 8 7 4
345 925 8 19 19
346 834 8 1 19
346 430 9 20 9
346 378 7 30 9
346 1156 8 12 24
347 1084 8 40 24
347 216 10 39 4
348 182 9 40 4
348 545 9 36 14
349 1134 7 55 24
351 169 8 37 4
351 374 7 36 9
351 1217 10 51 24
351 158 8 27 4
352 300 9 41 9
352 626 7 59 14
353 1076 8 46 24
353 919 8 15 19
353 1188 9 37 24
353 767 10 19 19
353 990 10 11 19
354 297 9 24 9
354 759 10 50 19
354 333 8 12 9
355 244 11 17 4
355 333 8 22 9
355 158 8 14 4
355 786 10 59 19
356 732 10 54 14
356 1105 7 12 24
356 200 9 6 4
356 811 9 13 19
357 856 7 13 19
357 795 9 26 19
357 874 7 35 19
358 945 9 17 19
358 368 7 58 9
359 126 7 14 4
359 64 9 49 4
359 504 11 27 9
360 1123 7 10 24
360 402 8 27 9
360 1142 7 3 24
362 391 7 53 9
362 565 9 54 14
362 37 9 44 4
362 122 7 52 4
364 603 7 33 14
364 798 9 51 19
365 997 11 21 19
366 339 8 44 9
366 35 10 2 4
366 924 8 45 19
366 542 9 35 14
367 1146 7 7 24
367 90 8 55 4
367 317 8 49 9
368 925 8 21 19
368 212 9 54 4
368 239 10 43 4
368 87 8 25 4
369 197 9 1 4
370 691 9 49 14
370 463 9 30 9
370 1044 9 19 24
370 837 8 24 19
370 463 9 47 9
371 1200 9 10 24
371 928 8 39 19
371 359 7 28 9
371 932 8 37 19
372 655 8 41 14
373 1071 8 55 24
373 141 7 32 4
373 72 8 34 4
373 1089 8 42 24
376 1052 9 16 24
377 358 7 18 9
377 67 8 7 4
377 488 10 8 9
379 521 10 39 14
379 860 7 51 19
379 114 7 2 4
379 398 7 16 9
380 290 9 18 9
380 207 9 9 4
381 1237 10 11 24
381 779 10 8 19
381 322 8 22 9
382 1207 9 58 24
382 367 7 51 9
382 577 8 39 14
382 36 9 51 4
382 234 10 32 4
383 1018 10 9 24
383 1182 8 2 24
383 1150 7 57 24
383 809 9 48 19
384 247 11 12 4
384 283 10 28 9
384 1157 8 17 24
384 495 11 41 9
385 1061 9 9 24
385 1117 7 4 24
385 1196 9 13 24
385 829 8 43 19
385 337 8 38 9
385 329 8 22 9
385 7 10 53 4
385 1241 10 45 24
386 664 8 22 14
387 851 7 32 19
387 166 8 37 4
387 469 10 24 9
387 456 9 40 9
387 370 7 55 9
388 20 10 26 4
388 426 8 44 9
388 760 10 55 19
388 32 10 48 4
388 844 8 42 19
390 130 7 47 4
390 714 10 20 14
390 860 7 25 19
390 44 9 11 4
390 1232 10 29 24
390 603 7 27 14
391 125 7 8 4
391 783 10 10 19
392 80 8 32 4
392 1072 8 36 24
392 233 10 27 4
392 864 7 5 19
392 219 10 37 4
393 258 10 23 9
393 645 7 19 14
393 604 7 12 14
394 848 8 2 19
394 151 8 33 4
396 589 8 5 14
396 136 7 39 4
397 106 7 55 4
399 71 8 29 4
399 262 10 8 9
399 999 11 19 24
399 431 9 10 9
399 9 10 56 4
400 399 8 37 9
400 1139 7 54 24
400 518 10 51 14
401 105 8 18 4
401 1021 10 28 24
401 1065 9 30 24
401 537 10 38 14
402 318 9 45 9
402 433 9 42 9
403 945 9 7 19
403 172 8 12 4
403 512 10 50 14
404 617 8 9 14
404 102 8 36 4
404 645 8 19 14
404 306 9 28 9
405 415 8 42 9
405 884 8 56 19
406 498 11 52 9
406 260 10 53 9
406 178 9 9 4
406 1200 9 46 24
406 865 8 26 19
407 556 9 6 14
407 409 8 25 9
408 640 8 21 14
409 442 9 36 9
410 794 9 26 19
410 989 10 32 19
411 262 10 38 9
411 606 8 22 14
411 1237 10 10 24
412 14 10 24 4
413 360 8 13 9
413 602 8 28 14
413 698 9 44 14
414 22 10 36 4
414 263 10 6 9
414 522 10 29 14
415 594 8 18 14
415 961 10 5 19
416 1054 9 33 24
416 1197 9 0 24
416 1231 10 15 24
417 251 11 10 4
417 279 10 19 9
417 56 9 43 4
417 1053 9 52 24
417 256 11 8 4
417 982 10 27 19
417 303 9 45 9
417 777 10 9 19
417 143 8 13 4
418 572 9 11 14
418 667 9 15 14
418 969 10 31 19
419 87 8 24 4
419 41 10 43 4
419 1106 8 57 24
420 1120 8 48 24
420 595 8 21 14
421 366 8 11 9
421 962 10 58 19
422 1175 9 37 24
424 51 9 24 4
425 309 9 18 9
425 792 10 21 19
426 279 10 0 9
427 789 10 16 19
427 1216 10 42 24
427 516 11 10 14
428 232 10 14 4
428 991 11 16 24
429 41 10 11 4
430 992 11 21 19
430 876 8 26 19
430 563 9 22 14
431 362 8 4 9
432 959 10 10 19
432 309 9 22 9
433 27 10 24 4
433 553 10 55 14
433 1009 11 31 19
434 795 10 29 19
435 1237 11 58 24
435 615 9 39 14
436 394 9 0 9
436 810 9 22 19
437 1205 10 22 24
437 559 10 49 14
437 1063 9 10 24
438 156 9 36 4
438 688 9 0 14
439 850 9 1 19
440 115 9 13 4
440 1088 9 17 24
440 822 9 11 19
441 700 10 27 14
441 220 10 9 4
441 251 11 20 4
441 766 11 9 19
442 989 11 20 19
442 48 10 34 4
442 1004 11 17 19
442 229 11 23 4
443 534 10 55 14
443 961 10 35 19
444 254 11 45 9
444 482 11 51 9
445 641 9 45 14
445 312 10 8 9
446 358 9 15 9
446 169 9 40 4
446 914 9 31 19
446 1168 9 37 24
447 107 9 30 4
447 236 11 10 4
447 1040 10 29 24
448 438 10 52 9
448 983 11 33 19
449 531 10 19 14
449 976 11 55 19
449 1155 9 1 24
449 483 11 11 9
450 1074 10 48 24
450 301 10 6 9
450 910 9 20 19
452 903 9 51 19
454 647 9 33 14
454 513 11 30 14
455 937 10 11 19
455 560 10 35 14
456 1210 10 42 24
456 215 11 45 4
457 1222 11 44 24
457 64 10 57 4
457 428 10 32 9
457 1073 10 20 24
459 434 10 42 9
459 1122 9 16 24
459 150 9 5 4
460 626 9 42 14
460 860 9 23 19
460 1164 10 46 24
461 276 11 6 9
461 1250 12 0 24
462 1226 11 16 24
462 1001 12 16 24
463 514 11 30 14
463 655 10 1 14
463 592 10 41 14
464 167 10 41 4
464 860 10 48 19
464 1247 12 42 24
464 399 10 52 9
466 639 10 28 14
466 1176 10 49 24
467 580 10 13 14
467 245 12 19 9
467 744 12 14 14
468 53 10 35 4
468 879 10 31 19
468 987 11 49 19
468 369 10 9 9
469 887 10 8 19
469 1019 11 34 24
470 89 10 6 4
470 880 10 41 19
470 484 11 54 9
470 865 10 40 19
470 740 11 57 14
470 476 11 51 9
471 983 11 15 19
471 364 10 20 9
471 1225 11 29 24
472 806 10 21 19
472 350 10 13 9
472 269 11 38 9
472 96 10 37 4
472 625 10 43 14
473 678 10 39 14
473 326 10 19 9
474 1240 12 24 24
474 1003 12 19 19
474 915 10 1 19
474 459 11 8 9
475 257 12 47 4
475 102 10 42 4
475 337 10 13 9
475 206 11 6 4
476 565 10 57 14
477 787 11 48 19
477 1081 10 37 24
477 787 11 38 19
477 585 10 49 14
477 817 10 46 19
477 1250 12 12 24
478 261 12 55 4
478 552 11 19 14
479 140 10 58 4
479 368 10 36 9
479 1204 11 8 24
479 1017 11 50 24
479 401 10 51 9
480 758 12 20 14
481 720 11 19 14
481 61 11 4 4
482 28 11 33 4
482 820 11 57 19
483 947 11 41 19
483 268 12 16 4
484 442 11 28 9
484 636 10 52 14
485 782 11 32 19
485 408 10 39 9
485 723 11 46 14
486 938 11 41 19
486 1111 10 26 24
486 250 12 28 4
487 1080 11 54 24
487 270 12 33 9
487 356 10 25 9
487 42 11 43 4
487 413 10 2 9
489 1230 12 4 25
490 32 11 24 4
490 120 10 40 4
491 371 10 8 9
492 401 10 20 9
492 665 11 59 14
493 204 11 59 4
493 264 12 48 9
493 597 11 7 14
494 810 11 41 19
496 1167 11 31 24
496 1109 11 28 24
497 920 11 0 19
498 1068 11 35 24
498 105 11 1 4
499 21 12 50 4
499 1211 12 8 24
500 543 11 10 14
501 366 11 10 9
501 575 11 1 14
502 817 11 42 20
503 304 11 50 9
503 1049 11 47 24
503 936 11 23 19
504 187 11 16 4
504 164 11 15 4
504 1039 11 18 25
505 407 11 41 9
505 319 11 33 9
505 392 11 53 9
505 215 11 36 5
506 993 12 29 19
506 235 12 17 4
506 273 12 16 9
506 858 11 37 19
507 897 11 29 19
507 739 12 16 14
507 666 11 28 14
507 598 11 9 14
508 113 10 15 5
508 391 10 9 10
509 1018 12 32 24
510 323 11 35 9
510 1029 11 10 25
511 1226 12 7 24
511 978 12 29 20
511 926 11 52 19
512 19 12 8 4
513 603 10 39 15
513 361 10 54 10
513 259 12 9 5
514 4 12 13 5
514 940 11 44 20
514 434 11 48 10
514 63 11 37 5
515 966 11 53 20
516 165 10 55 5
517 1022 11 47 25
517 140 10 26 5
518 895 10 28 20
518 543 11 32 15
518 1110 10 2 25
518 357 10 49 10
519 1139 10 41 25
519 873 10 11 20
520 700 11 27 15
520 784 11 3 20
522 219 11 19 5
522 270 11 47 10
522 761 12 12 20
523 127 10 34 5
523 431 10 57 10
523 1109 10 45 25
523 489 12 10 10
524 1202 11 59 25
525 996 12 44 25
525 91 10 31 5
526 929 10 51 20
526 187 10 52 5
526 424 10 10 10
526 7 12 37 5
526 723 11 53 15
527 486 11 15 10
527 448 11 22 10
527 980 11 33 20
527 744 12 52 15
527 1084 10 7 25
528 1129 10 29 25
528 619 10 31 15
528 1024 11 25 25
529 704 11 49 15
529 656 10 3 15
530 153 10 28 5
530 232 11 39 5
531 938 10 37 20
531 506 12 31 10
531 1049 11 58 25
531 295 11 40 10
531 641 10 50 15
533 884 10 45 20
533 365 10 52 10
533 732 11 24 15
533 77 10 42 5
534 840 10 29 20
534 750 12 26 15
534 503 12 41 10
534 308 10 6 10
535 539 11 57 15
535 896 10 24 20
535 1020 11 50 25
536 244 11 59 5
536 709 11 2 15
536 348 10 44 10
537 602 10 15 15
538 1009 11 16 25
539 296 10 9 10
539 862 9 59 20
539 66 10 15 5
540 464 11 38 10
541 1037 11 31 25
541 647 9 40 15
541 817 10 20 20
541 473 11 26 10
542 527 11 0 15
542 343 9 59 10
542 440 10 3 10
542 152 9 31 5
542 28 11 49 5
543 550 10 35 15
543 882 9 21 20
544 578 10 26 15
545 383 9 28 10
545 731 11 38 15
545 1119 9 9 25
545 435 10 49 10
546 682 10 56 15
546 795 10 42 20
546 394 9 55 10
546 1129 9 46 25
546 116 9 59 5
546 671 10 46 15
546 219 11 37 5
547 472 11 53 10
548 1172 10 22 25
548 591 9 52 15
549 757 11 9 20
549 50 10 31 5
549 312 10 44 10
550 982 11 24 20
550 56 10 2 5
551 1108 9 7 25
551 458 10 56 10
552 575 9 22 15
552 367 9 33 10
552 117 9 57 5
553 849 9 13 20
554 534 10 29 15
554 222 11 20 5
554 263 11 54 10
554 402 9 4 10
555 1048 10 34 25
555 440 10 20 10
556 648 9 24 15
556 46 10 4 5
556 160 9 21 5
556 452 10 14 10
556 998 11 0 20
557 1193 10 4 25
557 839 9 1 20
557 927 9 38 20
557 431 9 3 10
557 1125 9 47 25
558 1134 9 16 25
558 862 9 56 20
558 1189 10 1 25
559 1241 11 8 25
559 837 9 57 20
559 1018 11 25 25
559 1000 11 44 20
560 810 10 13 20
560 879 9 27 20
560 256 11 51 10
561 16 11 9 5
561 984 11 41 20
561 1215 10 17 25
562 19 11 58 5
562 928 9 46 20
562 875 9 46 20
563 362 9 11 10
563 1053 10 32 25
564 394 9 42 10
564 905 9 45 20
564 235 11 52 5
564 1049 10 7 25
565 637 9 41 15
566 806 10 14 20
566 237 11 13 5
566 470 10 41 10
567 818 9 10 20
567 356 9 14 10
567 368 8 12 10
567 47 10 5 5
568 1047 10 54 25
568 734 11 28 15
568 182 9 53 5
569 332 9 47 10
569 417 9 28 10
569 391 8 50 10
570 120 8 12 5
570 1121 8 13 25
571 564 9 55 15
571 1052 10 31 25
572 1152 8 4 25
573 734 11 56 15
573 999 11 4 20
573 887 8 21 20
574 821 9 47 20
575 950 10 42 20
575 335 9 59 10
576 1245 11 58 25
577 454 10 14 10
577 901 8 42 20
577 463 10 35 10
577 725 10 59 15
578 1220 10 41 25
578 150 8 16 5
578 758 11 13 15
578 197 9 46 5
579 1118 8 49 25
579 325 9 15 10
580 918 9 52 20
580 1048 9 1 25
580 1065 9 20 25
580 803 9 38 20
580 51 9 29 5
580 930 9 5 20
580 1 11 26 5
580 667 9 58 15
581 173 9 47 5
581 726 10 30 15
582 995 11 3 20
582 868 8 42 20
582 451 9 54 10
583 474 10 7 10
583 674 9 38 15
583 1181 9 58 25
584 456 10 21 10
584 829 9 17 20
584 790 10 33 20
585 433 9 20 10
585 692 9 15 15
586 882 8 47 20
587 995 11 54 20
588 134 8 42 5
588 8 11 38 5
588 196 9 27 5
589 574 9 58 15
589 25 10 51 5
589 75 9 13 5
589 616 8 48 15
589 475 10 58 10
589 219 10 6 5
591 1092 8 49 25
592 1172 8 18 25
592 785 10 44 20
594 57 9 11 5
594 1050 9 23 25
595 101 8 10 5
595 13 10 1 5
596 714 10 10 15
596 215 10 33 5
596 1021 10 4 25
597 1010 10 44 25
597 974 10 27 20
598 460 9 11 10
598 420 8 15 10
599 318 9 17 10
599 142 8 24 5
600 982 10 32 20
600 219 10 50 5
601 738 10 37 15
601 1035 10 40 25
601 92 8 30 5
601 487 10 31 10
602 496 11 22 10
602 711 9 8 15
602 1065 9 59 25
603 794 9 21 20
604 46 9 52 5
604 1133 7 12 25
605 541 9 1 15
605 809 9 50 20
607 1213 9 10 25
608 925 8 42 20
609 504 11 1 10
610 502 11 55 10
610 858 7 53 20
611 238 10 16 5
611 697 9 57 15
612 1195 9 54 25
612 811 9 19 20
613 1051 9 30 25
613 494 10 58 10
613 597 8 3 15
613 1059 9 57 25
613 279 10 2 10
613 256 10 18 10
613 920 8 7 20
614 956 9 18 20
614 743 10 43 15
614 741 10 57 15
615 828 8 55 20
615 190 9 23 5
615 590 8 19 15
616 452 9 19 10
616 1019 10 45 25
616 22 10 28 5
617 795 9 10 20
617 739 10 6 15
617 194 9 12 5
617 851 7 22 20
617 953 9 59 20
618 131 7 54 5
618 329 8 33 10
618 1151 7 42 25
618 107 7 55 5
618 487 10 20 10
619 464 9 35 10
619 885 7 12 20
619 569 8 17 15
620 211 9 22 5
621 335 8 31 10
621 995 11 48 20
621 1229 10 12 25
622 848 7 26 20
622 981 10 37 20
623 1182 8 6 25
623 1249 11 37 25
623 1239 10 44 25
624 189 9 25 5
625 415 8 20 10
625 624 7 34 15
626 734 10 12 15
627 1004 11 43 20
627 940 9 53 20
627 794 9 31 20
627 815 9 20 20
628 788 9 13 20
628 386 7 41 10
628 218 10 19 5
628 59 9 25 5
628 957 9 56 20
629 719 10 18 15
629 760 10 20 20
629 244 10 21 5
629 609 7 0 15
629 64 9 7 5
629 83 8 41 5
629 745 11 28 15
630 20 10 11 5
630 1145 7 50 25
630 371 7 42 10
630 664 8 34 15
631 454 9 30 10
631 713 9 54 15
632 184 8 1 5
633 505 11 8 10
633 115 7 53 5
633 358 7 38 10
634 209 9 52 5
634 766 10 10 20
635 1186 9 50 25
635 217 10 18 5
635 1245 11 22 25
636 194 9 33 5
636 616 7 12 15
637 368 7 46 10
638 798 9 53 20
638 1200 9 25 25
638 1245 11 19 25
640 550 9 4 15
640 409 8 43 10
641 143 7 7 5
641 153 8 23 5
642 437 9 55 10
643 92 8 28 5
643 327 8 23 10
643 1097 8 2 25
643 192 9 1 5
644 1178 8 43 25
646 940 9 6 20
646 1141 7 52 25
646 947 9 25 20
646 644 7 40 15
646 1043 9 14 25
647 442 9 12 10
647 321 8 33 10
648 960 9 22 20
648 59 9 5 5
648 145 8 11 5
650 960 9 7 20
650 565 9 15 15
650 1015 10 53 25
650 853 8 25 20
651 560 9 29 15
651 117 7 18 5
651 202 9 29 5
651 628 7 15 15
653 818 9 4 20
654 774 10 55 20
654 1025 10 27 25
655 798 9 8 20
655 526 10 30 15
655 324 8 34 10
656 945 9 31 20
656 673 8 17 15
657 552 9 55 15
657 375 8 47 10
657 719 10 11 15
657 259 11 56 5
658 223 10 30 5
658 1005 11 17 25
658 378 8 40 10
658 370 8 48 10
658 1105 8 58 25
659 584 8 55 15
659 820 9 0 20
659 441 9 31 10
659 422 8 9 10
659 917 8 57 20
660 867 8 35 20
660 876 8 16 20
660 428 9 12 10
660 366 8 28 10
660 361 8 34 10
661 235 10 33 5
662 140 8 39 5
662 275 10 3 10
662 460 10 41 10
662 200 9 43 5
663 509 11 58 15
663 262 10 8 10
664 1191 9 51 25
664 1205 9 20 25
664 920 8 42 20
664 509 11 15 10
664 662 8 37 15
664 1217 10 37 25
664 1029 10 2 25
665 418 8 49 10
666 727 10 26 15
666 1204 9 24 25
666 199 9 58 5
666 382 8 58 10
667 1061 9 12 25
667 878 8 48 20
667 32 10 45 5
667 1170 9 4 25
668 611 8 20 15
668 973 10 55 20
668 625 8 1 15
668 298 9 47 10
669 453 9 11 10
669 41 10 5 5
669 916 9 7 20
669 920 9 37 20
670 775 10 31 20
670 647 8 46 15
670 274 10 41 10
671 502 11 12 10
671 39 10 21 5
671 42 10 31 5
671 479 10 20 10
672 419 9 13 10
672 73 9 52 5
673 1024 10 54 25
673 1208 10 28 25
674 885 8 21 20
674 184 9 24 5
674 585 9 22 15
674 314 9 2 10
675 752 11 50 15
675 819 9 46 20
675 505 11 1 10
676 70 9 48 5
677 820 9 51 20
677 502 11 49 15
678 506 11 26 15
678 1191 9 47 25
678 271 10 1 10
678 1158 9 21 25
679 299 10 41 10
680 126 8 40 5
680 842 9 24 20
682 557 9 38 15
682 779 10 48 20
683 682 9 2 15
684 1086 9 9 25
684 1008 11 26 25
685 1049 10 43 25
685 306 10 21 10
685 42 10 48 5
685 1104 9 14 25
686 1125 9 33 25
687 924 9 53 20
687 555 10 58 15
687 972 10 28 20
688 153 9 21 5
688 778 10 12 20
688 903 9 52 20
689 794 10 43 20
689 367 9 14 10
689 758 11 34 15
690 1029 10 21 25
691 414 9 7 10
691 147 9 22 5
692 1163 9 4 25
692 369 9 49 10
692 291 10 40 10
692 1135 9 52 25
693 260 11 42 10
693 242 11 1 5
693 306 10 33 10
694 477 11 23 10
694 344 9 26 10
694 214 10 11 5
694 659 9 3 15
695 445 10 20 10
695 27 11 21 5
695 219 10 29 5
695 141 9 55 5
695 1069 9 34 25
696 858 9 17 20
696 1136 9 1 25
697 747 11 8 15
697 487 11 2 10
698 660 9 0 15
699 771 11 28 20
699 1207 10 23 25
700 1164 9 12 25
700 1027 11 20 25
701 478 11 58 10
702 947 10 18 20
702 1180 10 54 25
702 518 11 12 15
702 737 11 18 15
703 1120 9 8 25
703 292 10 16 10
703 654 9 7 15
703 1134 9 49 25
704 15 11 8 5
704 430 10 49 10
704 467 11 42 10
705 182 10 33 5
706 148 9 12 5
706 316 10 0 10
707 133 9 45 5
708 1148 9 15 25
709 419 10 20 10
709 1088 10 58 25
709 689 10 37 15
709 91 10 15 5
709 1050 10 24 25
709 172 10 46 5
710 984 11 17 20
710 234 11 32 5
710 813 10 49 20
710 361 9 9 10
711 455 10 0 10
711 292 10 4 10
711 319 10 13 10
711 848 10 12 20
712 510 11 3 15
713 679 10 31 15
714 542 11 6 15
714 309 10 7 10
714 768 11 49 20
714 164 10 7 5
715 1226 11 23 25
715 977 11 48 20
716 423 10 56 10
716 1071 10 24 25
717 566 10 30 15
717 538 11 30 15
717 131 10 57 5
719 822 10 34 20
719 743 12 31 15
719 373 10 34 10
720 786 11 42 20
721 852 10 51 20
721 788 11 32 20
721 1065 10 19 25
722 598 10 59 15
722 486 11 49 10
722 864 10 57 20
722 587 10 8 15
723 307 10 13 10
723 96 10 46 5
723 1014 11 17 25
723 1002 12 6 25
724 574 10 51 15
726 540 11 30 15
727 922 10 18 20
727 973 11 46 20
727 8 12 53 5
728 732 11 17 15
728 893 10 53 20
728 600 10 35 15
729 505 12 24 10
729 1006 12 8 20
729 404 10 15 10
730 1033 11 12 25
730 651 10 32 15
730 40 11 45 5
731 14 12 42 5
731 948 11 30 20
731 286 11 20 10
732 760 12 5 20
733 500 12 4 10
733 340 10 2 10
733 733 12 57 20
734 707 11 29 15
734 564 11 13 15
735 443 11 56 10
736 918 10 18 20
736 859 10 10 20
736 1236 12 4 26
736 437 11 23 10
736 255 12 57 5
736 434 11 13 10
736 489 12 29 10
736 562 11 40 15
737 737 12 35 15
738 798 11 48 20
738 873 10 18 20
738 1192 11 20 25
739 582 11 57 15
739 573 11 3 15
740 793 11 55 20
741 1017 12 13 25
741 830 11 11 20
742 516 12 3 16
742 90 11 17 5
742 693 11 36 15
742 653 11 48 15
743 131 10 51 5
743 701 11 6 15
743 882 10 8 20
744 1195 11 57 25
745 756 12 2 15
745 782 12 2 20
745 1240 12 54 26
745 54 11 23 5
745 1019 12 15 25
746 11 12 42 5
746 1055 11 41 25
746 1065 11 26 25
746 706 11 38 15
746 255 12 57 10
747 875 11 15 20
747 51 11 43 5
747 807 11 26 20
747 1152 11 55 25
747 1162 11 18 25
747 533 12 6 15
747 267 12 5 10
747 925 11 38 20
747 439 11 3 10
748 306 11 8 10
748 746 12 26 20
748 727 12 8 15
748 923 11 11 21
749 31 12 29 5
749 1227 12 25 25
749 1192 11 47 25
749 249 12 9 5
749 702 11 17 15
749 1073 11 45 25
750 494 12 18 10
750 1117 11 6 25
751 1039 12 48 25
751 162 11 12 6
751 1085 11 52 25
751 876 11 11 20
752 461 12 28 10
752 261 12 26 10
752 602 11 45 15
753 827 11 54 20
753 951 11 4 20
753 726 12 42 15
753 418 11 1 10
753 373 11 39 10
755 171 11 0 5
755 1019 12 56 25
756 93 11 49 5
756 146 11 7 5
756 310 11 1 10
757 288 11 27 11
757 510 12 10 11
759 1094 11 1 25
759 385 10 45 11
760 1208 11 19 26
760 742 12 4 15
761 1225 12 6 25
761 874 10 36 21
762 77 11 52 5
762 457 11 16 11
762 246 12 45 11
762 73 11 29 5
763 1151 10 26 26
763 1112 10 51 26
763 1188 11 17 26
764 997 12 38 21
765 88 10 43 6
765 371 10 21 11
765 791 11 58 21
766 407 10 9 11
766 478 11 58 11
766 752 12 44 21
766 719 11 5 16
767 571 11 32 16
767 450 11 45 11
767 63 11 36 6
767 118 10 32 6
768 1030 11 41 26
768 186 11 25 6
769 1038 11 39 26
769 71 10 34 6
770 508 12 45 11
770 668 10 42 16
771 943 11 27 21
772 594 10 30 16
773 69 10 53 6
773 758 12 32 16
773 821 10 29 21
774 1190 11 29 26
775 260 12 16 11
776 713 11 45 16
777 490 12 15 16
777 513 11 45 16
779 619 10 3 16
779 959 11 58 21
779 617 10 55 16
779 129 10 41 6
779 68 10 34 6
779 149 10 16 6
780 1230 11 40 26
780 84 10 35 6
780 614 10 6 16
782 624 10 24 16
782 630 10 33 16
782 809 10 38 21
782 900 10 2 21
784 869 10 9 21
785 658 10 10 16
785 1194 10 43 26
785 298 10 35 11
785 938 10 42 21
785 231 11 10 6
785 88 10 12 6
785 252 12 24 11
786 736 11 29 16
786 782 11 42 21
786 428 10 17 11
787 1135 9 1 26
787 755 11 3 21
788 908 10 38 21
788 879 9 17 21
789 164 10 40 6
790 160 10 45 6
790 104 9 55 6
791 234 11 43 6
791 58 10 44 6
792 569 10 50 16
792 533 11 25 16
792 1044 10 18 26
793 798 10 58 21
794 417 10 57 11
794 932 10 45 21
794 604 9 4 16
795 1046 10 13 26
796 717 11 18 16
796 348 9 34 11
797 989 11 15 21
798 726 11 28 16
798 576 10 36 16
798 422 10 51 11
800 529 11 3 16
800 689 10 18 16
801 810 10 53 21
801 494 11 15 11
801 1240 11 34 26
801 189 10 22 6
802 47 10 49 6
802 220 10 43 6
802 218 10 16 6
802 474 11 45 11
803 491 11 22 11
803 971 10 25 21
803 96 9 25 6
804 554 10 7 16
804 438 10 20 11
805 758 11 9 21
806 1218 10 43 26
806 735 11 10 16
807 776 11 26 21
807 44 10 53 6
807 555 10 0 16
807 880 9 23 21
808 782 10 39 21
810 93 9 56 6
810 532 10 28 16
810 396 9 57 11
810 743 11 22 16
810 358 9 36 11
811 640 9 25 16
813 347 9 59 11
813 410 9 19 11
813 658 9 20 16
814 407 9 9 11
815 1011 11 12 21
816 1166 9 27 26
816 1087 9 44 26
816 1034 10 26 26
817 1246 11 9 26
817 890 8 27 21
817 338 9 42 11
817 144 9 54 6
819 585 9 49 16
819 243 11 8 6
819 1226 10 19 26
819 1027 10 49 26
819 686 9 20 16
819 118 8 28 6
820 1176 9 32 26
820 354 8 23 11
821 188 9 46 6
821 446 9 26 11
822 893 8 23 21
822 1120 8 1 26
823 900 8 57 21
823 382 8 12 11
823 800 10 30 21
824 881 8 54 21
824 177 9 34 6
825 136 8 58 6
826 1241 11 20 26
827 857 8 33 21
827 1147 8 17 26
828 1032 10 32 26
828 441 9 43 11
829 1002 11 29 26
830 606 8 0 16
830 502 11 19 11
830 1061 9 47 26
831 1105 8 9 26
832 272 10 46 11
832 637 8 30 16
832 351 8 55 11
833 425 9 28 11
833 62 9 30 6
833 38 10 14 6
833 272 10 9 11
834 1138 8 42 26
834 105 8 35 6
834 1002 11 41 21
834 999 11 5 21
835 590 8 21 16
836 54 9 59 6
836 351 8 21 11
836 736 10 23 16
836 255 11 56 6
836 912 8 33 21
837 1151 8 45 26
837 1105 8 43 26
838 396 8 7 11
838 222 10 43 6
839 46 9 55 6
839 42 10 33 6
839 401 8 0 11
840 70 9 27 6
840 382 8 8 11
840 751 11 21 16
841 969 10 27 21
842 694 9 27 16
842 458 9 8 11
842 590 8 28 16
843 699 9 5 16
843 885 8 30 21
843 518 10 23 16
843 756 11 33 16
844 324 8 52 11
844 686 9 38 16
845 472 10 42 11
846 219 10 35 6
846 1029 10 5 26
847 749 11 16 21
847 632 7 32 16
847 1057 9 18 26
848 418 8 7 11
848 1123 7 53 26
848 1190 9 41 26
849 57 9 56 6
849 758 10 26 21
850 1044 9 18 26
850 852 8 31 21
850 1045 9 26 26
850 757 11 1 16
851 842 8 26 21
851 742 10 51 16
851 472 10 53 11
851 528 10 53 16
852 269 10 59 11
853 439 9 14 11
853 53 9 13 6
854 500 11 26 16
854 291 9 15 11
854 472 10 41 11
854 492 10 23 11
854 996 11 37 21
854 651 8 5 16
855 943 9 57 21
855 298 9 30 11
856 88 8 35 6
856 1230 10 31 26
856 372 7 57 11
856 1010 10 32 26
857 772 10 39 21
857 243 10 29 6
857 181 8 50 6
859 1205 9 39 26
859 1242 10 15 26
859 631 7 24 16
860 775 10 27 21
860 357 7 33 11
860 975 10 42 21
860 302 9 58 11
861 448 9 59 11
861 1118 7 36 26
861 613 7 24 16
863 877 7 50 21
864 697 9 29 16
865 409 8 17 11
865 458 9 41 11
866 97 7 36 6
866 909 8 30 21
866 930 8 59 21
867 85 8 43 6
867 1229 10 4 26
868 443 9 23 11
868 1036 9 20 26
868 841 8 1 21
870 301 9 12 11
870 339 8 42 11
871 358 7 28 11
871 423 8 35 11
872 55 9 39 6
872 781 10 0 21
872 767 10 15 21
872 177 8 1 6
872 1035 10 42 26
873 1196 9 46 26
874 543 9 16 16
875 996 11 58 21
875 730 10 13 16
876 450 9 41 11
877 373 7 41 11
877 911 8 11 21
877 885 7 33 21
877 713 9 9 16
878 324 8 35 11
878 1021 10 15 26
878 812 9 38 21
878 57 9 44 6
878 111 7 57 6
879 593 8 6 16
879 242 10 7 6
879 630 7 56 16
879 262 10 49 11
879 368 7 11 11
879 653 7 19 16
880 644 7 10 16
880 290 9 4 11
880 489 10 23 11
880 242 10 44 6
881 1050 9 32 26
882 154 7 59 6
883 796 9 16 21
884 983 10 24 21
884 155 8 6 6
884 169 8 17 6
884 1243 10 6 26
885 569 8 52 16
885 608 7 25 16
885 1174 8 5 26
885 530 10 5 16
886 316 9 58 11
886 1142 7 38 26
886 77 8 8 6
886 1076 8 31 26
887 77 8 47 6
887 531 10 35 16
887 6 10 47 6
887 1044 9 17 26
887 683 8 19 16
888 353 7 44 11
890 759 10 16 21
890 491 10 26 11
892 120 7 32 6
893 1117 7 5 26
894 1214 10 29 26
894 1008 10 52 26
894 989 10 7 21
895 775 10 33 21
895 1128 7 7 26
896 1175 8 52 26
896 1021 10 57 26
897 866 7 6 21
897 1138 7 0 26
897 1218 10 21 26
898 1187 9 12 26
898 114 7 9 6
898 1129 7 20 26
898 190 9 4 6
899 493 11 26 11
899 1243 11 25 26
899 920 8 1 21
900 664 8 24 16
900 58 9 55 6
901 513 10 1 16
901 1155 8 56 26
902 1211 10 34 26
902 1093 8 36 26
903 670 8 43 16
903 894 8 51 21
903 163 8 48 6
903 73 8 27 6
903 652 8 59 16
904 989 10 14 21
907 882 8 51 21
907 883 8 5 21
907 1137 8 36 26
908 56 9 35 6
909 6 11 4 6
909 107 8 1 6
910 864 8 43 21
910 1128 8 48 26
912 911 8 59 21
912 1154 8 49 26
913 167 8 48 6
914 135 8 12 6
914 402 8 2 11
914 43 10 57 6
916 74 9 32 6
917 788 10 58 21
917 34 10 15 6
917 1089 8 49 26
917 995 11 52 21
918 1170 9 40 26
919 388 8 44 11
920 671 9 53 16
920 6 11 36 6
920 756 11 18 16
920 229 10 30 6
921 875 8 19 21
921 879 8 2 21
921 1187 9 18 26
922 486 11 38 11
922 143 8 1 6
922 1210 10 24 26
923 980 10 29 21
924 1240 11 58 26
924 707 10 52 16
925 312 9 57 11
925 1246 11 55 26
925 538 10 54 16
925 248 11 40 6
926 489 11 43 11
926 406 8 45 11
926 579 9 29 16
926 785 10 24 21
927 1152 8 57 26
927 151 8 23 6
927 1084 9 13 26
928 266 11 30 11
928 618 8 22 16
928 896 8 29 21
929 562 9 19 16
929 522 10 6 16
930 76 9 9 6
930 1220 10 56 26
931 840 9 59 21
931 5 11 37 6
931 351 9 14 11
931 331 9 21 11
932 212 10 56 6
933 1038 10 8 26
934 936 9 31 21
935 161 9 26 6
936 473 10 2 11
937 907 9 56 21
938 192 10 47 6
938 351 9 0 11
939 726 10 40 16
939 740 11 44 16
939 220 10 55 6
939 448 10 26 11
940 198 10 24 6
940 964 10 31 21
942 312 10 3 11
942 277 10 46 11
943 1015 11 55 26
944 902 9 1 21
944 130 9 9 6
944 331 9 0 11
945 423 9 23 11
945 502 11 23 16
945 491 11 29 11
945 743 11 34 21
946 1033 10 29 26
946 479 11 30 11
946 812 10 22 21
946 604 9 29 16
947 1095 9 7 26
947 29 10 29 6
947 163 9 50 6
948 534 10 55 16
948 465 10 37 11
949 306 10 14 11
949 258 11 13 11
949 267 11 39 11
949 1028 11 2 26
950 396 9 53 11
950 457 10 32 11
950 437 10 42 11
950 1190 10 29 26
950 807 10 27 21
951 709 10 1 16
951 889 9 54 21
952 447 10 50 11
952 246 11 4 6
952 185 10 32 6
952 814 10 45 21
953 413 9 57 11
953 925 10 41 21
953 1250 11 38 26
954 986 11 20 21
954 1175 10 5 26
954 1111 9 7 26
954 1014 11 47 26
955 1219 11 26 26
956 156 9 30 6
956 770 11 9 21
956 1060 10 55 26
957 702 10 37 16
957 504 11 38 16
957 1185 10 38 26
957 930 10 25 21
958 115 9 8 6
958 433 10 52 11
959 1123 9 38 26
959 464 11 47 11
960 986 11 54 21
960 1014 11 31 26
961 1004 11 11 26
961 1242 11 28 26
961 923 10 1 21
961 917 10 39 21
961 357 9 29 11
961 406 10 47 11
963 194 10 29 6
963 10 11 34 6
963 929 10 19 21
964 33 11 7 6
964 982 11 31 21
965 433 10 52 11
965 584 10 37 16
965 844 10 44 21
965 556 10 49 16
965 315 10 44 11
966 766 11 23 21
966 585 10 16 16
966 817 10 6 21
967 806 10 32 21
967 18 11 3 6
968 60 10 44 6
968 458 11 3 11
969 330 10 33 11
969 1174 10 9 26
969 241 11 3 6
969 865 10 25 21
970 759 11 39 21
970 133 10 42 6
972 53 11 11 6
972 715 11 11 16
972 751 12 54 21
972 177 10 32 6
972 1132 10 4 26
973 1040 11 25 26
976 558 11 1 16
976 1030 11 51 26
977 383 10 54 11
977 1124 10 27 26
977 1142 10 2 26
978 881 10 53 21
978 674 10 59 16
978 625 10 46 16
979 854 10 30 21
979 1137 10 35 26
979 679 10 36 16
979 109 10 7 6
980 909 10 58 21
980 248 12 44 6
980 236 12 13 6
982 381 10 22 11
982 338 10 47 11
983 593 10 49 16
983 1176 10 17 26
984 995 12 21 21
984 854 10 50 21
984 1145 10 20 26
984 78 10 38 6
984 625 10 30 16
985 52 11 3 6
986 681 11 42 16
986 439 11 41 11
987 818 11 49 21
987 40 11 14 6
987 1031 11 37 26
987 1084 10 14 26
988 294 11 15 11
989 1180 11 28 26
989 758 12 0 16
990 44 11 43 6
990 42 11 22 6
990 584 11 46 16
991 821 11 34 21
991 1249 12 8 26
992 1165 11 16 26
992 410 11 9 11
992 386 10 36 11
992 744 12 15 16
992 69 11 59 6
993 239 12 20 6
993 594 11 21 16
993 625 10 21 16
994 245 12 0 6
994 739 12 10 16
995 28 12 31 6
997 66 11 13 6
997 1210 11 53 26
998 851 11 51 21
999 296 11 51 11
999 24 12 23 6
1000 895 11 46 21
1000 398 11 25 11
1001 274 12 56 11
1001 1061 11 35 26
1003 567 11 39 16
1003 771 12 33 21
1003 483 12 41 11
1003 32 12 55 6
1004 610 11 1 16
1004 650 11 42 16
1005 283 12 30 11
1005 1101 11 15 26
1005 233 12 28 6
1005 566 11 56 17
1005 203 11 23 7
1006 888 10 36 22
1006 519 12 57 16
1006 174 11 0 6
1006 275 12 52 11
1007 31 12 56 6
1008 1017 12 20 26
1008 433 11 5 11
1008 799 11 9 22
1008 1002 12 12 27
1008 111 10 15 7
1009 436 11 40 11
1009 130 10 25 7
1010 11 12 8 6
1010 581 11 24 16
1011 636 10 9 17
1011 52 11 23 7
1011 925 11 10 21
1011 52 11 34 7
1011 886 10 19 22
1013 970 11 38 22
1013 288 11 14 12
1014 1023 12 52 26
1015 103 10 19 7
1015 787 11 1 22
1016 808 11 45 22
1016 261 12 53 7
1017 628 10 23 17
1017 436 11 52 12
1017 737 12 13 22
1017 1026 11 19 27
1017 1021 11 16 27
1017 354 10 50 12
1018 832 10 16 22
1018 2 12 16 7
1018 838 10 34 22
1018 234 12 4 6
1018 1217 11 28 27
1019 627 10 39 17
1019 1090 10 5 27
1019 258 12 33 12
1020 224 11 46 7
1020 1220 11 46 27
1022 673 10 58 17
1022 1073 10 47 27
1023 31 11 10 7
1024 1134 10 7 27
1024 930 10 10 22
1024 950 11 12 22
1025 888 10 42 22
1025 393 10 30 12
1026 371 10 42 12
1028 462 11 48 12
1029 446 10 14 12
1029 1224 11 54 27
1029 654 10 49 17
1030 196 10 52 7
1030 1217 11 47 27
1031 296 11 12 12
1031 682 10 44 17
1031 525 11 1 17
1031 229 11 23 7
1031 92 10 52 7
1031 900 10 43 22
1031 58 10 31 7
1032 1127 10 8 27
1032 1237 11 17 27
1032 316 10 35 12
1032 884 10 29 22
1032 689 10 48 17
1033 870 10 40 22
1033 638 10 2 17
1033 1000 12 34 22
1033 719 11 18 17
1034 1030 11 52 27
1034 5 12 21 7
1034 267 11 20 12
1035 503 12 0 12
1036 596 10 32 17
1036 171 10 33 7
1036 576 10 34 17
1037 799 10 54 22
1038 427 10 15 12
1038 799 10 22 22
1038 379 9 0 12
1039 453 10 9 12
1039 547 10 3 17
1039 543 10 52 17
1039 944 10 49 22
1040 1082 10 15 27
1040 513 11 29 17
1040 621 9 42 17
1040 835 10 38 22
1041 1145 9 21 27
1041 571 10 25 17
1041 279 11 1 12
1042 810 10 22 22
1042 72 10 34 7
1042 1067 10 28 27
1043 529 11 43 17
1044 57 10 22 7
1044 537 10 0 17
1044 1 11 37 7
1044 976 11 48 22
1046 1028 11 19 27
1046 1161 9 29 27
1046 576 10 10 17
1047 22 11 39 7
1047 980 11 21 22
1047 607 9 34 17
1048 119 9 4 7
1048 1165 9 55 27
1048 492 11 20 12
1048 1135 9 20 27
1049 112 9 9 7
1049 1119 9 20 27
1049 1026 11 21 27
1049 110 9 12 7
1050 353 9 5 12
1050 810 10 10 22
1050 284 10 27 12
1051 1055 10 26 27
1051 657 9 44 17
1052 508 11 57 17
1052 889 9 47 22
1052 174 9 9 7
1052 691 10 50 17
1052 688 10 1 17
1052 552 10 35 17
1052 773 11 18 22
1053 700 10 44 17
1053 1138 9 57 27
1053 11 11 19 7
1053 42 10 21 7
1054 535 10 38 17
1054 1173 9 38 27
1054 1085 9 51 27
1054 230 11 40 7
1055 664 9 9 17
1055 427 9 12 12
1055 1101 9 14 27
1055 166 9 14 7
1055 509 11 0 17
1056 150 9 26 7
1056 1207 10 26 27
1056 967 10 9 22
1058 233 11 38 7
1058 489 11 39 12
1058 1229 11 22 27
1058 399 9 35 12
1058 1008 11 42 22
1058 865 9 41 22
1059 1008 11 1 22
1059 258 11 26 7
1059 16 11 39 7
1059 182 9 41 7
1059 1189 10 36 27
1059 520 11 29 17
1060 755 11 42 17
1060 776 10 3 22
1061 130 9 40 7
1064 1250 11 27 27
1064 333 9 53 12
1065 732 11 59 17
1065 1005 11 40 22
1065 859 9 31 22
1066 377 8 29 12
1066 623 8 31 17
1066 910 9 11 22
1067 493 11 30 12
1067 933 9 36 22
1067 28 10 17 7
1068 503 11 36 17
1068 843 9 36 22
1069 537 10 43 17
1072 574 9 2 17
1072 914 9 37 22
1073 113 8 13 7
1074 199 9 42 7
1074 466 10 59 12
1075 56 9 49 7
1075 240 11 16 7
1076 17 10 41 7
1076 409 8 50 12
1076 590 9 42 17
1077 263 11 12 7
1078 237 11 23 7
1079 542 10 10 17
1080 426 9 33 12
1080 734 10 6 17
1080 466 10 14 12
1080 983 10 13 22
1081 761 11 25 17
1081 878 8 7 22
1081 23 10 4 7
1082 171 9 5 7
1082 1169 9 38 27
1083 537 10 25 17
1083 152 8 37 7
1084 939 9 41 22
1084 349 8 56 12
1084 230 10 5 7
1084 1224 10 58 27
1085 178 9 32 7
1086 770 10 33 22
1087 399 8 33 12
1087 106 8 27 7
1088 807 9 10 22
1088 980 10 46 22
1088 858 8 9 22
1088 1138 8 10 27
1088 76 9 27 7
1088 116 8 17 7
1088 1084 8 43 27
1088 1052 9 10 27
1089 254 11 59 12
1091 111 8 47 7
1092 454 9 33 12
1092 733 10 10 17
1092 250 11 12 12
1093 430 9 39 12
1093 855 8 24 22
1093 549 9 26 17
1094 677 9 4 17
1096 433 9 23 12
1098 974 10 22 22
1098 881 7 10 22
1098 56 9 1 7
1098 57 9 48 7
1098 710 9 39 17
1099 722 10 42 17
1099 574 8 44 17
1099 1242 10 44 27
1099 1163 8 32 27
1100 457 9 16 12
1100 314 9 17 12
1100 430 9 5 12
1100 1224 10 43 27
1101 142 7 27 7
1102 552 9 43 17
1102 394 7 44 12
1102 778 10 29 22
1102 933 9 11 22
1102 145 8 1 7
1103 787 10 4 22
1103 867 7 21 22
1103 1213 10 53 27
1103 392 7 51 12
1104 1201 9 54 27
1104 220 10 3 7
1104 1052 9 4 27
1104 703 9 26 17
1104 157 8 19 7
1105 1125 7 22 27
1106 271 10 30 12
1106 82 8 42 7
1106 752 11 44 17
1106 333 8 32 12
1106 1206 9 35 27
1107 308 9 24 12
1107 84 8 11 7
1107 445 9 9 12
1107 1051 9 8 27
1107 825 8 55 22
1107 1030 10 33 27
1107 1001 11 17 22
1108 499 11 4 12
1108 398 7 38 12
1108 335 8 52 12
1109 623 7 24 17
1110 365 7 13 12
1110 156 8 29 7
1110 498 11 53 17
1110 3 11 16 7
1110 942 9 22 22
1111 892 7 58 22
1111 139 7 37 7
1112 844 8 15 22
1112 703 9 41 17
1112 845 8 24 22
1112 654 8 10 17
1112 1002 11 45 27
1113 762 10 50 22
1113 1127 7 21 27
1114 954 9 7 22
1114 957 9 12 22
1114 157 8 55 7
1114 34 10 44 7
1115 294 9 45 12
1115 462 9 22 12
1116 350 7 0 12
1116 685 9 56 17
1117 925 8 31 22
1117 947 9 9 22
1118 323 8 44 12
1118 289 9 4 12
1118 641 7 18 17
1118 802 9 40 22
1118 1106 7 34 27
1118 175 8 2 7
1119 199 9 4 7
1120 1012 10 40 27
1120 461 9 23 12
1121 226 10 50 7
1121 1177 8 56 27
1121 201 9 46 7
1122 324 8 40 12
1122 1143 7 26 27
1124 1069 8 53 27
1124 686 9 21 17
1124 160 8 50 7
1125 588 8 56 17
1125 295 9 59 12
1125 921 8 32 22
1125 1018 10 17 27
1127 1228 10 58 27
1127 991 10 44 22
1128 379 7 5 12
1128 883 7 34 22
1128 22 10 21 7
1128 372 7 27 12
1128 77 8 35 7
1129 895 7 18 22
1129 580 8 51 17
1129 622 7 36 17
1130 578 8 54 17
1131 650 7 55 17
1131 827 8 54 22
1131 307 9 26 12
1132 1095 8 22 27
1133 251 11 48 7
1134 67 8 31 7
1135 481 10 2 12
1136 969 10 12 22
1138 361 7 13 12
1138 1122 7 58 27
1138 1112 7 50 27
1139 882 7 45 22
1140 295 9 24 12
1140 818 8 43 22
1141 635 7 58 17
1141 432 8 6 12
1141 1228 10 31 27
1142 962 9 49 22
1142 883 7 38 22
1142 379 7 49 12
1143 935 9 48 22
1143 900 8 15 22
1143 1077 8 46 27
1144 26 10 22 7
1144 928 8 36 22
1144 1104 7 13 27
1145 507 10 49 17
1145 456 9 46 12
1145 489 10 4 12
1146 190 9 25 7
1147 955 9 32 22
1148 143 7 52 7
1148 431 9 11 12
1148 185 9 59 7
1148 604 8 14 17
1149 972 10 0 22
1149 1075 8 22 27
1149 699 9 8 17
1150 1214 10 4 27
1150 1071 8 27 27
1151 863 7 6 22
1152 140 8 54 7
1152 955 9 12 22
1152 969 10 23 22
1152 1047 9 29 27
1153 508 11 2 17
1153 221 10 29 7
1153 531 10 1 17
1154 1179 9 52 27
1154 816 9 0 22
1154 795 9 42 22
1154 279 10 40 12
1155 951 9 7 22
1155 173 8 20 7
1155 654 8 54 17
1156 205 9 35 7
1157 524 10 33 17
1157 757 11 44 17
1158 827 8 14 22
1158 221 10 38 7
1158 752 11 9 17
1158 531 10 46 17
1158 367 8 22 12
1158 602 8 13 17
1158 160 8 37 7
1159 1046 9 36 27
1160 1004 11 13 22
1160 88 8 59 7
1162 104 8 36 7
1162 1224 10 9 27
1162 353 8 18 12
1163 949 9 42 22
1163 624 8 55 17
1164 1100 8 30 27
1164 1083 8 57 27
1164 1070 9 24 27
1164 306 9 33 12
1164 1025 10 19 27
1164 307 9 17 12
1164 299 9 17 12
1165 802 9 11 22
1165 920 9 51 22
1166 111 8 57 7
1166 680 9 18 17
1167 644 8 11 17
1167 50 9 43 7
1167 668 9 53 17
1169 93 8 37 7
1169 523 10 27 17
1170 291 10 7 12
1171 945 9 7 22
1171 979 10 29 22
1172 1201 9 46 27
1172 82 9 29 7
1172 295 10 42 12
1172 185 9 23 7
1173 1152 8 57 27
1174 1185 9 47 27
1175 606 8 15 17
1175 672 9 33 17
1176 267 10 48 12
1176 305 9 33 12
1177 406 9 7 12
1177 188 9 43 7
1177 224 10 56 7
1178 100 8 5 7
1178 187 9 59 7
1178 1028 10 21 27
1178 678 9 24 17
1179 1235 11 9 27
1179 623 8 38 17
1179 912 9 35 22
1179 425 9 52 12
1180 359 8 27 12
1180 1178 9 45 27
1181 105 8 4 7
1181 1053 10 10 27
1181 1046 10 30 27
1182 1037 10 33 27
1182 1115 8 30 27
1182 581 9 30 17
1183 722 10 40 17
1183 245 11 59 7
1184 424 9 16 12
1184 300 10 1 12
1185 924 9 33 22
1185 864 9 31 22
1186 260 11 58 7
1186 823 9 12 22
1187 161 9 38 7
1187 248 11 23 7
1187 495 11 0 12
1187 211 10 12 7
1187 1221 10 30 27
1188 698 10 35 17
1189 1051 10 0 27
1189 1109 9 35 27
1189 816 9 34 22
1189 565 9 21 17
1190 352 9 51 12
1190 974 10 43 22
1190 259 11 51 12
1190 961 10 18 22
1192 556 10 36 17
1192 1238 11 18 27
1192 937 10 3 22
1192 518 11 32 17
1192 743 11 20 17
1193 629 9 26 17
1193 983 11 5 22
1193 226 11 50 7
1194 1103 9 56 27
1194 277 10 37 12
1195 471 10 41 12
1195 742 11 4 17
1195 889 9 38 22
1195 1029 10 6 27
1196 173 9 35 7
1196 1055 10 28 27
1196 749 11 18 17
1196 1044 10 14 27
1196 970 10 51 22
1197 658 9 10 17
1197 510 11 18 17
1197 729 11 21 17
1197 616 9 45 17
1198 690 10 10 17
1198 1044 10 49 27
1198 441 10 12 12
1198 825 9 23 22
1199 294 10 32 12
1199 153 9 55 7
1200 817 10 14 22
1201 1135 9 43 27
1201 786 10 23 22
1203 54 10 24 7
1203 15 11 38 7
1203 469 11 47 12
1204 1247 11 44 27
1205 668 10 4 17
1205 360 9 44 12
1205 1161 9 27 27
1205 306 10 0 12
1206 122 9 13 7
1206 1024 11 8 27
1206 381 9 4 12
1206 353 9 51 12
1206 196 10 15 7
1207 806 10 32 22
1207 548 10 11 17
1207 1171 10 25 27
1208 223 11 38 7
1208 101 9 2 7
1208 57 10 36 7
1208 937 10 56 22
1208 789 10 16 22
1209 195 10 13 7
1212 198 10 58 7
1212 1183 10 57 27
1212 1106 9 25 27
1213 357 9 21 12
1214 834 10 21 22
1214 978 11 13 22
1214 846 10 27 22
1214 1102 10 4 27
1214 131 9 28 7
1216 668 10 51 17
1216 591 10 43 17
1216 1081 10 16 27
1216 654 10 27 17
1216 278 11 47 12
1216 1102 10 52 27
1217 312 10 54 12
1218 1031 11 40 27
1218 102 10 6 7
1218 133 10 55 7
1219 227 11 44 7
1220 147 10 57 7
1220 894 10 10 22
1220 833 10 16 22
1221 752 12 9 17
1221 713 11 27 17
1222 84 10 54 7
1222 990 12 3 22
1223 732 11 3 17
1223 237 11 42 7
1224 427 10 11 12
1225 320 10 9 12
1226 1226 11 40 27
1226 831 10 8 22
1226 98 10 34 7
1226 605 10 53 17
1226 501 12 22 12
1227 476 11 47 12
1227 577 10 20 17
1227 706 11 26 17
1227 264 12 16 7
1227 397 10 3 12
1227 147 10 1 7
1228 25 11 24 7
1228 414 10 31 12
1228 1138 10 41 27
1228 794 11 16 22
1229 373 10 25 12
1230 652 10 21 17
1230 201 11 22 7
1230 859 10 12 22
1230 1136 10 57 27
1230 1213 11 20 27
1232 1013 12 14 22
1233 116 10 14 7
1233 68 11 21 7
1235 854 10 42 22
1235 116 10 0 7
1235 1044 11 16 27
1235 329 10 37 12
1235 1232 12 35 27
1235 107 10 28 7
1236 82 10 46 7
1236 1037 11 7 27
1236 918 10 28 22
1237 534 11 21 17
1237 20 12 1 7
1237 610 10 50 17
1237 250 12 0 12
1238 1178 11 21 27
1238 969 11 9 22
1238 493 12 16 12
1239 699 11 25 17
1239 317 11 10 12
1239 1235 12 40 27
1241 227 12 48 7
1241 1157 11 43 27
1242 670 11 49 17
1242 439 11 5 12
1242 1150 10 4 27
1242 749 12 11 22
1242 300 11 18 12
1242 342 11 2 12
1243 93 11 23 7
1244 579 11 32 17
1244 1166 11 8 27
1245 1071 11 36 27
1245 197 11 14 7
1245 597 11 0 17
1245 857 11 53 22
1246 825 11 44 22
1246 48 11 35 7
1247 1207 11 13 27
1247 164 11 30 7
1247 344 11 43 12
1248 1115 11 41 27
1248 697 11 51 17
1248 731 12 36 17
1248 6 12 24 7
1249 499 12 44 17
1249 1092 11 49 27
1250 1180 11 25 27
1250 710 12 0 17
