SF7_COMM_RANGE = 30
VERTEX_NUM = 3350
MAP_WIDTH = 1250
MAP_LENGTH = 1250
Total links = 9824
Capital delta = 15
SF1112 % = 28.209
# of outliers = 0
DATA PERIOD = 60
------------------------------
x  y  SF  phase which_gateway: 
1 734 12 32 13
1 909 11 26 18
2 568 11 15 13
2 792 11 9 18
2 993 12 18 18
2 193 11 42 3
3 805 11 15 18
4 915 11 3 18
4 379 11 57 8
4 225 12 33 3
5 784 12 29 18
5 569 11 34 13
5 826 11 16 18
5 1198 11 2 23
5 1089 11 23 23
6 64 11 43 3
6 748 12 17 13
7 465 11 30 8
8 1246 12 59 23
8 1078 11 49 23
8 371 10 36 8
8 939 11 25 18
9 598 10 55 13
10 722 12 25 13
10 502 12 5 8
10 381 10 55 8
10 387 10 5 8
10 1007 12 10 18
11 287 11 27 8
11 345 10 10 8
11 709 11 7 13
12 553 11 59 13
12 389 10 28 8
12 629 10 14 13
12 163 10 8 3
12 222 11 46 3
13 997 12 56 18
13 320 11 23 8
13 451 11 49 8
14 420 10 54 8
14 889 10 48 18
15 1249 12 18 23
16 209 11 20 3
16 393 10 4 8
16 445 11 12 8
16 624 10 43 13
17 145 10 39 3
17 28 11 22 3
18 626 10 13 13
18 15 12 31 3
18 1084 10 11 23
19 580 10 42 13
19 191 11 48 3
20 688 11 58 13
20 276 11 7 8
20 18 11 54 3
20 273 11 53 8
20 192 11 4 3
21 172 10 4 3
21 350 10 12 8
21 46 11 6 3
21 814 11 3 18
22 1139 10 11 23
22 950 11 34 18
22 1196 11 18 23
23 505 12 11 8
23 317 10 13 8
23 795 11 6 18
23 403 10 26 8
24 710 11 2 13
24 226 11 0 3
24 852 10 14 18
25 1210 11 13 23
25 947 11 20 18
25 902 10 10 18
26 1234 11 17 23
26 254 12 55 8
26 322 10 42 8
27 115 10 39 3
27 731 11 1 13
27 91 10 13 3
28 962 11 42 18
29 1168 10 43 23
29 371 10 1 8
30 476 11 41 8
31 538 11 42 13
32 481 11 55 8
32 962 11 26 18
32 942 10 39 18
33 24 11 51 3
34 1221 11 39 23
34 285 11 45 8
34 164 10 47 3
34 832 10 42 18
34 363 10 20 8
34 84 10 5 3
35 1228 11 54 23
35 894 10 33 18
35 91 10 3 3
35 711 11 20 13
36 97 10 27 3
36 457 11 4 8
36 733 11 27 13
38 612 9 32 13
38 729 11 16 13
38 974 11 29 18
38 30 11 42 3
38 289 11 4 8
39 367 9 11 8
40 25 11 13 3
41 889 9 5 18
41 233 11 16 3
41 546 10 56 13
42 6 11 48 3
42 8 11 18 3
43 904 9 37 18
43 1074 10 22 23
43 436 10 5 8
43 84 10 55 3
44 550 10 1 13
44 178 10 49 3
45 376 9 34 8
45 20 11 47 3
45 540 10 36 13
46 437 10 17 8
46 604 9 59 13
46 820 10 33 18
46 917 9 3 18
50 654 9 24 13
50 284 10 36 8
51 1024 11 23 23
51 109 9 43 3
51 1243 11 32 23
51 1020 11 42 23
52 887 9 8 18
52 115 9 41 3
52 382 9 12 8
52 1222 11 50 23
53 216 10 45 3
53 731 11 23 13
53 626 9 3 13
53 1124 9 50 23
54 361 9 32 8
54 973 11 51 18
54 393 9 30 8
54 585 9 42 13
55 293 10 20 8
55 1228 11 44 23
56 927 9 47 18
56 1175 9 16 23
56 678 9 46 13
57 143 9 28 3
57 308 10 42 8
57 6 11 25 3
57 1208 10 4 23
57 33 10 51 3
58 1236 11 24 23
58 743 11 29 13
58 438 10 54 8
58 132 9 40 3
58 1160 9 58 23
58 939 10 10 18
59 988 11 15 18
59 21 11 30 3
59 765 11 52 18
59 605 9 23 13
60 57 10 3 3
60 78 9 4 3
60 323 9 5 8
61 827 9 48 18
61 590 9 20 13
61 1095 9 1 23
61 692 10 30 13
62 1194 10 52 23
62 1210 10 52 23
63 1174 9 52 23
64 1020 11 34 23
65 743 11 13 13
66 1168 9 37 23
66 989 11 13 18
66 770 11 21 18
66 68 9 15 3
66 386 9 42 8
66 557 10 3 13
68 26 10 40 3
68 691 9 38 13
68 172 9 55 3
70 1237 11 56 23
70 350 9 8 8
70 231 10 49 3
71 904 9 36 18
71 168 9 58 3
71 174 9 59 3
71 381 8 51 8
71 62 9 20 3
72 288 10 44 8
73 71 9 7 3
73 767 10 24 18
73 1007 11 48 18
74 73 9 12 3
74 500 11 4 8
74 1122 8 0 23
74 838 9 5 18
75 843 8 35 18
75 855 8 52 18
76 478 10 58 8
76 806 9 19 18
76 1162 9 26 23
76 1167 9 3 23
77 1216 10 56 23
79 925 9 40 18
79 658 8 24 13
80 185 9 11 3
80 1220 10 14 23
80 190 9 19 3
81 1134 8 43 23
81 1027 10 52 23
82 957 10 14 18
82 115 8 39 3
82 1067 9 52 23
83 20 10 56 3
83 702 9 7 13
83 905 8 50 18
83 673 9 47 13
83 1059 9 51 23
84 545 9 11 13
84 327 9 23 8
85 1159 8 58 23
85 570 9 27 13
85 54 9 12 3
85 150 8 2 3
86 351 8 31 8
87 806 9 12 18
87 1092 8 8 23
87 917 8 58 18
88 674 9 57 13
88 509 11 58 8
88 1024 10 18 23
88 324 9 23 8
89 1156 8 53 23
89 478 10 6 8
89 293 9 55 8
89 436 9 9 8
89 185 9 10 3
89 789 10 1 18
91 604 8 28 13
91 801 9 53 18
91 341 8 54 8
92 186 9 35 3
92 225 10 25 3
92 1039 10 38 23
93 902 8 23 18
93 612 8 32 13
93 987 10 29 18
93 1051 9 10 23
94 1098 8 23 23
94 236 10 32 3
94 1166 8 34 23
94 1139 8 13 23
95 871 8 59 18
96 662 8 38 13
97 862 8 8 18
97 945 9 22 18
98 981 10 42 18
98 757 11 8 18
98 709 9 21 13
98 208 9 39 3
98 1040 9 58 23
99 466 10 31 8
99 1101 8 55 23
102 634 7 51 13
102 843 8 37 18
103 303 9 42 8
104 790 9 0 18
104 855 7 47 18
104 173 8 44 3
104 776 10 28 18
104 495 11 33 8
104 383 7 30 8
105 780 10 55 18
105 984 10 58 18
106 386 7 8 8
106 1097 8 18 23
106 627 7 22 13
106 238 10 29 3
107 443 9 21 8
107 514 10 38 13
107 329 8 1 8
107 307 9 47 8
108 275 10 51 8
109 176 8 52 3
109 500 11 17 8
110 1171 8 51 23
110 201 9 15 3
111 718 10 59 13
111 69 8 59 3
111 617 7 36 13
111 907 8 31 18
111 845 8 49 18
112 969 10 7 18
113 1224 10 18 23
113 90 8 40 3
113 786 9 36 18
113 1151 7 0 23
113 873 7 40 18
113 102 7 16 3
114 818 8 36 18
115 952 9 1 18
115 200 9 41 3
115 669 8 6 13
116 468 10 56 8
117 225 10 39 3
117 1099 7 15 23
117 500 11 7 8
117 887 7 1 18
118 395 7 44 8
118 324 8 28 8
118 66 8 31 3
118 1248 11 38 23
119 35 10 7 3
119 62 9 23 3
119 1137 7 30 23
119 299 9 24 8
120 379 7 6 8
121 1245 11 45 23
121 208 9 23 3
121 882 7 58 18
121 912 8 13 18
122 1030 10 46 23
122 996 11 47 18
122 321 8 12 8
122 89 8 4 3
123 915 8 28 18
123 582 8 41 13
124 26 10 57 3
124 659 8 0 13
124 940 9 57 18
125 398 7 33 8
127 572 8 53 13
127 78 8 38 3
127 307 9 40 8
128 890 7 42 18
128 483 10 9 8
129 739 10 55 13
129 448 9 49 8
129 36 9 2 3
130 503 11 31 8
130 524 10 9 13
131 403 7 34 8
131 609 7 9 13
132 359 7 16 8
132 1034 10 49 23
132 700 9 40 13
133 516 10 40 13
134 729 10 55 13
134 345 8 17 8
134 501 11 55 13
134 155 8 45 3
136 1212 9 23 23
136 1201 9 42 23
136 134 7 33 3
138 589 8 27 13
138 821 8 38 18
139 417 8 53 8
139 313 9 8 8
140 921 8 35 18
140 1128 7 45 23
140 71 8 57 3
141 554 9 9 13
141 256 11 39 3
141 899 7 27 18
141 138 7 41 3
141 693 9 21 13
142 936 9 36 18
142 87 8 28 3
143 243 10 2 3
144 907 8 31 18
145 230 10 59 3
145 932 9 11 18
145 223 10 5 3
145 781 10 9 18
145 142 7 27 3
146 132 7 46 3
147 1052 9 41 23
147 514 10 7 13
148 362 7 41 8
148 217 10 50 3
148 1099 8 54 23
148 32 10 19 3
148 1192 9 5 23
148 544 9 28 13
149 651 8 44 13
149 954 9 25 18
149 125 7 7 3
150 1190 9 29 23
151 1210 9 33 23
151 374 7 34 8
151 1082 8 14 23
152 464 10 23 8
152 1196 9 43 23
152 21 10 45 3
152 41 9 42 3
152 668 8 16 13
153 1054 9 58 23
153 70 9 19 3
153 71 9 44 3
153 104 8 0 3
153 617 7 42 13
154 1042 9 44 23
155 1052 9 3 23
155 1132 8 47 23
156 38 10 45 3
156 1029 10 30 23
156 1056 9 33 23
156 1050 9 18 23
157 837 8 29 18
157 997 11 6 23
158 568 9 0 13
158 398 8 24 8
159 959 10 17 18
159 325 9 6 8
160 1091 8 52 23
160 1015 10 1 23
161 101 8 31 3
161 51 9 51 3
161 132 8 30 3
161 251 11 56 8
161 641 8 26 13
162 256 11 45 8
163 649 8 11 13
163 807 9 1 18
163 123 8 22 3
163 28 10 54 3
164 651 8 18 13
164 828 9 21 18
164 1057 9 5 23
165 1000 11 2 18
165 135 8 13 3
165 137 8 47 3
165 57 9 46 3
165 770 10 17 18
166 412 8 26 8
168 207 10 23 3
168 1177 9 39 23
168 707 10 51 13
169 1105 8 41 23
169 496 11 9 8
169 1008 11 57 18
170 128 8 42 3
170 588 8 25 13
170 496 11 15 8
171 815 9 40 18
171 141 8 9 3
171 624 8 8 13
172 898 8 11 18
172 1027 10 53 23
172 41 10 39 3
173 739 11 59 13
173 377 8 19 8
174 1044 10 16 23
174 867 8 3 18
175 1146 8 20 23
175 237 11 38 3
176 331 9 57 8
176 25 10 30 3
176 813 9 51 18
177 5 11 2 3
177 906 9 33 18
179 691 9 5 13
179 322 9 41 8
180 210 10 11 3
180 279 10 22 8
181 1151 9 7 23
181 257 11 35 3
181 333 9 1 8
181 334 9 58 8
181 336 9 16 8
181 1021 10 2 23
181 735 11 47 13
182 226 10 50 3
182 573 9 19 13
183 1177 9 54 23
183 533 10 30 13
184 976 10 29 18
184 920 9 3 18
185 333 9 33 8
185 953 10 22 18
186 366 9 42 8
186 802 10 25 18
187 12 11 33 3
188 413 9 58 8
188 496 11 28 8
188 797 10 45 18
188 769 11 36 18
188 370 9 25 8
189 126 9 16 3
189 320 9 20 8
189 769 11 19 18
189 719 10 41 13
189 951 10 25 18
190 1169 9 0 23
190 141 9 52 3
191 476 11 39 8
192 1227 11 59 23
193 48 10 19 3
193 1119 9 32 23
193 488 11 57 8
193 1099 9 28 23
194 1139 9 27 23
195 79 9 36 3
195 622 9 18 13
195 470 10 46 8
195 441 10 31 8
196 701 10 41 13
196 975 11 7 18
196 1117 9 34 23
198 1104 9 14 23
198 947 10 29 18
198 32 10 16 3
198 671 9 39 13
198 842 9 54 18
199 994 11 6 18
199 286 10 7 8
199 767 11 40 18
199 192 10 34 3
199 300 10 24 8
200 820 10 56 18
200 580 9 54 13
200 512 11 35 13
202 223 11 37 3
202 148 9 19 3
202 336 9 27 8
203 1176 10 21 23
203 233 11 50 3
203 461 10 26 8
203 260 11 41 8
203 370 9 23 8
204 724 11 15 13
204 979 11 9 18
204 327 10 50 8
204 683 10 52 13
205 192 10 19 3
205 19 11 36 3
205 202 10 23 3
205 543 10 0 13
205 813 10 44 18
206 291 10 49 8
207 1207 10 15 23
207 1031 11 5 23
207 986 11 5 18
207 1163 10 46 23
207 597 9 0 13
208 111 9 3 3
209 188 10 46 3
209 154 9 32 3
210 432 10 37 8
210 1215 11 2 23
211 719 11 28 13
211 605 9 32 13
211 81 10 38 3
212 949 10 57 18
212 989 11 43 18
212 1128 9 5 23
212 1084 10 10 23
213 714 11 34 13
213 1146 10 24 23
214 468 11 51 8
214 125 9 57 3
215 625 9 31 13
215 856 10 52 18
215 508 11 39 13
216 870 10 15 18
216 765 11 12 18
216 965 11 15 18
216 420 10 30 8
217 199 10 12 3
217 16 11 51 3
217 51 10 19 3
217 401 10 19 8
218 561 10 49 13
218 1147 10 16 23
218 483 11 6 8
218 157 10 49 3
218 103 10 19 3
219 749 12 44 13
219 395 10 21 8
219 589 10 57 13
219 811 10 46 18
219 552 10 41 13
219 799 11 21 18
222 288 11 24 8
222 1121 10 30 23
222 228 11 4 3
222 760 12 22 13
222 318 10 40 8
222 953 11 30 18
223 1061 10 38 23
223 171 10 24 3
224 142 10 27 3
224 1095 10 9 23
224 937 10 16 18
225 631 10 58 13
226 702 11 17 13
227 983 11 28 18
227 153 10 14 3
227 470 11 47 8
228 245 12 33 3
228 409 10 57 8
229 822 10 7 18
229 91 10 52 3
230 182 10 46 3
230 472 11 23 8
230 397 10 50 8
230 475 11 27 8
230 672 10 35 13
230 308 11 34 8
230 221 11 40 3
230 1170 10 32 23
231 902 10 21 18
231 1137 10 13 23
232 934 11 53 18
232 514 12 37 8
233 612 10 43 13
233 96 10 49 3
233 835 10 51 18
234 297 11 16 8
234 215 11 20 3
234 604 10 29 13
234 565 11 40 13
235 64 11 39 3
235 666 10 31 13
235 1194 11 48 23
236 362 10 38 8
236 169 10 48 3
236 222 11 17 3
236 1060 11 44 23
236 295 11 35 8
236 372 10 42 8
237 1220 11 33 23
237 414 10 34 8
238 64 11 26 3
239 432 11 20 8
239 841 10 50 18
241 1015 12 17 23
241 498 12 39 8
241 1017 12 25 23
241 1141 10 43 23
241 1040 11 20 23
242 705 11 57 13
242 319 11 56 8
242 1195 11 25 23
242 100 10 42 3
243 245 12 34 8
244 1041 11 9 23
244 952 11 23 18
245 614 11 25 13
245 23 12 25 3
245 1123 11 43 23
245 422 11 47 8
246 33 12 57 3
246 184 11 15 3
246 31 12 18 3
247 1244 12 45 23
247 718 12 53 13
247 1136 11 58 23
247 216 12 54 3
247 579 11 29 13
248 296 11 33 8
248 797 11 36 18
248 54 11 2 3
249 475 12 0 8
249 307 11 55 8
249 485 12 14 8
249 1153 11 50 23
249 256 12 4 8
250 1225 12 54 23
250 979 12 15 18
250 1037 12 47 23
250 258 12 6 8
251 281 12 4 8
251 6 12 44 3
251 946 11 31 18
252 113 11 38 3
252 351 11 10 8
252 981 12 32 18
253 921 11 1 18
254 420 11 35 8
255 894 11 49 18
255 976 12 37 18
256 296 11 14 9
256 1031 12 46 23
256 851 11 52 19
256 1205 11 32 24
257 163 11 24 3
257 1231 12 37 23
257 456 11 22 9
258 1225 12 18 24
258 774 12 6 18
258 1214 11 48 24
259 441 11 47 8
259 615 10 8 14
259 1019 12 48 23
260 1166 11 34 23
260 449 11 15 9
260 399 10 38 9
260 71 11 38 3
261 828 11 9 18
261 518 12 45 13
262 889 10 25 19
262 980 12 7 18
262 158 10 49 4
263 447 11 1 9
263 1133 10 38 24
264 316 11 19 9
264 26 11 11 4
264 74 11 3 3
264 87 10 20 4
264 973 11 47 19
266 708 11 52 14
267 751 12 57 14
268 979 11 1 19
268 319 11 31 9
268 569 11 41 14
268 103 10 26 4
269 412 10 55 9
269 1027 11 18 24
269 224 11 48 4
271 243 12 5 9
271 226 11 16 4
271 375 10 36 9
271 1201 11 44 24
272 523 11 17 14
272 907 10 16 19
273 942 11 18 19
274 152 10 32 4
274 578 10 54 14
274 460 11 56 9
275 279 11 33 9
276 195 11 31 4
276 186 10 22 4
276 684 10 40 14
277 545 11 12 14
277 496 12 23 9
277 687 10 10 14
277 540 11 31 14
277 1164 10 35 24
278 1176 10 13 24
278 665 10 52 14
278 634 10 14 14
278 579 10 6 14
279 570 10 41 14
279 721 11 7 14
280 1130 10 37 24
280 96 10 15 4
280 390 10 25 9
281 862 10 32 19
281 273 11 25 9
282 585 10 6 14
282 459 11 29 9
282 119 10 42 4
283 861 10 42 19
283 934 10 14 19
283 1172 10 51 24
283 361 10 59 9
283 603 10 32 14
283 333 10 23 9
284 136 10 45 4
284 117 10 21 4
284 197 10 48 4
285 530 11 9 14
285 1134 10 35 24
286 749 12 28 14
286 1111 10 21 24
286 371 9 58 9
286 400 10 38 9
286 1057 10 53 24
287 247 12 25 4
287 1156 10 52 24
287 381 9 37 9
287 1074 10 31 24
287 1101 10 50 24
288 1213 11 10 24
288 257 11 31 9
288 1183 10 27 24
288 973 11 25 19
289 527 11 56 14
289 427 10 51 9
289 646 9 51 14
290 121 9 2 4
291 445 10 12 9
291 1107 9 25 24
291 680 10 37 14
292 510 11 26 14
292 879 9 16 19
292 576 10 28 14
292 365 9 51 9
292 855 9 31 19
292 950 10 5 19
293 208 10 12 4
293 370 9 19 9
293 542 10 14 14
294 268 11 47 9
294 780 11 39 19
294 418 10 28 9
294 590 9 37 14
294 884 9 9 19
294 757 11 13 19
294 755 11 55 19
295 481 11 53 9
296 32 11 50 4
296 273 11 26 9
296 84 9 43 4
297 478 11 0 9
297 952 10 49 19
297 75 10 2 4
297 871 9 18 19
297 228 11 38 4
298 1099 9 45 24
298 1220 11 1 24
298 22 11 40 4
298 1134 9 58 24
299 941 10 26 19
300 743 11 9 14
301 715 10 16 14
301 544 10 34 14
301 584 9 29 14
301 127 9 7 4
301 860 9 57 19
301 483 11 27 9
301 386 9 19 9
302 963 10 8 19
302 72 10 33 4
303 777 11 58 19
303 1211 10 47 24
304 894 9 1 19
304 233 11 36 4
304 1144 9 56 24
304 29 10 14 4
304 297 10 31 9
304 413 9 50 9
305 493 11 56 9
305 1162 9 49 24
305 208 10 25 4
305 360 9 49 9
305 321 9 39 9
306 1030 10 28 24
306 139 9 7 4
306 1226 11 17 24
306 678 9 5 14
307 449 10 8 9
307 647 9 49 14
309 527 10 3 14
310 215 10 26 4
311 758 11 51 14
311 179 9 12 4
311 804 10 52 19
312 754 11 20 14
312 549 10 19 14
312 429 9 41 9
312 1195 10 39 24
313 499 11 31 14
313 1000 11 49 19
313 1171 9 13 24
313 526 10 29 14
314 1110 9 28 24
314 1067 9 14 24
314 486 11 5 9
314 1198 10 24 24
315 20 11 21 4
315 719 10 36 14
315 393 9 6 9
316 660 9 17 14
317 568 9 18 14
317 1076 9 32 24
317 419 9 6 9
317 323 9 57 9
318 1184 9 52 24
318 77 9 5 4
318 884 8 6 19
318 59 9 57 4
319 665 9 13 14
320 24 10 47 4
321 693 9 53 14
321 676 9 31 14
321 337 9 38 9
322 1112 8 5 24
323 148 8 15 4
323 308 9 51 9
324 244 11 16 4
324 319 9 56 9
324 1062 9 30 24
325 816 9 47 19
325 956 10 45 19
326 817 9 35 19
327 480 10 17 9
327 1136 8 13 24
328 908 8 50 19
328 1191 9 14 24
328 338 8 30 9
328 705 10 3 14
329 625 8 43 14
330 556 9 28 14
330 1167 9 20 24
331 387 8 1 9
331 486 10 52 9
331 961 10 19 19
331 609 8 50 14
332 1191 9 44 24
332 536 10 24 14
332 1010 11 56 19
333 288 10 34 9
333 835 8 30 19
334 1228 10 43 24
335 335 8 19 9
335 162 8 53 4
335 360 8 14 9
335 952 9 16 19
335 1214 10 9 24
335 210 10 5 4
336 1023 10 24 24
336 438 9 5 9
336 834 8 27 19
337 625 8 12 14
337 603 8 43 14
337 24 10 3 4
337 1207 10 21 24
338 100 8 48 4
338 1026 10 45 24
338 530 10 35 14
339 1250 11 18 24
339 1099 8 48 24
339 671 8 18 14
339 806 9 39 19
340 444 9 0 9
340 66 9 11 4
340 1242 11 31 24
341 54 9 11 4
342 664 8 1 14
342 19 10 16 4
342 718 10 36 14
342 553 9 57 14
343 1230 10 42 24
343 943 9 58 19
344 28 10 33 4
346 1250 11 53 24
346 153 8 51 4
347 151 8 47 4
347 1102 8 9 24
348 1112 7 0 24
348 747 11 44 14
349 383 7 33 9
349 1137 7 58 24
349 1217 10 3 24
349 13 10 37 4
349 944 9 41 19
350 564 9 6 14
350 1184 9 50 24
350 1140 7 29 24
350 808 9 43 19
350 1058 9 26 24
350 675 8 40 14
351 882 7 23 19
351 854 8 36 19
352 703 9 19 14
353 853 8 24 19
353 508 10 48 14
353 885 7 50 19
354 233 10 27 4
354 847 8 41 19
355 713 10 58 14
355 621 7 3 14
355 898 8 39 19
356 337 8 32 9
356 541 9 53 14
356 926 8 4 19
356 980 10 25 19
357 441 9 45 9
359 1207 9 51 24
359 1160 8 26 24
360 1169 8 37 24
360 277 10 27 9
360 513 10 52 14
360 1073 8 35 24
360 9 10 30 4
361 659 8 29 14
362 236 10 8 4
363 381 7 29 9
363 945 9 20 19
364 171 8 38 4
364 783 10 12 19
365 918 8 38 19
365 195 9 10 4
365 287 9 36 9
366 1107 7 6 24
366 1179 8 21 24
367 267 10 52 9
367 1100 7 46 24
367 736 10 11 14
368 346 7 19 9
368 868 7 28 19
369 627 7 2 14
369 654 7 15 14
369 144 7 59 4
369 30 10 34 4
369 66 8 8 4
370 1173 8 3 24
370 299 9 52 9
371 1080 8 45 24
372 714 9 46 14
372 973 10 18 19
372 457 9 23 9
373 1055 9 13 24
373 562 9 2 14
374 559 9 50 14
374 474 10 35 9
376 1183 8 24 24
376 1021 10 59 24
377 232 10 4 4
377 371 7 36 9
378 716 10 29 14
378 240 10 9 4
379 80 8 14 4
379 1037 9 31 24
379 429 8 45 9
379 341 8 12 9
380 361 7 52 9
381 215 10 29 4
381 354 7 59 9
382 378 7 55 9
382 407 8 48 9
383 1150 7 27 24
383 191 9 57 4
385 26 10 55 4
386 36 9 26 4
386 1017 10 24 24
386 861 7 56 19
387 1010 10 21 24
387 1249 11 8 24
388 85 8 41 4
388 685 9 7 14
389 679 8 18 14
389 847 8 56 19
389 978 10 20 19
389 401 7 21 9
390 811 9 47 19
390 1241 10 55 24
390 874 7 45 19
390 185 9 38 4
390 506 10 52 14
391 43 9 21 4
393 800 9 7 19
393 791 9 1 19
393 343 8 27 9
394 1070 8 38 24
395 935 9 38 19
395 936 9 39 19
396 955 9 30 19
396 1237 10 7 24
397 335 8 30 9
397 943 9 17 19
397 171 8 47 4
398 937 9 49 19
399 195 9 7 4
399 531 10 43 14
399 1149 8 7 24
400 701 9 31 14
400 230 10 39 4
401 1210 9 28 24
402 390 8 31 9
402 640 8 12 14
402 111 8 35 4
403 498 11 49 9
403 486 10 9 9
404 252 11 55 4
404 527 10 10 14
404 1050 9 48 24
405 245 11 43 4
407 220 10 55 4
407 162 8 26 4
408 850 8 35 19
409 831 8 8 19
409 1121 8 33 24
409 877 8 28 19
410 1177 9 35 24
410 754 11 3 14
410 1234 10 6 24
410 262 10 7 9
412 546 9 25 14
412 851 8 13 19
412 1049 9 37 24
413 253 11 42 4
413 730 10 52 14
414 81 8 19 4
414 565 9 49 14
415 1111 8 27 24
415 363 8 26 9
415 1196 9 12 24
416 8 11 58 4
416 621 8 55 14
417 487 10 43 9
417 456 10 11 9
418 390 8 30 9
419 1015 10 33 24
419 871 8 20 19
420 1222 10 18 24
420 329 9 35 9
420 782 10 8 19
421 114 8 1 4
421 754 11 23 14
421 1171 9 26 24
421 501 11 28 14
422 25 10 31 4
422 506 11 59 9
423 619 8 56 14
423 266 10 59 9
423 1083 9 54 24
424 1218 10 54 24
425 10 11 6 4
425 706 10 19 14
425 958 10 59 19
426 428 9 35 9
426 866 8 53 19
427 193 9 51 4
427 775 10 46 19
427 540 10 35 14
428 161 9 19 4
428 125 8 13 4
428 369 8 47 9
428 842 9 17 19
429 188 9 8 4
430 438 9 23 9
430 610 8 20 14
430 506 11 30 14
430 672 9 48 14
431 79 9 32 4
431 966 10 48 19
431 289 10 23 9
431 911 9 32 19
432 1040 10 41 24
432 183 9 46 4
433 866 8 58 19
434 602 9 1 14
434 684 9 18 14
434 128 8 49 4
434 736 11 49 14
435 1083 9 9 24
435 142 9 43 4
436 638 9 43 14
436 155 9 7 4
436 423 9 54 9
437 238 11 42 4
437 1012 11 34 24
437 793 10 40 19
438 217 10 34 4
439 1194 10 21 24
439 786 10 15 19
439 24 10 45 4
440 692 10 34 14
440 517 11 54 14
440 1095 9 54 24
440 542 10 34 14
441 273 11 9 9
441 565 9 15 14
441 156 9 4 4
442 1108 9 57 24
442 393 9 39 9
442 255 11 45 4
442 843 9 21 19
442 208 10 12 4
443 334 9 18 9
443 24 11 59 4
443 441 10 10 9
443 72 9 12 4
444 834 9 9 19
444 175 9 52 4
445 317 10 1 9
446 160 9 18 4
446 219 10 27 4
447 734 11 45 14
447 903 9 25 19
448 1120 9 22 24
448 968 10 27 19
448 1045 10 0 24
449 599 9 54 14
449 827 9 53 19
450 73 10 13 4
451 1201 10 9 24
451 543 10 30 14
451 486 11 47 9
452 487 11 55 9
452 55 10 17 4
453 117 9 13 4
453 728 11 5 14
453 770 11 24 19
453 938 10 9 19
453 789 10 54 19
454 536 10 3 14
454 59 10 46 4
455 1060 10 15 24
456 355 9 15 9
456 1130 9 5 24
456 219 11 7 4
456 1158 9 18 24
457 681 10 17 14
457 450 10 16 9
457 171 10 2 4
459 547 10 18 14
459 1108 9 27 24
460 280 11 29 9
460 667 10 55 14
461 291 11 52 9
461 946 10 43 19
461 1037 11 15 24
461 313 10 44 9
461 389 9 37 9
462 870 9 0 19
462 383 9 57 9
462 893 9 38 19
463 255 11 31 9
463 425 10 36 9
464 1162 10 26 24
465 141 10 40 4
465 252 12 41 4
465 900 10 31 19
466 381 10 4 9
466 909 10 51 19
466 473 11 25 9
466 1219 11 7 24
467 412 10 37 9
467 1220 11 33 24
468 1230 11 15 24
468 802 10 34 19
468 854 10 32 19
469 250 12 25 4
469 476 11 43 9
469 811 10 48 19
469 1193 10 27 24
469 932 10 2 19
470 483 11 15 9
470 463 11 56 9
470 669 10 49 14
471 1037 11 0 24
471 677 10 40 14
471 720 11 4 14
473 322 10 44 9
473 500 12 9 9
473 324 10 57 9
473 524 11 34 14
473 996 12 48 19
474 1215 11 20 24
474 1008 12 2 19
474 885 10 14 19
474 93 10 0 4
474 38 11 44 4
475 379 10 37 9
475 911 10 4 19
475 37 11 27 4
476 885 10 54 19
477 148 10 11 4
477 397 10 56 9
477 240 12 19 4
477 297 11 26 9
477 32 11 31 4
477 298 11 51 9
479 1180 10 51 24
479 725 11 14 14
479 1240 12 40 24
479 235 12 18 4
480 868 10 8 19
481 304 11 47 9
481 5 12 7 4
481 504 12 58 9
482 1196 11 47 24
483 456 11 47 9
483 1063 11 54 24
483 971 11 24 19
484 948 11 48 19
484 252 12 51 9
485 245 12 50 9
485 1101 10 36 24
485 854 10 11 19
486 842 10 44 19
486 1247 12 42 24
486 840 10 3 19
487 1048 11 20 24
487 316 11 11 9
488 861 10 7 19
488 435 11 47 9
488 458 11 6 9
488 20 12 19 4
488 257 12 44 4
488 507 12 25 9
488 50 11 37 4
489 486 12 7 9
489 96 10 17 4
490 568 11 21 14
490 1060 11 13 24
490 1247 12 49 24
490 264 12 31 9
491 313 11 22 9
491 992 12 28 19
491 1027 12 38 24
492 257 12 12 9
492 38 11 16 4
492 826 11 17 19
492 769 12 58 19
494 881 10 32 19
494 848 11 6 19
495 119 11 42 4
495 47 11 22 4
495 488 12 34 9
495 31 12 45 4
496 451 11 58 9
496 1109 11 17 24
496 632 11 49 14
497 1159 11 19 24
497 645 11 28 14
497 1236 12 56 24
497 731 12 58 14
497 221 12 26 4
497 193 11 7 4
498 198 11 34 4
498 1216 12 52 25
498 211 12 37 4
498 760 12 41 19
499 1153 11 1 24
500 958 12 58 19
500 516 12 55 14
500 1219 12 42 24
501 724 12 21 14
501 434 11 9 9
501 607 11 10 14
501 938 11 0 19
501 1041 11 13 25
502 1024 12 18 24
502 735 12 9 14
502 882 11 11 19
503 451 11 50 9
503 544 11 7 15
504 867 11 45 19
505 902 11 4 19
505 384 11 42 9
506 822 11 31 20
507 1161 11 3 24
508 1211 11 51 25
508 1035 11 20 25
508 1175 11 14 24
508 636 10 19 15
509 1214 11 8 25
509 809 11 12 19
509 47 11 38 5
510 489 12 16 9
510 464 11 47 10
510 791 11 30 20
511 842 10 53 20
512 1086 10 28 25
512 674 11 23 14
512 536 11 43 15
513 19 12 15 4
513 846 10 5 20
514 408 10 4 10
515 181 11 16 5
515 91 10 7 5
516 862 10 56 20
516 223 11 29 5
516 591 10 26 15
517 338 10 6 10
517 314 11 33 10
517 400 10 16 10
518 280 11 13 10
518 423 10 18 10
518 1210 11 13 25
519 581 10 47 15
519 951 11 49 20
519 331 10 8 10
520 1042 11 38 25
521 560 11 1 15
522 989 12 22 20
522 106 10 58 5
523 402 10 2 10
524 313 10 34 10
524 65 10 28 5
524 85 10 10 5
525 496 12 21 15
525 887 10 58 20
525 1041 11 55 25
525 264 11 42 10
525 771 11 13 20
526 49 11 38 5
526 184 10 57 5
526 26 11 10 5
527 780 11 34 20
527 435 10 14 10
527 1046 11 17 25
528 1114 10 31 25
528 82 10 35 5
529 173 10 43 5
529 560 10 29 15
530 387 10 8 10
531 634 10 52 15
531 123 10 34 5
532 750 12 27 15
534 998 12 57 20
535 805 10 22 20
535 1044 11 8 25
535 294 11 5 10
535 329 10 0 10
536 941 10 2 20
537 324 10 27 10
537 1238 11 50 25
537 909 10 56 20
538 345 10 1 10
538 587 10 18 15
538 621 9 6 15
538 973 11 15 20
538 897 9 8 20
538 145 9 53 5
539 299 10 57 10
539 628 9 21 15
539 655 10 23 15
539 824 10 46 20
540 658 10 31 15
542 164 10 57 5
542 298 10 52 10
542 733 11 41 15
542 495 11 20 10
542 1095 9 28 25
543 748 11 16 15
543 948 10 41 20
543 981 11 36 20
544 200 10 0 5
544 7 11 16 5
544 1130 9 55 25
545 189 10 57 5
545 1098 9 38 25
545 616 9 56 15
546 591 9 54 15
546 85 9 38 5
547 1151 9 50 25
547 1185 10 21 25
547 68 10 29 5
547 712 10 38 15
547 236 11 15 5
548 124 9 39 5
548 627 9 36 15
548 478 11 22 10
548 434 10 48 10
550 1144 9 29 25
550 300 10 19 10
550 1215 10 9 25
551 996 11 44 20
551 634 9 5 15
551 1177 10 33 25
551 839 9 33 20
551 775 11 50 20
551 424 9 14 10
551 128 9 54 5
552 820 10 18 20
553 530 10 22 15
553 627 9 35 15
553 415 9 46 10
553 1145 9 23 25
553 1111 9 43 25
554 1038 10 34 25
554 564 10 12 15
555 246 11 21 5
555 194 10 22 5
555 178 9 7 5
555 549 10 52 15
556 1073 9 12 25
556 1014 11 20 25
556 570 9 21 15
556 702 10 42 15
558 488 11 27 10
559 450 10 52 10
559 1083 9 18 25
559 98 9 49 5
561 43 10 40 5
562 162 9 47 5
562 74 9 8 5
562 269 11 50 10
562 479 11 31 10
562 947 10 6 20
562 659 9 15 15
563 645 9 56 15
563 985 11 56 20
563 942 10 29 20
564 315 9 50 10
565 1238 11 6 25
565 1152 9 51 25
566 250 11 18 5
568 288 10 52 10
568 901 9 6 20
568 926 9 1 20
568 478 10 18 10
568 1042 10 19 25
569 763 11 15 15
569 998 11 40 25
569 183 9 26 5
569 703 10 7 15
569 882 8 44 20
570 1022 10 38 25
572 827 9 20 20
572 901 8 26 20
573 1104 8 6 25
574 540 10 12 15
576 675 9 44 15
576 857 8 55 20
579 374 8 53 10
579 448 9 23 10
579 1037 10 56 25
580 181 9 35 5
580 1190 9 46 25
580 358 8 54 10
581 192 9 50 5
581 341 8 43 10
582 852 8 42 20
582 537 10 11 15
582 319 9 25 10
582 164 8 48 5
582 209 10 54 5
583 1088 8 43 25
583 1019 10 32 25
583 173 9 1 5
583 1025 10 37 25
583 1027 10 51 25
583 1108 8 12 25
583 1089 8 52 25
583 1157 8 31 25
584 1248 11 30 25
585 1046 9 51 25
585 217 10 16 5
586 690 9 8 15
586 464 10 11 10
587 257 11 34 5
588 772 10 14 20
588 1105 8 15 25
588 724 10 19 15
588 415 8 10 10
589 1206 9 8 25
589 258 11 34 5
590 773 10 58 20
591 787 10 35 20
592 339 8 21 10
593 24 10 52 5
593 817 9 25 20
593 422 8 4 10
594 437 9 34 10
594 713 10 28 15
594 235 10 21 5
595 514 10 14 15
595 187 9 23 5
595 165 8 5 5
595 717 10 46 15
596 329 8 16 10
596 970 10 34 20
596 845 8 37 20
597 529 10 28 15
599 157 8 18 5
599 630 7 1 15
599 47 9 58 5
599 527 10 9 15
599 1134 7 9 25
600 231 10 58 5
600 1112 7 12 25
600 362 7 43 10
600 544 9 13 15
600 1052 9 19 25
601 153 8 54 5
601 113 7 15 5
602 889 7 28 20
602 1237 10 29 25
603 933 9 13 20
603 334 8 55 10
603 1189 9 50 25
604 636 7 5 15
605 1183 9 21 25
605 735 10 46 15
605 380 7 31 10
605 293 9 41 10
605 881 7 7 20
605 789 9 45 20
605 987 10 4 20
606 685 9 4 15
607 268 10 31 10
607 1010 10 20 25
607 408 8 30 10
608 662 8 1 15
609 629 7 40 15
609 497 11 48 10
609 1038 9 2 25
609 676 8 30 15
609 139 7 49 5
610 397 7 3 10
611 681 8 29 15
611 165 8 53 5
612 11 10 46 5
612 165 8 42 5
612 450 9 13 10
612 1178 8 41 25
612 570 8 49 15
613 926 8 33 20
613 761 10 10 20
614 591 8 2 15
614 23 10 28 5
615 674 8 52 15
615 998 11 59 20
616 1177 8 41 25
616 520 10 30 15
616 547 9 30 15
617 423 8 23 10
617 519 10 37 15
617 735 10 7 15
617 1019 10 19 25
617 534 10 34 15
618 1090 8 30 25
618 220 10 32 5
618 323 8 4 10
618 717 10 31 15
619 267 10 12 10
619 268 10 45 10
619 1173 8 25 25
619 617 7 43 15
620 753 11 26 15
621 616 7 28 15
621 703 9 4 15
621 198 9 20 5
622 662 8 7 15
622 319 8 38 10
623 300 9 25 10
623 351 7 40 10
623 1051 9 27 25
623 255 11 50 10
624 861 7 42 20
624 1046 9 21 25
625 12 10 18 5
625 60 9 34 5
625 637 7 20 15
626 199 9 52 5
626 751 11 4 20
626 714 9 42 15
627 917 8 7 20
627 1132 7 33 25
628 1053 9 41 25
628 902 7 26 20
629 1080 8 59 25
630 975 10 11 20
630 93 8 58 5
631 948 9 56 20
631 1235 10 43 25
632 1108 7 3 25
633 206 9 41 5
633 871 7 0 20
634 891 7 38 20
634 454 9 59 10
635 685 9 29 15
635 390 7 42 10
635 1181 8 11 25
636 477 10 28 10
636 603 7 20 15
637 1180 8 36 25
637 198 9 8 5
637 980 10 39 20
637 99 7 26 5
637 251 11 50 5
637 33 10 0 5
637 937 9 37 20
638 329 8 16 10
638 318 8 20 10
638 649 7 29 15
639 821 8 20 20
639 705 9 54 15
640 507 10 28 15
641 805 9 45 20
642 364 7 35 10
642 823 8 54 20
643 669 8 45 15
643 500 11 46 10
644 51 9 45 5
644 800 9 41 20
644 868 7 21 20
644 504 11 40 10
644 535 10 14 15
645 899 8 22 20
645 647 7 18 15
646 680 8 5 15
646 203 9 43 5
648 685 9 52 15
648 501 11 17 10
649 583 8 11 15
649 1238 10 12 25
649 826 8 53 20
649 20 10 11 5
650 362 7 43 10
650 801 9 12 20
651 55 9 53 5
651 608 8 43 15
651 282 10 41 10
651 188 9 9 5
652 52 9 55 5
652 1089 8 2 25
653 922 8 21 20
654 478 10 49 10
654 974 10 30 20
654 1095 8 6 25
655 694 9 16 15
655 903 8 24 20
655 1190 9 43 25
656 986 10 2 20
657 1203 9 1 25
657 1162 8 16 25
659 938 9 16 20
660 106 8 41 5
660 455 9 22 10
660 554 9 30 15
661 904 8 51 20
661 215 10 28 5
661 51 9 13 5
661 929 9 43 20
662 453 9 45 10
662 1049 9 16 25
662 305 9 47 10
662 623 8 30 15
662 489 10 19 10
663 1093 8 30 25
663 942 9 34 20
663 1176 9 12 25
663 910 8 13 20
663 429 9 15 10
663 1192 9 21 25
663 849 8 8 20
663 930 9 17 20
663 544 9 42 15
664 379 8 49 10
664 212 10 39 5
665 1132 8 40 25
665 992 11 5 20
665 1053 9 56 25
666 830 9 16 20
666 1086 8 0 25
666 164 8 57 5
667 1021 10 32 25
668 36 10 8 5
668 847 8 31 20
668 1208 10 47 25
669 1175 9 38 25
670 352 8 22 10
671 635 8 15 15
672 399 8 43 10
672 311 9 6 10
672 319 9 52 10
673 159 8 59 5
673 654 8 53 15
674 575 9 14 15
674 622 8 18 15
674 1002 11 24 20
674 403 8 49 10
675 673 9 22 15
675 478 10 29 10
675 1029 10 56 25
675 1150 8 43 25
677 1022 10 38 25
677 74 9 6 5
678 286 10 17 10
678 791 10 19 20
678 9 11 45 5
679 184 9 57 5
679 213 10 25 5
679 639 8 41 15
679 713 10 13 15
679 706 10 17 15
680 608 8 31 15
680 621 8 38 15
680 538 10 25 15
680 1175 9 2 25
680 13 11 17 5
681 756 11 3 15
682 1125 8 24 25
682 1040 10 24 25
682 369 8 46 10
682 368 8 22 10
682 62 9 16 5
683 289 10 37 10
684 121 8 16 5
684 508 11 22 15
684 1155 9 47 25
684 819 9 32 20
684 1209 10 3 25
684 1068 9 9 25
685 145 9 1 5
685 432 9 0 10
685 446 10 44 10
685 958 10 31 20
686 1149 9 58 25
687 221 10 1 5
687 993 11 51 25
687 1090 9 43 25
687 385 9 50 10
689 136 9 8 5
689 865 9 17 20
689 471 10 56 10
690 764 11 25 20
691 1020 11 48 25
691 657 9 34 15
691 1019 11 42 25
691 992 11 42 20
692 127 9 43 5
692 951 10 37 20
692 68 9 58 5
693 95 9 7 5
694 183 10 15 5
694 657 9 21 15
694 1212 10 15 25
695 840 9 44 20
695 1215 10 29 25
695 1209 10 37 25
695 1220 10 31 25
695 572 9 1 15
695 351 9 41 10
696 551 10 32 15
696 619 9 2 15
696 989 11 33 20
696 998 11 8 25
696 222 11 34 5
697 890 9 31 20
697 723 11 9 15
697 676 9 17 15
697 740 11 6 15
697 502 11 59 10
698 794 10 25 20
699 670 9 23 15
699 909 9 55 20
699 313 10 42 10
700 1219 11 3 25
700 670 9 21 15
700 300 10 24 10
701 913 9 37 20
702 103 9 4 5
702 14 11 1 5
703 253 11 36 5
704 1209 10 3 25
704 544 10 8 15
704 307 10 57 10
705 676 10 18 15
705 400 9 52 10
705 724 11 26 15
707 1185 10 56 25
707 751 11 23 20
707 74 10 19 5
707 924 10 37 20
708 1241 11 47 25
708 125 9 13 5
709 162 10 10 5
709 828 10 55 20
709 22 11 39 5
709 102 9 33 5
710 1019 11 56 25
711 1146 9 56 25
711 579 10 39 15
711 898 9 55 20
712 310 10 21 10
712 412 10 55 10
712 1111 9 43 25
713 1016 11 3 25
713 871 9 58 20
713 1106 10 56 25
714 536 11 19 15
714 1236 11 36 25
715 789 11 53 20
715 447 10 12 10
716 317 10 12 10
716 236 11 56 5
716 549 10 20 15
717 1111 10 1 25
717 461 11 15 10
717 869 10 12 20
717 740 11 19 15
717 618 10 11 15
718 1146 10 27 25
718 437 10 38 10
718 819 10 40 20
720 235 11 14 5
720 59 10 51 5
720 727 11 42 15
721 948 11 1 20
722 951 11 31 20
723 73 10 15 5
723 661 10 57 15
723 855 10 19 20
723 884 10 54 20
723 547 11 45 15
723 69 10 41 5
724 706 11 49 15
724 193 11 28 5
724 463 11 36 10
725 1037 11 40 25
725 734 11 16 15
725 462 11 56 10
725 1014 11 8 25
725 1211 11 1 25
726 1169 10 8 25
726 591 10 12 15
726 586 10 58 15
726 180 10 21 5
727 1018 11 13 25
728 1244 12 5 25
728 477 11 33 10
729 209 11 24 5
729 662 10 8 15
729 373 10 1 10
730 298 11 2 10
730 986 12 48 20
731 371 10 7 10
731 1141 10 45 25
731 1243 12 30 25
731 1064 11 9 25
732 112 10 8 5
732 1 12 37 5
732 581 10 6 15
733 1187 11 28 25
733 75 10 31 5
733 288 11 51 10
733 969 11 1 20
734 192 11 13 5
735 156 10 11 5
735 835 10 29 20
735 273 12 45 10
736 780 11 20 20
736 275 11 25 10
737 1204 11 53 25
737 297 11 21 10
738 66 11 26 5
738 988 12 5 20
739 74 11 19 5
739 142 10 47 5
739 993 12 18 20
739 545 11 24 15
740 1111 10 12 25
740 289 11 42 10
740 282 11 24 10
741 166 11 13 5
741 513 12 36 15
742 875 10 12 20
742 806 11 21 21
743 118 10 13 5
743 516 12 34 15
743 810 11 30 20
744 488 12 22 10
744 68 11 11 5
744 205 11 28 5
745 877 11 42 20
745 959 11 35 20
745 20 12 20 5
745 301 11 43 10
746 914 11 40 20
746 840 11 23 20
746 735 12 12 15
747 216 12 25 5
747 503 12 43 15
748 777 12 30 20
748 408 11 18 10
749 960 12 5 20
750 1106 11 48 25
750 1207 11 23 25
750 327 11 16 10
751 1212 12 27 25
751 987 12 33 20
751 844 11 33 20
752 570 11 39 15
753 626 11 7 15
753 689 11 57 15
754 946 11 45 20
754 421 11 35 10
754 758 12 10 16
754 195 11 58 5
755 394 11 48 10
755 982 12 36 20
756 366 10 20 11
756 990 12 2 20
756 94 11 48 5
756 138 10 48 6
758 1137 10 44 26
758 524 12 23 15
758 536 11 8 16
758 1191 11 19 25
759 431 11 3 10
759 130 10 24 6
759 1066 11 24 25
759 58 11 20 5
760 260 12 7 6
760 189 11 46 5
761 763 12 38 20
761 900 10 12 21
761 879 10 26 21
761 423 11 53 10
762 615 10 29 16
762 253 12 53 6
763 1076 11 18 25
764 1107 10 54 26
764 527 11 24 16
765 224 11 25 6
765 620 10 51 16
766 1070 11 1 26
766 145 10 0 6
767 862 10 53 21
767 308 11 59 11
767 150 10 40 6
768 289 11 30 11
768 188 11 19 6
768 854 10 43 21
769 720 11 18 16
769 301 11 8 11
769 680 10 27 16
769 428 10 33 11
770 266 12 8 6
770 110 10 39 6
770 468 11 28 11
771 957 11 32 21
772 120 10 3 6
772 1235 12 48 26
772 611 10 40 16
773 607 10 49 16
773 394 10 18 11
773 347 10 44 11
773 190 11 7 6
773 376 10 11 11
773 1036 11 5 26
773 1102 10 0 26
774 138 10 29 6
774 1203 11 59 26
776 998 12 16 21
777 210 11 46 6
777 657 10 51 16
777 1073 10 18 26
777 913 10 38 21
777 319 10 44 11
778 173 10 17 6
778 573 10 18 16
779 1212 11 14 26
779 709 11 29 16
780 534 11 53 16
780 840 10 24 21
780 415 10 29 11
780 582 10 21 16
780 199 11 57 6
780 154 10 37 6
781 81 10 52 6
781 416 10 25 11
782 820 10 2 21
782 988 11 55 21
783 323 10 5 11
784 392 10 42 11
784 465 11 36 11
785 241 11 23 6
785 824 10 18 21
785 55 10 43 6
785 653 10 26 16
785 1085 10 24 26
785 1149 10 35 26
786 94 10 55 6
786 280 11 23 11
787 521 11 43 16
787 435 10 33 11
787 650 10 6 16
787 703 10 1 16
787 235 11 11 6
787 1179 10 43 26
787 9 11 11 6
787 884 9 30 21
788 592 10 57 16
788 155 10 32 6
789 487 11 23 11
790 974 11 22 21
790 331 10 1 11
790 818 10 36 21
790 559 10 11 16
791 520 11 38 16
791 700 10 20 16
792 44 10 29 6
792 181 10 32 6
793 888 9 15 21
793 201 10 34 6
794 531 11 6 16
794 1076 10 43 26
794 629 9 50 16
794 1080 10 25 26
795 1249 11 18 26
795 791 10 16 21
795 328 10 41 11
795 169 10 45 6
795 274 11 12 11
795 744 11 56 16
795 894 9 29 21
796 582 9 45 16
796 658 9 3 16
797 889 9 22 21
797 818 10 49 21
798 514 11 46 16
798 513 11 25 16
798 800 10 19 21
800 405 9 35 11
800 937 10 57 21
800 594 9 34 16
800 647 9 49 16
801 15 11 50 6
801 1225 11 3 26
802 284 10 1 11
802 511 11 29 16
803 647 9 23 16
803 844 9 22 21
803 1211 10 1 26
803 359 9 31 11
803 1110 9 56 26
804 69 10 0 6
804 142 9 6 6
805 806 10 38 21
805 724 11 25 16
806 484 11 17 11
807 568 9 55 16
808 954 10 6 21
808 197 10 2 6
808 939 10 59 21
809 106 9 2 6
809 227 11 23 6
809 1200 10 36 26
810 82 9 57 6
810 751 11 46 16
810 398 9 25 11
811 82 9 35 6
811 373 9 3 11
811 61 10 36 6
812 1045 10 11 26
812 763 11 53 21
812 1098 9 11 26
813 62 9 52 6
813 898 9 43 21
813 1009 11 6 21
814 826 9 45 21
814 740 11 12 16
815 177 9 29 6
815 579 9 7 16
816 386 9 6 11
817 377 8 52 11
818 647 9 56 16
818 551 10 58 16
818 672 9 59 16
819 1145 8 34 26
819 40 10 23 6
819 413 9 16 11
820 133 8 29 6
820 474 10 21 11
820 997 11 10 21
821 518 10 20 16
822 735 11 23 16
822 144 8 34 6
823 242 11 57 11
823 456 10 13 11
823 340 9 12 11
824 878 8 22 21
824 871 8 48 21
824 276 10 15 11
824 526 10 59 16
825 1106 8 59 26
825 337 9 8 11
826 639 8 2 16
826 601 8 52 16
827 818 9 44 21
827 418 9 8 11
828 783 10 29 21
828 1216 10 48 26
829 542 10 29 16
829 660 8 37 16
829 150 8 54 6
830 769 10 14 21
830 983 10 33 21
830 941 9 52 21
830 185 9 5 6
831 231 10 59 6
831 165 8 7 6
831 985 10 21 21
831 1050 9 29 26
832 140 8 28 6
832 287 10 23 11
833 830 9 49 21
833 15 10 44 6
833 555 9 49 16
834 797 9 38 21
834 647 8 57 16
835 857 8 1 21
836 721 10 1 16
836 299 9 45 11
836 50 9 9 6
836 263 10 52 11
837 218 10 37 6
837 41 10 9 6
837 766 10 54 21
838 948 9 21 21
838 789 10 53 21
838 219 10 54 6
839 625 8 50 16
840 295 9 42 11
840 170 8 15 6
840 458 10 27 11
840 188 9 28 6
841 426 9 29 11
841 924 8 52 21
842 218 10 13 6
843 808 9 34 21
843 729 10 52 16
844 1176 8 12 26
845 165 8 47 6
845 629 8 13 16
845 147 8 41 6
845 482 10 11 11
845 311 9 54 11
846 358 8 25 11
847 525 10 52 16
847 1100 8 33 26
847 567 9 14 16
848 341 8 54 11
848 1 11 34 6
849 1168 8 59 26
849 463 10 55 11
850 277 10 18 11
850 243 11 36 6
850 974 10 56 21
851 362 7 12 11
851 1178 8 57 26
852 934 9 42 21
852 860 7 58 21
852 782 10 48 21
852 380 7 16 11
852 439 9 13 11
853 824 8 7 21
854 1019 10 36 26
854 813 9 43 21
854 189 9 0 6
855 539 9 41 16
855 365 7 9 11
855 47 9 52 6
855 306 9 54 11
856 708 9 57 16
856 339 8 5 11
856 1095 8 27 26
856 903 8 0 21
856 245 11 51 6
857 788 9 44 21
857 651 8 52 16
857 918 8 24 21
857 1215 10 58 26
857 249 11 38 6
858 1178 8 50 26
858 615 7 57 16
858 274 10 25 11
858 954 9 8 21
859 979 10 26 21
859 273 10 22 11
860 505 11 12 11
860 932 8 15 21
860 881 7 56 21
861 1101 7 10 26
863 261 10 55 11
863 847 8 12 21
863 307 9 16 11
863 1062 9 3 26
863 473 10 48 11
864 83 8 51 6
865 270 10 3 11
865 1039 9 22 26
866 172 8 0 6
866 1224 10 47 26
866 303 9 16 11
866 207 9 57 6
866 884 7 44 21
867 238 10 43 6
867 1008 10 49 26
867 745 11 35 16
868 22 10 19 6
869 318 8 42 11
869 1024 10 0 26
870 501 11 17 11
870 65 9 20 6
870 1042 9 42 26
870 335 8 6 11
871 717 10 46 16
872 442 9 51 11
872 511 10 24 16
872 1020 10 0 26
873 44 9 55 6
873 612 7 40 16
873 519 10 56 16
873 1237 10 58 26
874 447 9 35 11
874 628 7 0 16
875 741 10 14 16
875 354 7 30 11
875 513 10 40 16
875 875 7 5 21
876 707 9 33 16
876 544 9 2 16
876 904 7 5 21
877 934 8 12 21
877 606 7 18 16
879 1017 10 55 26
879 186 9 56 6
879 11 10 53 6
879 1131 7 44 26
880 1069 8 24 26
880 454 9 12 11
881 75 8 26 6
882 465 10 24 11
882 298 9 21 11
882 1106 7 39 26
883 671 8 6 16
883 668 8 28 16
883 938 9 17 21
883 188 9 49 6
885 1239 10 52 26
885 340 8 17 11
885 207 9 45 6
885 572 8 24 16
885 267 10 13 11
887 254 11 43 6
887 1025 10 0 26
889 1063 9 5 26
889 877 7 49 21
889 599 7 30 16
889 40 9 45 6
890 819 8 54 21
890 1107 7 56 26
890 1065 9 48 26
890 513 10 51 16
890 1047 9 0 26
891 76 8 58 6
891 1161 8 38 26
891 272 10 57 11
892 111 7 52 6
892 949 9 23 21
893 109 7 21 6
894 87 8 56 6
895 839 8 41 21
895 837 8 37 21
895 1195 9 18 26
896 147 8 12 6
896 843 8 35 21
897 164 8 46 6
897 1006 11 29 26
898 592 8 17 16
898 488 10 30 11
898 72 8 46 6
899 1093 8 2 26
899 629 7 55 16
900 141 7 51 6
900 39 9 37 6
900 399 8 47 11
901 254 11 56 11
901 378 7 26 11
902 1106 8 9 26
902 555 9 42 16
903 555 9 12 16
903 62 9 57 6
904 723 10 22 16
904 543 9 3 16
904 670 8 58 16
904 1216 10 20 26
905 479 10 42 11
905 1075 8 47 26
905 385 8 4 11
906 864 8 57 21
906 589 8 0 16
906 337 8 1 11
906 309 9 30 11
907 943 9 37 21
907 865 8 19 21
907 578 8 43 16
907 379 8 4 11
907 549 9 57 16
907 797 9 12 21
908 416 8 21 11
908 363 8 19 11
909 1044 9 51 26
909 849 8 15 21
909 197 9 14 6
909 756 11 42 16
910 1214 10 44 26
910 846 8 53 21
910 116 8 31 6
910 703 9 10 16
911 402 8 3 11
911 91 8 13 6
911 365 8 14 11
912 58 9 0 6
912 99 8 35 6
912 346 8 10 11
912 1080 8 58 26
914 418 8 47 11
914 501 11 44 11
915 543 10 37 16
915 1235 10 52 26
915 871 8 41 21
916 66 9 37 6
916 708 10 53 16
916 1181 9 3 26
917 912 8 6 21
917 848 8 4 21
917 35 10 46 6
917 368 8 11 11
917 1155 8 53 26
917 910 8 51 21
918 1178 9 32 26
918 748 11 12 16
918 165 8 34 6
920 216 10 40 6
920 941 9 19 21
921 489 11 16 11
922 138 8 24 6
922 862 8 12 21
922 812 9 39 21
922 1089 8 27 26
922 691 9 7 16
922 372 8 44 11
922 678 9 41 16
922 757 11 8 16
923 53 9 11 6
923 504 11 43 11
923 525 10 58 16
924 683 9 59 16
924 67 9 27 6
924 1160 9 36 26
925 996 11 51 21
925 803 9 0 21
925 283 10 13 11
926 928 9 36 21
926 322 9 56 11
926 737 11 20 16
926 295 10 40 11
926 848 8 42 21
927 451 10 23 11
927 833 9 33 21
927 445 9 25 11
928 998 11 47 21
928 315 9 37 11
929 997 11 59 21
930 246 11 27 6
930 273 10 48 11
930 486 11 8 11
930 143 8 44 6
931 704 10 1 16
931 859 8 47 21
931 1241 11 11 26
932 944 9 0 21
932 1220 10 32 26
933 522 10 44 16
933 1085 9 8 26
934 561 9 43 16
934 831 9 28 21
934 603 9 59 16
934 1107 9 42 26
934 189 9 47 6
934 932 9 35 21
935 1097 9 25 26
935 777 10 40 21
935 751 11 40 16
936 604 9 1 16
936 556 10 36 16
936 90 9 52 6
936 401 9 33 11
937 350 9 10 11
937 646 9 15 16
937 233 11 6 6
938 80 9 36 6
938 562 9 3 16
938 781 10 36 21
938 1184 9 27 26
938 731 11 22 16
938 114 9 24 6
939 481 11 35 11
939 213 10 6 6
940 854 9 17 21
940 818 9 15 21
941 595 9 9 16
941 283 10 18 11
941 24 11 39 6
942 316 9 54 11
942 820 9 18 21
943 371 9 22 11
944 1153 9 14 26
944 236 11 17 6
945 353 9 57 11
945 943 10 1 21
945 520 11 44 16
945 1011 11 14 26
946 837 9 33 21
946 1014 11 17 26
946 139 9 16 6
947 143 9 9 6
948 971 11 9 21
949 619 9 49 16
949 364 9 20 11
949 1247 11 17 26
949 438 10 48 11
949 1051 10 48 26
950 1022 11 12 26
950 1085 9 16 26
950 116 9 15 6
950 970 11 34 21
951 412 9 32 11
951 1049 10 43 26
952 95 9 33 6
952 606 9 50 16
952 921 9 58 21
953 589 9 42 16
954 826 10 0 21
954 1091 9 29 26
955 845 9 36 21
955 1190 10 18 26
955 13 11 43 6
955 544 10 42 16
956 1142 9 28 26
956 1238 11 32 26
956 755 11 36 21
957 658 9 4 16
958 384 9 47 11
958 105 9 9 6
959 1028 11 21 26
959 1125 9 55 26
959 1172 10 19 26
960 246 11 23 6
960 483 11 36 11
960 146 9 31 6
960 1162 10 32 26
961 1234 11 16 26
961 312 10 19 11
962 280 11 36 11
962 246 11 32 6
964 668 10 26 16
964 941 10 10 21
965 563 10 5 16
965 1201 10 9 26
965 530 11 35 16
965 173 10 47 6
966 529 11 59 16
966 1228 11 18 26
966 913 10 47 21
967 905 10 28 21
967 1137 10 46 26
968 394 10 5 11
968 724 11 12 16
968 249 12 21 6
968 1066 10 25 26
969 561 10 44 16
969 134 10 57 6
969 548 11 30 16
970 448 10 23 11
970 979 11 6 21
971 1173 10 43 26
972 1186 10 18 26
972 204 11 17 6
972 1005 12 58 21
972 1135 10 55 26
972 1236 11 48 26
972 719 11 22 16
973 1143 10 3 26
973 198 11 7 6
973 650 10 58 16
973 831 10 36 21
973 1030 11 34 26
973 884 10 1 21
974 304 11 33 11
975 1249 12 35 26
975 871 10 36 21
975 957 11 20 21
975 612 10 35 16
975 798 11 46 21
975 431 10 7 11
975 428 10 55 11
976 923 10 25 21
976 871 10 4 21
976 261 12 59 6
977 1073 10 46 26
977 601 10 30 16
977 328 10 36 11
978 146 10 35 6
979 270 11 52 11
980 620 10 59 16
980 822 10 41 21
980 665 10 27 16
980 1229 11 10 26
981 935 11 51 21
981 922 10 18 21
981 1241 12 57 26
981 676 10 39 16
981 985 12 40 21
982 685 11 0 16
982 1231 12 39 26
983 1085 10 39 26
983 533 11 36 16
983 26 11 5 6
983 546 11 40 16
984 671 10 9 16
984 147 10 40 6
985 804 11 16 21
985 1082 10 21 26
985 854 10 7 21
985 613 10 55 16
985 819 11 28 21
986 211 11 55 6
986 393 10 20 11
987 217 11 25 6
987 690 11 54 16
988 1092 10 58 26
988 857 10 55 21
989 760 12 30 16
989 275 12 25 11
990 150 10 39 6
990 207 11 22 6
991 1083 11 6 26
991 41 11 6 6
991 1023 12 32 26
991 672 11 49 16
993 171 11 24 6
994 866 10 29 21
994 1030 12 29 26
994 103 11 57 6
994 1174 11 21 27
995 118 11 0 6
995 235 12 36 6
997 1164 11 58 26
997 824 11 57 21
997 759 12 16 21
997 765 12 59 21
998 893 11 29 21
998 565 11 24 16
998 902 11 21 21
999 457 11 37 11
1000 453 11 19 11
1000 1241 12 41 26
1000 1046 11 24 26
1000 787 12 31 21
1000 424 11 6 11
1000 992 12 18 21
1001 147 11 21 6
1001 1108 11 53 26
1002 39 12 41 6
1002 1249 12 46 26
1003 949 11 24 21
1003 826 11 55 21
1004 1162 11 45 26
1004 22 12 31 6
1005 160 11 27 6
1005 428 11 34 11
1005 297 11 47 12
1005 712 11 48 17
1006 389 10 55 12
1006 117 10 36 7
1006 253 12 9 11
1007 1226 12 47 26
1007 1071 11 12 26
1007 396 10 59 12
1007 865 10 44 22
1007 481 12 28 11
1007 242 12 51 6
1008 1151 10 14 27
1008 409 11 45 11
1008 1187 11 4 26
1009 132 10 43 7
1009 768 12 56 21
1009 294 11 45 12
1010 134 10 7 7
1010 612 10 28 17
1010 221 11 44 7
1010 689 11 17 16
1010 1067 11 41 26
1011 1055 11 37 27
1011 854 10 50 22
1011 641 10 20 17
1011 685 11 2 16
1011 1119 10 45 27
1011 326 11 5 11
1012 216 11 25 7
1012 487 12 4 11
1012 1214 11 31 27
1012 981 12 4 21
1013 791 11 52 22
1013 150 10 19 7
1013 1037 11 41 27
1013 869 10 54 22
1013 616 10 58 17
1014 887 10 45 22
1014 457 11 53 12
1014 723 11 43 17
1014 413 10 14 12
1014 393 10 36 12
1014 792 11 49 22
1015 1097 10 51 27
1017 592 10 40 17
1017 705 11 32 17
1017 441 11 47 12
1017 302 11 26 12
1017 830 10 31 22
1017 571 11 7 17
1018 1197 11 2 27
1019 583 10 48 17
1019 521 11 49 17
1020 103 10 39 7
1020 435 11 39 12
1020 272 11 1 12
1020 643 10 33 17
1021 159 10 24 7
1021 1250 12 6 27
1021 1030 11 50 27
1022 256 12 29 7
1022 978 11 29 22
1022 1115 10 47 27
1022 845 10 13 22
1022 67 10 40 7
1023 24 11 20 7
1023 231 11 59 7
1023 233 11 39 7
1023 130 10 5 7
1023 512 12 53 12
1026 163 10 22 7
1026 504 12 11 12
1026 633 10 29 17
1026 776 11 11 22
1027 156 10 2 7
1029 202 11 2 7
1029 570 10 35 17
1030 162 10 42 7
1030 210 11 28 7
1031 1080 10 6 27
1031 468 11 49 12
1031 1236 11 30 27
1031 727 11 54 17
1032 599 10 30 17
1032 189 10 1 7
1033 692 10 25 17
1033 667 10 31 17
1033 575 10 27 17
1033 1024 11 42 27
1033 1179 10 29 27
1034 221 11 9 7
1034 931 10 3 22
1034 280 11 51 12
1034 1149 10 48 27
1036 796 10 16 22
1037 606 10 31 17
1037 1021 11 8 27
1037 778 11 16 22
1037 784 11 10 22
1037 167 10 14 7
1037 65 10 1 7
1037 554 10 24 17
1037 542 11 17 17
1037 586 10 22 17
1038 111 9 27 7
1038 350 10 12 12
1038 962 11 24 22
1039 1005 11 54 27
1039 868 9 54 22
1039 929 10 44 22
1039 407 10 0 12
1040 697 10 43 17
1040 1079 10 6 27
1040 213 11 47 7
1041 128 9 6 7
1041 723 11 0 17
1041 713 11 12 17
1041 1207 10 37 27
1042 1132 9 19 27
1042 670 10 46 17
1042 413 10 59 12
1044 630 9 20 17
1044 741 11 49 17
1044 1136 9 50 27
1044 756 11 9 22
1044 142 9 6 7
1045 322 10 21 12
1045 229 11 17 7
1045 182 10 14 7
1046 1045 10 24 27
1046 27 11 23 7
1046 243 11 7 7
1046 155 9 40 7
1047 674 10 33 17
1047 564 10 21 17
1047 1222 11 0 27
1048 682 10 45 17
1048 932 10 38 22
1048 190 10 54 7
1048 547 10 39 17
1048 607 9 22 17
1048 1125 9 47 27
1050 719 11 14 17
1050 1152 9 21 27
1050 806 10 34 22
1051 519 11 20 17
1051 573 10 13 17
1052 803 10 38 22
1052 731 11 50 17
1052 93 9 32 7
1053 51 10 25 7
1053 246 11 49 7
1053 937 10 52 22
1053 944 10 14 22
1053 645 9 39 17
1054 684 10 53 17
1054 648 9 12 17
1054 94 9 52 7
1054 657 9 11 17
1055 1095 9 18 27
1055 47 10 16 7
1055 1 11 26 7
1055 1152 9 17 27
1055 576 9 49 17
1056 574 9 59 17
1056 820 9 39 22
1056 766 11 49 22
1056 502 11 36 12
1056 298 10 17 12
1057 702 10 43 17
1057 153 9 15 7
1057 780 10 31 22
1058 152 9 30 7
1058 484 11 22 12
1058 907 9 52 22
1058 983 11 56 22
1058 1204 10 42 27
1059 335 9 57 12
1059 886 9 27 22
1060 512 11 32 17
1060 874 9 29 22
1060 1182 9 52 27
1060 44 10 13 7
1060 564 9 14 17
1060 1211 10 58 27
1060 320 9 52 12
1061 1059 10 7 27
1062 276 10 3 12
1062 1019 11 45 27
1062 175 9 10 7
1063 503 11 13 12
1063 697 10 53 17
1063 1061 9 29 27
1064 554 10 31 17
1064 488 11 42 12
1064 2 11 20 7
1065 710 10 10 17
1066 1008 11 31 27
1066 931 9 57 22
1067 309 9 27 12
1067 714 10 7 17
1067 1076 9 4 27
1068 206 10 50 7
1068 1125 8 29 27
1068 260 11 26 12
1068 1107 8 43 27
1068 55 10 26 7
1068 889 8 9 22
1068 522 10 40 17
1068 211 10 53 7
1069 1043 10 33 27
1069 152 9 2 7
1069 556 9 37 17
1069 728 10 39 17
1070 43 10 8 7
1070 551 10 27 17
1070 1070 9 31 27
1071 926 9 7 22
1072 1171 9 22 27
1074 148 8 8 7
1075 1237 11 10 27
1075 508 11 36 12
1075 129 8 2 7
1075 841 9 39 22
1075 1222 10 7 27
1075 334 9 36 12
1075 354 8 59 12
1076 871 8 9 22
1076 1103 8 0 27
1077 651 8 48 17
1077 90 8 28 7
1078 130 8 7 7
1078 135 8 53 7
1078 1193 9 18 27
1078 896 8 28 22
1079 175 9 19 7
1079 484 10 53 12
1079 611 8 54 17
1080 1221 10 20 27
1080 987 11 26 22
1080 938 9 39 22
1080 930 9 46 22
1080 524 10 20 17
1080 556 9 8 17
1080 271 10 25 12
1080 355 8 28 12
1081 1149 8 28 27
1082 1080 9 56 27
1082 1131 8 35 27
1082 729 10 50 17
1082 866 8 57 22
1083 498 11 37 12
1084 1244 11 18 27
1084 1012 11 51 22
1085 600 8 16 17
1085 597 8 25 17
1085 1149 8 27 27
1085 330 9 8 12
1085 1142 8 26 27
1085 400 8 27 12
1085 722 10 56 17
1085 1030 10 54 27
1086 639 8 26 17
1086 207 10 49 7
1086 182 9 5 7
1086 519 10 55 17
1086 165 8 1 7
1086 368 8 58 12
1088 8 11 41 7
1088 814 9 21 22
1088 1089 8 24 27
1088 166 8 13 7
1089 12 10 7 7
1089 95 8 44 7
1089 28 10 21 7
1089 32 10 24 7
1090 523 10 4 17
1091 723 10 41 17
1091 1013 10 13 27
1092 665 8 40 17
1092 952 9 32 22
1092 1169 8 10 27
1093 602 8 17 17
1093 357 8 50 12
1093 345 8 1 12
1094 326 8 26 12
1094 1063 9 8 27
1094 913 8 20 22
1095 302 9 26 12
1095 659 8 26 17
1095 123 8 48 7
1096 771 10 22 22
1096 1012 10 21 27
1096 905 8 6 22
1097 1146 8 4 27
1097 330 8 26 12
1098 659 8 1 17
1099 410 8 5 12
1099 982 10 16 22
1099 1052 9 43 27
1099 947 9 18 22
1099 362 7 41 12
1099 1129 7 56 27
1099 773 10 18 22
1100 169 8 17 7
1101 194 9 9 7
1101 613 7 42 17
1101 41 9 22 7
1101 561 9 51 17
1102 565 9 55 17
1102 365 7 54 12
1102 877 7 15 22
1103 745 11 57 17
1103 658 8 3 17
1103 1127 7 57 27
1104 948 9 58 22
1105 1249 11 29 27
1106 444 9 57 12
1106 1057 9 11 27
1106 213 10 55 7
1107 1135 7 24 27
1107 1011 10 51 27
1107 394 7 10 12
1108 361 7 45 12
1108 1206 9 57 27
1108 664 8 14 17
1109 531 10 3 17
1109 635 7 51 17
1109 1150 7 11 27
1110 734 10 19 17
1110 583 8 26 17
1110 1023 10 21 27
1111 283 10 52 12
1111 227 10 22 7
1111 999 11 39 22
1112 583 8 10 17
1112 819 8 23 22
1113 706 9 22 17
1113 555 9 24 17
1113 222 10 6 7
1114 227 10 9 7
1114 115 7 18 7
1114 563 9 21 17
1114 1236 10 7 27
1115 130 7 21 7
1115 563 9 19 17
1117 389 7 57 12
1117 108 7 43 7
1117 566 8 16 17
1117 597 7 0 17
1117 1128 7 30 27
1117 1049 9 40 27
1118 737 10 51 17
1118 201 9 40 7
1119 467 10 17 12
1119 135 7 49 7
1120 310 9 46 12
1120 293 9 12 12
1120 341 8 40 12
1120 717 10 49 17
1121 668 8 24 17
1121 1182 8 6 27
1121 814 9 11 22
1121 114 7 16 7
1122 554 9 20 17
1122 58 9 50 7
1123 448 9 26 12
1124 757 10 35 22
1124 542 9 4 17
1125 559 9 50 17
1125 1230 10 42 27
1125 472 10 6 12
1125 151 7 0 7
1126 176 8 55 7
1126 240 10 5 7
1126 1053 9 22 27
1127 167 8 6 7
1128 1094 8 2 27
1128 455 9 57 12
1129 483 10 23 12
1129 596 7 3 17
1130 1213 9 27 27
1131 869 7 55 22
1131 694 9 46 17
1131 1184 8 0 27
1132 664 8 5 17
1133 261 10 35 12
1133 410 8 38 12
1133 373 7 9 12
1134 335 8 7 12
1134 90 8 28 7
1135 378 7 33 12
1135 1123 7 5 27
1135 558 9 39 17
1136 632 7 50 17
1136 1248 11 17 27
1136 474 10 21 12
1137 216 10 8 7
1137 672 8 53 17
1137 501 11 18 12
1138 1085 8 51 27
1139 1187 9 27 27
1140 1107 7 24 27
1140 660 8 51 17
1140 1201 9 22 27
1141 903 8 29 22
1141 956 9 5 22
1143 28 10 29 7
1144 330 8 23 12
1144 771 10 54 22
1144 957 9 44 22
1144 534 10 18 17
1145 128 7 22 7
1145 1123 7 31 27
1145 306 9 5 12
1146 675 8 14 17
1146 897 8 28 22
1147 791 9 32 22
1147 240 10 52 7
1148 495 11 38 12
1148 1240 10 32 27
1149 148 8 20 7
1150 398 8 11 12
1150 593 8 37 17
1151 834 8 51 22
1152 178 8 53 7
1152 1202 9 47 27
1153 996 11 5 22
1153 48 9 2 7
1153 1192 9 32 27
1154 1027 10 23 27
1154 192 9 45 7
1154 1012 10 59 27
1155 10 10 39 7
1155 546 9 28 17
1155 632 8 13 17
1155 129 8 0 7
1155 1115 8 34 27
1157 1004 11 34 22
1157 734 10 15 17
1157 987 10 20 22
1157 171 8 10 7
1157 4 11 34 7
1157 91 8 42 7
1158 622 8 42 17
1158 1094 8 31 27
1159 1240 10 48 27
1159 1001 11 10 27
1159 380 8 55 12
1159 537 10 41 17
1159 715 10 40 17
1160 487 10 27 12
1160 474 10 1 12
1160 355 8 52 12
1160 949 9 57 22
1160 687 9 45 17
1161 278 10 45 12
1161 1022 10 36 27
1161 1114 8 50 27
1162 313 9 39 12
1162 1108 8 8 27
1162 24 10 5 7
1162 527 10 24 17
1163 782 10 59 22
1163 904 8 36 22
1163 894 8 53 22
1164 762 10 12 22
1165 396 8 36 12
1165 72 9 19 7
1165 975 10 39 22
1165 219 10 51 7
1166 593 8 39 17
1166 427 9 49 12
1166 951 9 17 22
1166 822 9 14 22
1166 869 8 31 22
1167 531 10 40 17
1167 630 8 2 17
1167 635 8 34 17
1167 868 8 36 22
1168 121 8 43 7
1168 807 9 14 22
1169 1112 8 55 27
1169 301 9 37 12
1170 41 10 58 7
1170 1081 9 44 27
1171 412 8 14 12
1171 211 10 36 7
1171 1231 10 20 27
1171 223 10 56 7
1172 62 9 15 7
1172 364 8 28 12
1173 947 9 1 22
1173 933 9 32 22
1174 416 9 19 12
1175 631 8 37 17
1175 424 9 25 12
1175 436 9 32 12
1175 647 8 5 17
1176 460 10 36 12
1176 1198 9 11 27
1177 328 9 56 12
1177 106 8 7 7
1178 178 9 0 7
1178 38 10 6 7
1178 88 9 21 7
1178 456 10 24 12
1179 269 10 46 12
1179 722 10 24 17
1179 35 10 50 7
1180 105 8 22 7
1180 306 9 59 12
1180 766 11 4 22
1180 775 10 10 22
1180 1023 10 28 27
1181 942 9 3 22
1181 235 11 54 7
1182 491 11 42 12
1183 680 9 31 17
1184 479 10 7 12
1184 408 9 38 12
1184 160 9 46 7
1185 1039 10 27 27
1185 108 9 31 7
1185 532 10 18 17
1186 97 9 47 7
1186 795 10 0 22
1187 580 9 35 17
1187 595 9 19 17
1188 213 10 5 7
1188 1182 9 3 27
1188 337 9 22 12
1188 781 10 54 22
1189 998 11 11 22
1190 728 11 14 17
1190 351 9 0 12
1190 532 10 32 17
1191 1056 10 30 27
1191 498 11 46 17
1192 1108 9 48 27
1192 260 11 20 12
1193 519 11 1 17
1193 544 10 40 17
1193 610 9 25 17
1193 1017 11 3 27
1193 1148 9 8 27
1193 1173 9 20 27
1194 441 10 57 12
1194 785 10 43 22
1194 328 9 51 12
1194 488 11 4 12
1194 51 10 21 7
1195 1114 9 29 27
1195 702 10 32 17
1196 363 9 45 12
1196 1017 11 40 27
1196 1016 11 19 27
1196 312 10 45 12
1196 472 11 7 12
1197 621 9 30 17
1197 554 10 51 17
1197 785 10 11 22
1198 672 9 44 17
1199 326 9 45 12
1199 1095 9 22 27
1199 805 10 50 22
1199 346 9 37 12
1199 828 9 46 22
1200 175 10 21 7
1200 651 9 23 17
1200 239 11 27 7
1200 1072 10 41 27
1201 599 9 16 17
1201 90 9 7 7
1201 1227 11 58 27
1202 77 10 19 7
1202 6 11 7 7
1202 173 10 18 7
1205 1013 11 9 27
1206 333 10 50 12
1206 1178 10 1 27
1207 438 10 13 12
1207 364 9 12 12
1208 900 9 23 22
1208 991 11 37 22
1208 66 10 57 7
1208 670 10 3 17
1209 1148 9 48 27
1209 449 10 34 12
1209 968 11 10 22
1209 632 9 10 17
1209 1071 10 25 27
1210 346 9 21 12
1210 1054 10 54 27
1210 705 10 2 17
1210 1058 10 35 27
1210 1193 10 45 27
1210 107 9 39 7
1211 736 11 22 17
1211 1027 11 58 27
1213 578 10 55 17
1213 260 11 41 12
1214 303 10 39 12
1214 541 11 11 17
1214 11 11 48 7
1215 734 11 38 17
1215 1043 11 31 27
1215 25 11 55 7
1216 938 10 48 22
1216 482 11 40 12
1217 1139 10 38 27
1218 861 10 50 22
1218 1060 10 45 27
1220 583 10 42 17
1220 1085 10 13 27
1220 1060 10 15 27
1221 1037 11 31 27
1221 80 10 8 7
1221 850 10 3 22
1221 1200 11 5 27
1222 372 10 18 12
1222 69 10 6 7
1222 804 11 31 22
1223 1185 10 32 27
1223 472 11 52 12
1223 163 10 25 7
1223 557 10 7 17
1223 797 11 29 22
1224 323 10 5 12
1224 1212 11 21 27
1224 449 11 27 12
1224 84 10 52 7
1225 1130 10 2 27
1225 677 10 7 17
1226 62 10 3 7
1226 1183 10 42 27
1226 455 11 37 12
1227 1229 11 26 27
1227 403 10 30 12
1228 577 10 25 17
1228 376 10 58 12
1228 523 11 8 17
1229 324 10 7 12
1229 485 12 36 12
1229 989 12 50 27
1229 1183 10 12 27
1229 483 11 51 12
1230 368 10 21 12
1230 1175 10 20 27
1230 410 10 46 12
1232 102 10 26 7
1232 355 10 31 12
1233 703 11 44 17
1233 919 10 49 22
1234 960 11 3 22
1234 708 11 37 17
1235 529 11 7 17
1235 624 10 2 17
1235 823 11 6 22
1235 149 10 4 7
1235 704 11 24 17
1235 740 12 34 17
1235 933 11 56 22
1235 1112 10 18 27
1235 1143 10 41 27
1236 885 10 59 22
1236 738 12 53 22
1237 535 11 18 17
1237 577 11 18 17
1237 1098 10 23 27
1238 214 11 35 7
1239 1223 12 8 27
1239 380 10 31 12
1239 948 11 43 22
1239 657 10 44 17
1240 967 11 13 22
1240 967 11 55 22
1240 90 11 27 7
1241 1175 11 26 27
1241 144 10 8 7
1241 642 10 6 17
1242 131 10 44 7
1242 855 10 39 22
1243 285 11 50 12
1243 608 10 26 17
1243 777 12 42 22
1243 878 10 27 22
1245 1238 12 33 27
1245 427 11 36 12
1246 722 12 26 17
1246 465 12 37 12
1248 766 12 0 22
1248 764 12 0 22
1249 55 11 25 7
1249 634 11 11 17
1249 330 11 33 12
1250 97 11 24 7
1250 262 12 4 12
1250 546 11 43 17
