SF7_COMM_RANGE = 30
VERTEX_NUM = 3000
MAP_WIDTH = 1250
MAP_LENGTH = 1250
Total links = 7833
Capital delta = 15
SF1112 % = 28.5333
# of outliers = 0
DATA PERIOD = 60
------------------------------
x  y  SF  phase which_gateway: 
1 88 11 47 3
1 1183 11 54 23
1 1066 11 38 23
1 227 12 30 3
2 383 11 14 8
2 494 12 0 8
5 1118 11 51 23
5 208 11 22 3
5 300 11 1 8
6 1017 12 25 23
6 1194 11 52 23
6 744 12 51 18
7 610 10 42 13
7 1088 11 3 23
7 536 11 28 13
7 184 11 50 3
8 594 11 5 13
8 1048 11 53 23
10 1146 10 8 23
10 524 12 21 13
11 1122 10 17 23
12 1225 12 23 23
12 165 10 9 3
12 370 10 49 8
12 741 12 3 13
13 961 11 28 18
13 658 10 5 13
13 777 11 48 18
13 918 10 30 18
13 526 11 43 13
14 277 11 34 8
14 351 10 9 8
15 1111 10 30 23
15 228 12 12 3
15 563 11 39 13
16 190 11 44 3
16 134 10 4 3
17 165 10 22 3
17 695 11 58 13
17 570 11 58 13
19 380 10 48 8
19 1221 11 50 23
19 49 11 49 3
19 563 11 22 13
20 288 11 54 8
21 668 10 17 13
21 680 10 13 13
21 1041 11 51 23
21 1120 10 3 23
22 908 10 13 18
22 692 11 12 13
23 915 10 20 18
23 389 10 37 8
23 258 12 13 8
24 579 10 1 13
24 425 10 32 8
25 119 10 42 3
25 76 10 58 3
26 448 11 21 8
26 1201 11 4 23
26 1160 10 34 23
26 880 10 47 18
26 414 10 13 8
27 481 11 4 8
27 570 10 52 13
28 690 10 45 13
28 368 10 40 8
28 401 10 56 8
28 456 11 59 8
29 483 11 38 8
29 970 11 54 18
29 1206 11 39 23
29 894 10 29 18
29 912 10 43 18
29 185 10 2 3
30 132 10 15 3
30 620 10 53 13
30 733 11 7 13
31 646 10 58 13
31 619 10 48 13
31 781 11 20 18
31 1177 10 2 23
32 461 11 0 8
32 609 10 49 13
32 323 10 15 8
33 423 10 1 8
33 252 12 22 3
33 571 10 49 13
33 883 10 0 18
34 813 10 35 18
34 145 10 53 3
34 485 11 26 8
34 381 10 22 8
34 426 10 59 8
35 488 11 30 8
35 274 11 6 8
36 289 11 36 8
36 161 10 10 3
37 258 11 3 8
37 1021 11 35 23
38 613 9 40 13
38 1017 11 49 23
38 1087 10 15 23
38 526 11 9 13
41 745 11 25 13
41 496 11 9 8
43 952 10 16 18
43 783 11 10 18
43 1178 10 16 23
43 967 11 14 18
44 893 9 58 18
45 476 11 28 8
45 217 11 16 3
45 75 10 58 3
46 984 11 18 18
46 970 11 24 18
46 920 10 51 18
47 1094 9 32 23
47 1139 9 13 23
47 882 9 43 18
48 1059 10 7 23
48 172 10 59 3
49 470 11 9 8
49 980 11 21 18
50 688 10 50 13
51 1027 11 39 23
51 662 9 28 13
52 922 9 18 18
53 531 10 41 13
53 249 11 23 8
53 423 9 45 8
54 1189 10 22 23
54 593 9 12 13
56 644 9 0 13
56 253 11 23 3
56 537 10 37 13
56 1056 10 1 23
56 683 10 32 13
57 700 10 39 13
58 983 11 17 18
59 939 10 46 18
59 1139 9 37 23
59 636 9 46 13
60 574 9 55 13
60 55 10 27 3
60 295 10 56 8
61 306 10 19 8
61 1193 10 11 23
61 823 9 28 18
62 623 9 24 13
63 878 9 54 18
63 514 11 27 13
65 356 9 23 8
65 1062 9 4 23
66 1077 9 48 23
66 733 11 5 13
66 148 9 35 3
67 16 11 8 3
67 1118 8 23 23
68 283 10 9 8
68 55 10 31 3
68 947 10 9 18
68 737 11 23 18
69 369 8 44 8
69 64 9 1 3
69 1180 9 38 23
69 729 10 13 13
69 187 9 3 3
69 476 10 10 8
71 56 9 45 3
71 1217 10 12 23
72 1188 9 49 23
73 513 11 22 8
76 325 9 50 8
77 1160 8 36 23
77 1156 8 42 23
78 113 8 46 3
78 614 8 55 13
78 891 8 53 18
78 1 11 6 3
79 854 8 19 18
79 874 8 39 18
79 1242 11 33 23
79 164 9 35 3
80 1219 10 35 23
80 1153 8 14 23
81 1184 9 40 23
81 373 8 11 8
81 1109 8 22 23
82 376 8 4 8
83 1105 8 12 23
83 982 10 54 18
83 1011 11 13 23
84 1019 10 27 23
84 647 8 30 13
84 173 9 14 3
84 631 8 5 13
85 383 8 35 8
85 87 8 9 3
86 1125 8 8 23
86 886 8 20 18
87 218 10 22 3
87 466 10 57 8
87 25 10 35 3
87 92 8 4 3
88 1 11 25 3
89 453 9 17 8
89 113 8 43 3
89 1095 8 20 23
89 586 8 2 13
90 950 9 49 18
90 433 9 31 8
90 46 9 41 3
90 1191 9 15 23
90 338 8 58 8
90 895 8 17 18
91 430 9 21 8
91 385 8 39 8
91 1184 9 20 23
91 152 8 43 3
92 1024 10 35 23
93 875 8 32 18
94 765 10 29 18
94 255 11 48 3
95 995 11 51 18
95 747 11 59 13
96 330 8 54 8
96 122 7 56 3
96 979 10 27 18
96 235 10 56 3
96 194 9 4 3
97 786 10 47 18
97 1147 8 10 23
97 732 10 53 13
98 293 9 14 8
98 147 8 14 3
99 549 9 18 13
99 525 10 31 13
100 158 8 57 3
100 7 11 30 3
100 133 7 25 3
101 147 8 39 3
101 934 9 54 18
101 51 9 7 3
101 462 10 46 8
102 103 8 52 3
103 118 7 24 3
103 666 8 7 13
104 1072 8 23 23
105 35 10 36 3
106 342 8 50 8
107 585 8 58 13
107 1140 7 0 23
108 73 8 12 3
108 189 9 38 3
108 365 7 51 8
109 1013 10 3 23
109 989 10 25 18
110 774 10 47 18
110 620 7 30 13
110 546 9 21 13
110 190 9 44 3
110 684 9 10 13
111 1082 8 31 23
112 725 10 29 13
112 179 8 24 3
114 930 8 37 18
114 775 10 40 18
114 915 8 56 18
114 1070 8 35 23
115 147 7 10 3
115 1012 10 13 23
115 684 8 6 13
116 1123 7 56 23
116 904 8 20 18
116 854 7 52 18
116 891 7 49 18
117 55 9 36 3
118 976 10 59 18
118 988 10 12 18
119 234 10 12 3
119 724 10 41 13
119 66 8 3 3
119 93 8 4 3
120 1061 9 45 23
120 539 9 41 13
120 363 7 55 8
120 1144 7 49 23
120 422 8 6 8
121 19 10 43 3
121 693 9 19 13
121 240 10 19 3
122 1133 7 19 23
122 1036 9 29 23
122 1243 10 42 23
122 885 7 48 18
122 192 9 54 3
122 1183 8 20 23
123 774 10 28 18
123 320 8 42 8
123 81 8 47 3
124 127 7 31 3
124 355 7 55 8
124 599 7 53 13
124 565 9 27 13
125 326 8 8 8
125 1194 9 37 23
126 195 9 8 3
126 639 7 36 13
126 1023 10 28 23
126 1103 7 13 23
126 727 10 41 13
127 551 9 1 13
128 1077 8 16 23
129 962 9 45 18
130 253 11 47 3
130 1013 10 57 23
130 953 9 41 18
131 79 8 36 3
132 664 8 56 13
132 275 10 16 8
133 81 8 47 3
135 221 10 15 3
135 297 9 35 8
135 585 8 17 13
137 124 7 58 3
138 1203 9 15 23
138 222 10 3 3
138 749 11 10 13
140 313 9 44 8
140 840 8 37 18
140 1247 11 57 23
142 724 10 7 13
142 188 9 24 3
142 212 9 50 3
142 47 9 26 3
143 855 7 32 18
144 948 9 19 18
144 1230 10 35 23
144 539 9 1 13
144 998 11 47 18
144 1051 9 40 23
145 651 8 42 13
146 470 10 48 8
146 899 8 56 18
147 550 9 27 13
147 431 9 35 8
147 1141 7 45 23
147 16 10 0 3
150 927 8 3 18
150 382 7 41 8
150 107 8 16 3
151 880 7 51 18
151 584 8 49 13
151 1136 7 51 23
154 483 10 8 8
155 679 9 39 13
155 1189 9 59 23
156 278 10 3 8
158 938 9 49 18
159 815 9 43 18
159 991 11 40 18
160 21 10 38 3
160 107 8 42 3
160 1167 8 4 23
160 761 10 20 18
160 291 10 8 8
161 1212 10 29 23
162 305 9 39 8
162 178 9 35 3
162 622 8 30 13
163 547 9 26 13
164 876 8 15 18
164 711 10 12 13
165 253 11 14 3
165 371 8 3 8
165 906 8 31 18
166 102 8 42 3
166 1072 9 49 23
166 147 8 32 3
166 633 8 45 13
166 293 10 22 8
167 367 8 48 8
167 571 9 36 13
168 341 8 3 8
168 740 11 32 13
168 834 8 36 18
168 1221 10 42 23
169 1110 8 31 23
170 697 9 39 13
171 1144 8 23 23
172 133 8 6 3
172 769 10 11 18
174 811 9 1 18
174 390 8 48 8
174 427 9 16 8
174 813 9 21 18
176 175 9 48 3
176 830 9 45 18
176 240 11 0 3
177 23 10 16 3
177 379 8 7 8
177 484 11 26 8
177 1200 10 31 23
179 179 9 19 3
179 928 9 33 18
180 247 11 35 3
180 846 9 42 18
181 1000 11 15 18
181 900 9 16 18
181 263 11 14 3
181 1019 10 0 23
181 5 11 38 3
182 830 9 3 18
182 1111 8 29 23
184 212 10 42 3
184 66 9 27 3
185 713 10 5 13
185 118 9 16 3
185 1130 9 58 23
185 963 10 37 18
186 1008 11 40 18
186 949 10 56 18
187 1219 10 48 23
187 1205 10 33 23
187 314 9 44 8
187 385 9 56 8
188 682 9 55 13
188 74 9 24 3
189 734 11 33 13
189 87 9 47 3
189 627 9 40 13
190 1205 10 40 23
190 878 9 14 18
191 340 9 4 8
191 1214 10 51 23
191 1033 10 39 23
191 609 9 31 13
192 149 9 34 3
192 736 11 54 13
192 549 10 47 13
192 737 11 48 13
193 884 9 46 18
193 432 9 17 8
193 128 9 43 3
194 164 9 15 3
194 308 10 51 8
195 281 10 2 8
196 144 9 13 3
197 213 10 0 3
197 935 10 0 18
197 951 10 50 18
197 38 10 40 3
198 336 9 56 8
198 88 9 30 3
198 1160 9 5 23
198 651 9 32 13
198 349 9 27 8
199 343 9 0 8
199 347 9 49 8
200 866 9 0 18
200 65 10 48 3
201 466 10 29 8
201 249 11 41 3
201 454 10 54 8
203 352 9 25 8
203 387 9 32 8
204 684 10 25 13
204 63 10 56 3
205 1048 10 58 23
205 739 11 11 13
206 230 11 35 3
206 566 10 39 13
206 1211 10 57 23
206 665 10 45 13
206 1217 11 14 23
207 966 11 5 18
207 916 10 36 18
207 684 10 17 13
208 998 11 10 18
208 855 9 28 18
209 80 10 17 3
209 443 10 0 8
209 495 11 8 8
209 1118 9 6 23
209 93 9 30 3
210 814 10 6 18
210 16 11 30 3
212 633 9 49 13
213 504 11 6 13
213 704 10 19 13
214 7 11 50 3
215 348 10 46 8
215 1246 12 41 23
215 223 11 31 3
215 63 10 32 3
216 1174 10 58 23
217 404 10 55 8
218 602 10 57 13
218 669 10 47 13
219 566 10 46 13
219 88 10 8 3
219 407 10 22 8
220 312 10 25 8
220 237 11 58 3
220 340 10 59 8
221 25 11 39 3
221 357 10 55 8
221 788 11 36 18
222 760 12 48 13
222 330 10 5 8
222 1244 12 4 23
222 992 12 6 18
223 1230 11 57 23
223 810 10 5 18
223 380 10 4 8
223 430 10 19 8
224 49 11 11 3
224 586 10 26 13
225 1101 10 9 23
225 295 11 9 8
226 31 11 38 3
226 86 10 59 3
227 1244 12 48 23
227 167 10 19 3
228 2 12 30 3
228 701 11 20 13
228 97 10 17 3
228 313 11 17 8
229 520 11 18 13
231 751 12 4 13
232 666 10 3 13
232 134 10 18 3
232 621 10 19 13
233 1239 12 20 23
233 358 10 16 8
233 1199 11 18 23
234 1148 10 52 23
235 877 10 11 18
236 125 10 46 3
236 1039 11 40 23
236 1090 10 16 23
237 205 11 43 3
237 62 11 38 3
237 306 11 5 8
237 629 10 40 13
237 1039 11 42 23
238 806 11 25 18
238 998 12 43 18
238 1131 10 1 23
239 918 11 34 18
239 1084 11 52 23
239 520 12 39 13
240 90 11 33 3
240 1133 10 40 23
240 1244 12 58 23
241 134 10 55 3
241 1165 11 53 23
242 1152 11 7 23
242 688 11 4 13
244 258 12 3 3
244 185 11 4 3
245 282 12 8 8
245 454 11 21 8
245 603 11 15 13
245 428 11 20 8
245 2 12 30 3
245 511 12 25 13
245 1012 12 12 23
245 526 12 41 13
245 1025 12 12 23
246 867 11 53 18
246 541 11 50 13
246 564 11 47 13
246 192 11 31 3
247 922 11 47 18
247 786 12 27 18
247 961 11 6 18
249 940 11 12 18
249 219 12 10 3
249 761 12 7 18
250 1094 11 46 23
250 286 12 54 8
250 1165 11 46 23
251 85 11 19 3
251 1048 11 27 23
251 92 11 36 3
251 351 11 6 8
252 35 12 20 3
253 753 12 35 18
253 1003 12 11 19
253 578 11 23 13
254 909 11 39 18
254 111 11 19 3
255 20 12 36 3
255 425 11 46 8
255 1087 11 31 24
256 747 12 6 13
256 182 11 12 3
257 47 11 44 4
257 1007 12 40 19
257 1172 11 16 23
258 296 11 37 9
258 952 11 22 19
259 247 12 3 9
259 244 12 0 9
259 84 11 9 3
259 425 11 30 8
259 511 12 6 13
260 863 10 22 19
260 505 12 32 14
260 511 12 13 14
261 1229 12 0 23
261 965 11 26 19
261 987 12 51 18
261 8 12 20 3
261 611 10 45 14
262 1177 11 27 23
262 603 10 26 14
262 87 10 5 4
262 585 10 3 14
263 506 12 29 9
263 773 12 20 18
264 957 11 34 19
264 1006 12 40 19
265 1239 12 49 24
265 1074 11 21 23
265 858 10 12 19
267 195 11 47 4
267 762 12 25 14
268 747 12 56 14
268 631 10 27 14
268 1003 12 41 19
268 386 10 25 9
269 706 11 41 14
269 837 10 44 19
269 1160 10 25 24
270 627 10 43 14
270 877 10 14 19
270 914 10 32 19
270 87 10 57 4
270 474 11 38 9
270 1014 12 37 24
270 773 11 57 19
270 241 12 4 4
271 648 10 29 14
271 396 10 9 9
272 354 10 50 9
272 1134 10 48 24
273 1074 10 28 24
274 816 10 47 19
274 115 10 51 4
275 712 11 57 14
275 313 10 0 9
275 911 10 18 19
276 370 10 38 9
276 782 11 49 19
277 395 10 39 9
277 1143 10 50 24
278 558 10 36 14
278 962 11 4 19
278 254 12 38 4
279 256 12 56 4
279 384 10 45 9
279 39 11 3 4
280 184 10 29 4
281 560 10 21 14
281 234 11 28 4
281 569 10 12 14
282 62 10 35 4
282 147 10 52 4
282 695 10 9 14
283 964 11 5 19
284 931 10 22 19
285 971 11 59 19
285 382 10 1 9
286 352 10 43 9
287 566 10 8 14
287 645 10 51 14
287 909 10 31 19
287 1109 9 36 24
288 1142 9 31 24
290 733 11 15 14
290 314 10 26 9
290 1189 10 23 24
290 1193 10 33 24
290 894 9 4 19
291 871 9 12 19
292 578 10 4 14
292 1164 10 46 24
293 619 9 40 14
294 585 10 0 14
295 1189 10 24 24
295 448 10 28 9
296 908 9 37 19
296 732 11 27 14
296 1073 10 58 24
296 384 9 58 9
297 368 9 47 9
298 335 9 10 9
299 881 9 25 19
300 90 9 32 4
300 624 9 12 14
301 975 11 30 19
301 551 10 46 14
301 228 11 3 4
301 918 9 31 19
302 535 10 29 14
302 340 9 11 9
302 627 9 15 14
303 170 9 52 4
303 730 11 40 14
303 1234 11 38 24
304 606 9 7 14
305 24 11 6 4
305 238 11 1 4
307 805 10 32 19
307 765 11 2 19
308 426 9 5 9
308 317 9 28 9
310 242 11 48 4
310 467 10 45 9
310 1175 9 20 24
311 238 11 12 4
311 877 9 14 19
311 264 11 57 9
311 928 9 31 19
312 405 9 4 9
313 18 11 47 4
313 939 9 18 19
313 194 10 6 4
313 1192 10 4 24
313 638 9 42 14
314 457 10 18 9
315 384 9 34 9
316 252 11 28 4
316 840 9 21 19
316 196 10 58 4
317 783 10 49 19
317 1070 9 25 24
317 610 8 5 14
317 806 10 42 19
320 1194 9 57 24
320 899 9 35 19
321 371 8 41 9
321 950 10 3 19
321 509 11 36 9
321 982 10 14 19
321 712 10 57 14
323 533 10 33 14
323 1246 11 34 24
324 882 8 45 19
324 636 8 18 14
324 1025 10 55 24
325 705 10 49 14
325 928 9 24 19
325 152 8 44 4
325 929 9 20 19
325 225 10 20 4
325 1196 9 32 24
326 1096 8 30 24
326 620 8 27 14
326 278 10 36 9
326 813 9 5 19
327 154 8 37 4
327 950 9 3 19
327 628 8 33 14
328 1104 8 51 24
328 26 10 53 4
329 588 8 23 14
329 986 11 16 24
330 865 8 50 19
330 858 8 5 19
331 615 8 13 14
332 184 9 25 4
333 165 8 38 4
333 1142 8 8 24
333 207 10 53 4
334 152 8 44 4
335 482 10 57 9
335 88 8 26 4
336 800 9 19 19
337 870 8 42 19
337 457 10 36 9
337 1152 8 6 24
337 311 9 23 9
337 1131 8 53 24
338 1047 9 50 24
339 179 9 43 4
339 41 10 13 4
339 1142 8 14 24
339 477 10 5 9
339 1138 8 40 24
341 383 8 43 9
342 974 10 10 19
343 462 10 18 9
343 1179 9 38 24
344 902 8 44 19
344 494 11 9 9
344 636 8 31 14
344 960 10 59 19
346 1129 7 17 24
346 220 10 13 4
347 247 11 56 9
347 1197 9 22 24
348 698 9 38 14
349 325 8 34 9
349 153 8 22 4
349 707 9 31 14
350 515 10 19 14
350 822 8 19 19
350 474 10 57 9
350 734 10 30 14
351 383 7 1 9
351 861 7 25 19
351 62 9 36 4
351 288 10 16 9
352 848 8 18 19
353 231 10 18 4
355 390 7 59 9
356 514 10 32 14
356 605 7 33 14
356 1178 8 56 24
357 210 9 4 4
357 72 8 16 4
358 786 10 7 19
358 531 10 22 14
358 497 11 54 9
358 449 9 43 9
358 1000 11 23 19
359 367 7 17 9
359 844 8 34 19
360 1091 8 40 24
360 1052 9 30 24
361 593 8 30 14
361 82 8 2 4
362 1148 7 0 24
362 560 9 56 14
362 1028 10 24 24
362 691 9 31 14
363 380 7 7 9
363 1065 9 35 24
363 362 7 20 9
364 1036 9 37 24
364 1156 8 28 24
364 106 7 37 4
364 1141 7 5 24
364 860 7 44 19
365 867 7 56 19
366 1007 10 24 24
366 796 9 35 19
366 509 10 28 14
367 1109 7 57 24
367 733 10 32 14
367 780 10 32 19
367 944 9 5 19
368 1034 10 31 24
370 710 9 47 14
371 1035 10 51 24
371 777 10 14 19
372 792 9 10 19
372 338 8 8 9
372 178 8 48 4
372 826 8 43 19
373 977 10 30 19
373 494 10 10 9
374 895 7 37 19
375 858 7 30 19
377 886 7 6 19
377 722 10 54 14
377 1095 8 53 24
378 1191 9 6 24
378 1017 10 29 24
378 1204 9 5 24
379 179 8 43 4
380 706 9 58 14
380 375 7 42 9
382 815 9 41 19
383 1065 9 34 24
384 628 7 38 14
384 179 8 5 4
385 836 8 10 19
385 461 9 58 9
386 480 10 54 9
386 359 7 42 9
387 257 10 23 9
387 145 7 51 4
387 594 8 13 14
387 850 7 2 19
387 183 8 42 4
388 714 9 19 14
388 5 11 4 4
388 51 9 42 4
389 809 9 59 19
389 342 8 47 9
389 417 8 12 9
389 371 7 9 9
389 324 8 17 9
390 1064 9 42 24
390 905 8 7 19
390 487 10 11 9
391 507 10 27 14
391 770 10 13 19
391 378 7 32 9
391 1166 8 32 24
392 533 10 49 14
392 1126 7 22 24
392 439 9 14 9
392 899 7 22 19
392 782 10 57 19
392 195 9 45 4
393 256 11 19 4
393 58 9 7 4
393 895 7 35 19
394 1139 7 5 24
394 295 9 49 9
395 896 7 50 19
395 796 9 56 19
396 1014 10 54 24
397 1190 9 52 24
397 1046 9 38 24
398 122 7 5 4
399 668 8 57 14
399 1228 10 20 24
399 1137 7 4 24
400 383 7 44 9
400 155 8 24 4
400 767 10 5 19
400 576 8 1 14
401 43 9 6 4
401 922 8 12 19
401 855 8 4 19
401 1183 9 33 24
401 806 9 18 19
402 903 8 37 19
403 1121 7 57 24
403 209 9 59 4
404 488 10 59 9
404 33 10 3 4
405 78 8 21 4
405 339 8 48 9
405 130 8 40 4
406 600 8 40 14
406 530 10 55 14
406 609 8 16 14
407 754 11 45 14
407 98 8 36 4
408 9 11 6 4
408 392 8 41 9
408 598 8 30 14
408 457 9 59 9
409 361 8 11 9
409 53 9 27 4
410 1147 8 48 24
410 601 8 23 14
410 861 8 31 19
410 441 9 32 9
411 322 9 47 9
411 1197 9 36 24
412 313 9 26 9
412 380 8 45 9
413 1041 10 41 24
413 675 9 22 14
414 240 11 10 4
414 150 8 59 4
414 1040 10 51 24
415 1097 8 7 24
416 913 8 58 19
416 1204 9 43 24
416 378 8 2 9
417 94 8 19 4
417 623 8 31 14
417 258 11 43 4
418 420 9 51 9
418 40 10 27 4
419 847 8 51 19
420 463 10 36 9
420 951 9 3 19
421 39 10 57 4
421 370 8 9 9
421 447 9 26 9
422 165 9 48 4
422 1069 9 20 24
423 754 11 53 14
424 46 10 28 4
424 610 8 35 14
424 1159 8 17 24
425 890 8 1 19
425 251 11 14 4
425 1015 11 53 19
426 565 9 19 14
427 704 10 59 14
428 11 11 26 4
428 1013 11 33 24
430 557 9 1 14
430 476 10 25 9
430 354 8 25 9
430 644 8 8 14
431 803 10 15 19
432 649 9 8 14
432 1242 11 2 24
432 567 9 26 14
432 714 10 39 14
432 84 9 45 4
433 1004 11 17 19
433 1118 8 58 24
434 523 10 36 14
434 976 10 53 19
434 814 9 54 19
435 1107 9 26 24
436 697 10 2 14
436 360 9 20 9
436 522 10 6 14
438 746 11 14 19
438 146 9 5 4
438 648 9 35 14
439 671 9 41 14
440 864 9 14 19
441 908 9 28 19
441 488 11 55 9
441 258 11 0 4
441 287 10 39 9
442 573 9 46 14
442 123 9 26 4
443 290 10 12 9
443 456 10 47 9
444 161 9 44 4
444 336 9 29 9
444 65 10 47 4
444 67 10 59 4
445 526 11 37 14
445 398 9 50 9
445 868 9 26 19
445 491 11 9 9
446 708 10 35 14
446 966 10 43 19
447 455 10 59 9
448 687 10 4 14
448 600 9 29 14
448 107 9 53 4
448 645 9 22 14
450 798 10 23 19
450 294 10 5 9
450 743 11 20 14
450 431 10 30 9
450 802 10 3 19
451 910 9 55 19
452 515 11 11 14
452 1174 10 17 24
453 20 11 15 4
454 1070 10 59 24
455 523 11 17 14
455 1122 9 54 24
455 1080 10 45 24
455 986 11 36 19
456 25 11 59 4
456 789 10 33 19
456 749 11 20 14
457 156 9 28 4
457 449 10 20 9
458 478 11 19 9
458 179 10 58 4
459 897 9 10 19
459 827 10 45 19
459 227 11 59 4
460 692 10 38 14
460 1069 10 21 24
460 169 10 58 4
460 986 11 34 19
461 744 11 50 14
461 28 11 44 4
461 965 11 56 19
462 1035 11 13 24
463 1219 11 41 24
464 461 11 16 9
465 721 11 43 14
465 214 11 44 4
465 576 10 4 14
466 93 10 55 4
467 814 10 2 19
468 375 10 11 9
468 460 11 54 9
468 641 10 11 14
468 922 10 58 19
469 1101 10 31 24
469 146 10 47 4
470 969 11 57 19
471 35 11 4 4
471 708 11 7 14
471 1107 10 17 24
471 268 11 17 9
472 216 11 19 4
472 774 11 15 19
472 105 10 19 4
472 826 10 4 19
472 751 12 6 14
473 1247 12 57 24
473 1032 11 25 24
473 1023 11 57 24
473 1049 11 23 24
474 373 10 7 9
475 563 10 41 14
475 859 10 19 19
475 777 11 21 19
476 1078 10 22 24
476 25 11 28 4
476 493 12 4 9
477 213 11 59 4
477 464 11 24 9
478 523 11 51 14
479 215 11 1 4
480 567 10 27 14
480 1121 10 37 24
480 956 11 4 19
480 639 10 25 14
481 221 11 9 4
481 488 12 44 9
481 1168 10 22 24
482 213 11 5 4
483 365 10 43 9
483 142 10 32 4
484 857 10 22 19
485 1020 12 2 25
485 323 11 39 9
486 1002 12 42 19
486 1243 12 7 24
486 232 12 46 4
487 847 10 31 19
488 105 10 24 4
488 673 11 43 14
489 804 11 55 19
489 990 12 32 19
490 270 12 16 10
490 344 10 6 9
490 459 11 45 9
491 456 11 30 9
491 615 10 26 14
492 544 11 49 14
492 263 12 29 9
492 782 11 42 19
493 144 10 33 4
493 715 11 22 14
493 567 11 10 14
493 242 12 10 4
493 723 12 27 14
494 817 11 35 19
494 812 11 11 19
495 102 11 3 4
495 183 11 50 4
496 208 11 17 4
496 338 11 46 9
496 91 11 22 4
496 980 12 31 19
497 307 11 49 9
497 720 12 1 14
498 123 11 5 4
498 1049 11 48 24
498 1188 11 47 24
498 656 11 29 14
499 801 11 12 19
500 734 12 22 14
500 1001 12 16 19
500 318 11 36 9
500 1016 12 30 24
501 1142 11 22 24
501 516 12 21 14
502 571 11 1 14
502 1142 11 41 24
502 72 11 3 4
503 1100 11 30 24
503 214 12 15 4
503 1162 11 36 24
504 941 11 53 19
505 966 12 25 19
505 219 12 38 4
505 341 11 12 9
506 1170 11 53 24
506 349 11 50 9
507 694 11 15 14
507 1081 11 43 24
507 314 11 59 9
508 554 11 1 15
508 525 12 57 14
508 903 11 22 19
509 739 12 50 14
510 1187 11 50 24
512 427 11 28 9
512 261 12 38 5
513 538 11 30 15
514 328 11 57 9
514 607 10 43 15
514 988 12 52 19
514 1230 12 5 24
515 116 10 11 5
515 940 11 23 20
516 1238 12 27 25
517 676 10 33 15
517 437 11 24 10
518 123 10 0 5
518 190 11 28 5
518 818 11 46 20
518 1146 10 16 25
518 604 10 56 15
519 1002 12 39 20
519 127 10 33 5
519 430 10 34 10
519 639 10 51 15
520 14 12 18 5
520 446 11 16 10
522 12 12 6 5
522 590 10 53 15
523 736 12 15 15
523 1207 11 0 25
523 437 10 50 10
524 823 10 38 20
524 995 12 50 20
524 38 11 41 5
524 630 10 58 15
525 427 10 21 10
525 331 10 11 10
526 1076 10 47 25
526 908 10 4 20
526 794 11 55 20
526 99 10 52 5
527 232 11 15 5
528 1100 10 10 25
528 777 11 11 20
528 899 10 40 20
528 82 10 26 5
530 979 11 4 20
531 1063 10 0 25
531 484 11 13 10
531 1206 11 12 25
531 53 10 56 5
532 805 10 52 20
532 1150 10 45 25
532 661 10 31 15
533 617 10 36 15
534 1245 12 56 25
534 1023 11 39 25
535 248 12 34 5
535 693 10 49 15
535 387 10 55 10
535 284 11 34 10
535 440 10 32 10
535 1102 10 25 25
536 985 11 17 20
536 74 10 5 5
536 1068 10 15 25
537 131 9 38 5
537 1116 9 8 25
538 460 11 2 10
538 205 10 34 5
539 964 11 3 20
539 484 11 46 10
539 220 11 41 5
539 532 11 6 15
539 1192 10 57 25
540 431 10 14 10
541 300 10 32 10
541 846 9 1 20
542 905 9 14 20
543 250 11 45 5
543 491 11 5 10
543 322 10 3 10
544 688 10 30 15
544 1142 9 51 25
545 1138 9 26 25
545 630 9 6 15
546 49 10 47 5
547 205 10 5 5
548 582 9 32 15
549 744 11 28 15
549 727 11 52 15
549 837 9 7 20
550 112 9 0 5
550 50 10 17 5
551 845 9 16 20
551 1238 11 5 25
552 869 9 24 20
552 658 9 46 15
552 642 9 13 15
552 55 10 18 5
552 853 9 12 20
552 1094 9 9 25
552 1167 9 4 25
553 456 10 45 10
554 302 10 15 10
554 1171 9 54 25
554 172 9 59 5
554 1116 9 47 25
554 862 9 47 20
555 317 10 6 10
555 718 10 33 15
555 177 9 53 5
555 1205 10 1 25
555 916 9 55 20
555 602 9 36 15
556 973 10 27 20
557 358 9 1 10
558 827 9 15 20
558 22 11 32 5
558 567 9 25 15
558 1031 10 43 25
560 1046 10 17 25
560 816 9 32 20
560 362 9 36 10
560 485 11 26 10
561 96 9 40 5
561 861 9 41 20
561 332 9 51 10
561 214 10 18 5
562 393 9 47 10
562 1083 9 9 25
563 1097 9 30 25
563 384 9 48 10
564 236 11 6 5
564 794 10 16 20
565 380 9 3 10
565 309 9 0 10
566 856 9 7 20
568 542 10 42 15
568 824 9 39 20
568 457 10 5 10
568 591 9 7 15
569 1178 9 32 25
570 1027 10 58 25
571 1073 9 2 25
571 39 10 0 5
571 573 9 25 15
571 1067 9 55 25
572 1056 9 15 25
573 266 11 50 10
574 980 10 21 20
575 328 9 51 10
575 750 11 7 15
575 151 8 45 5
576 347 8 27 10
576 1079 9 33 25
576 393 8 26 10
577 321 9 0 10
578 578 9 16 15
579 1233 10 44 25
579 1136 8 39 25
579 299 9 26 10
580 277 10 7 10
580 159 8 27 5
581 584 9 32 15
581 21 10 15 5
581 359 8 30 10
581 1168 9 24 25
581 36 10 22 5
582 602 8 5 15
582 166 8 55 5
583 192 9 20 5
583 172 9 12 5
584 520 10 28 15
584 988 11 18 20
586 1006 11 15 20
586 1046 9 20 25
586 118 8 36 5
586 406 8 10 10
586 1073 9 36 25
586 267 10 18 10
586 994 11 31 20
587 886 8 27 20
587 891 8 25 20
587 768 10 17 20
589 889 8 46 20
590 531 10 50 15
590 926 9 35 20
590 25 10 38 5
591 728 10 7 15
591 215 10 11 5
591 910 8 18 20
592 54 9 33 5
592 1182 9 18 25
593 888 8 45 20
593 1043 9 57 25
593 1248 11 33 25
594 86 8 8 5
594 795 9 13 20
595 423 8 48 10
595 1021 10 13 25
595 1043 9 8 25
596 330 8 0 10
596 1071 9 25 25
596 633 8 28 15
596 412 8 10 10
597 48 9 40 5
597 476 10 49 10
598 566 9 46 15
598 1241 10 43 25
598 637 7 17 15
599 884 7 4 20
599 359 8 6 10
600 112 7 36 5
601 69 9 21 5
601 802 9 15 20
601 249 11 22 5
602 385 7 12 10
602 801 9 50 20
603 353 8 0 10
603 249 11 11 10
603 327 8 2 10
603 550 9 10 15
604 911 8 36 20
604 199 9 12 5
604 909 8 56 20
605 943 9 25 20
605 920 8 38 20
605 588 8 4 15
605 35 10 38 5
606 527 10 26 15
606 92 8 9 5
607 647 7 38 15
607 640 7 18 15
607 541 9 34 15
608 261 10 59 10
609 1121 7 28 25
610 894 7 7 20
610 178 8 48 5
611 992 10 7 20
611 810 9 50 20
611 657 8 57 15
611 373 7 3 10
611 334 8 48 10
613 609 7 33 15
613 113 7 25 5
614 811 9 4 20
614 841 8 47 20
614 694 9 29 15
615 1161 8 54 25
615 1102 7 39 25
615 1224 10 40 25
615 800 9 48 20
616 853 7 50 20
616 396 7 8 10
617 585 8 1 15
617 1245 11 46 25
618 1135 7 33 25
618 61 9 31 5
619 340 8 42 10
620 580 8 3 15
621 1020 10 57 25
621 347 7 51 10
622 15 10 41 5
622 835 8 7 20
624 521 10 17 15
625 1017 10 40 25
625 1107 7 35 25
625 210 9 24 5
626 1047 9 20 25
627 492 10 42 10
627 1021 10 6 25
628 715 10 17 15
628 1103 7 46 25
629 1094 8 55 25
629 701 9 42 15
629 542 9 3 15
629 141 7 59 5
629 332 8 29 10
629 164 8 24 5
630 534 10 45 15
631 344 8 9 10
631 633 7 56 15
633 24 10 26 5
633 1007 10 51 25
633 1171 8 4 25
634 742 10 19 15
634 158 8 29 5
634 616 7 37 15
634 303 9 50 10
636 8 10 3 5
636 40 9 40 5
637 23 10 39 5
637 1239 10 54 25
637 148 7 13 5
637 907 8 46 20
637 64 9 3 5
638 572 8 54 15
638 1131 7 13 25
638 686 9 28 15
638 827 8 6 20
639 629 7 56 15
639 847 8 26 20
640 662 8 24 15
640 906 8 34 20
640 210 9 13 5
640 338 8 58 10
641 1050 9 29 25
641 87 8 4 5
641 113 7 28 5
641 1026 10 53 25
641 358 7 50 10
641 11 10 29 5
641 589 8 49 15
642 586 8 8 15
642 607 7 12 15
642 672 8 45 15
643 578 8 27 15
643 652 8 41 15
644 1001 11 22 20
644 88 8 17 5
644 489 10 44 10
645 318 9 54 10
645 1175 8 48 25
645 158 8 30 5
646 1010 10 7 25
646 1033 10 34 25
646 1061 9 33 25
646 785 10 53 20
646 100 8 47 5
647 1158 8 53 25
647 85 8 0 5
647 361 7 35 10
648 97 8 12 5
649 147 8 16 5
649 191 9 1 5
649 791 9 25 20
649 515 10 6 15
649 1133 7 22 25
650 1086 8 30 25
650 162 8 34 5
650 165 8 7 5
650 90 8 12 5
651 936 9 55 20
651 952 9 48 20
651 842 8 20 20
652 987 10 7 20
652 1220 10 33 25
652 742 11 39 15
653 1089 8 40 25
653 1202 9 47 25
653 398 8 48 10
653 282 10 24 10
654 830 8 41 20
655 537 10 36 15
655 166 8 46 5
655 367 8 41 10
655 1193 9 10 25
655 1029 10 12 25
656 356 8 34 10
656 388 8 49 10
656 1234 10 5 25
657 443 9 26 10
657 12 10 17 5
658 214 10 17 5
659 358 8 34 10
659 71 9 10 5
659 814 9 35 20
659 224 10 41 5
660 1188 9 33 25
660 821 9 5 20
661 185 9 7 5
662 221 10 40 5
663 1137 8 9 25
663 129 8 3 5
663 320 9 29 10
666 375 8 21 10
666 809 9 2 20
666 294 10 2 10
666 4 11 0 5
666 848 8 43 20
667 162 8 50 5
667 1023 10 48 25
667 996 11 59 20
669 13 11 23 5
669 251 11 16 5
669 199 9 46 5
669 664 8 4 15
669 423 9 18 10
670 189 9 50 5
670 556 9 31 15
670 558 9 7 15
672 1105 8 55 25
672 1157 8 57 25
672 694 9 16 15
672 951 9 5 20
673 614 8 24 15
674 582 9 27 15
674 149 8 40 5
675 1128 8 5 25
675 1208 10 52 25
676 141 8 37 5
677 920 9 12 20
678 327 9 32 10
679 137 8 38 5
679 1234 11 7 25
679 933 9 53 20
680 923 9 59 20
680 1083 9 2 25
680 386 8 48 10
681 1054 10 59 25
681 724 10 45 15
681 645 8 30 15
681 1198 10 39 25
682 234 11 36 5
682 822 9 53 20
683 356 9 55 10
683 705 10 22 15
683 746 11 50 15
683 1228 10 13 25
684 405 9 4 10
684 717 10 21 15
684 482 11 12 10
684 657 9 0 15
684 504 11 18 10
685 898 9 21 20
685 1228 10 57 25
686 613 9 34 15
686 40 10 48 5
687 948 10 29 20
687 363 9 39 10
687 718 10 32 15
688 240 11 58 5
688 165 9 44 5
688 211 10 4 5
688 1205 10 36 25
689 228 11 43 5
689 181 9 50 5
689 74 9 35 5
689 662 9 45 15
690 1057 10 38 25
691 222 10 26 5
691 821 9 22 20
691 423 9 8 10
691 648 9 57 15
691 855 9 59 20
691 456 10 53 10
692 221 10 44 5
692 1202 10 13 25
692 1009 11 43 20
693 168 9 49 5
693 910 9 18 20
693 403 9 4 10
694 929 9 53 20
695 619 9 18 15
696 43 10 15 5
697 765 11 14 20
698 928 10 7 20
698 1005 11 49 20
698 288 10 54 10
699 57 10 36 5
699 157 9 21 5
700 1178 10 26 25
700 651 9 26 15
701 1027 11 57 25
702 1043 10 23 25
702 262 11 2 10
702 1170 9 40 25
703 805 10 13 20
703 1154 9 37 25
703 1128 9 18 25
703 227 11 43 5
703 736 11 55 15
704 1071 10 40 25
704 861 9 43 20
705 1157 9 52 25
705 770 11 39 20
705 215 11 36 5
706 250 11 36 5
706 234 11 53 5
706 113 9 12 5
706 1105 9 17 25
707 584 10 11 15
709 675 10 16 15
710 712 11 10 15
711 786 11 21 20
711 357 9 23 10
711 240 11 25 5
711 601 9 28 15
711 235 11 5 5
712 470 11 19 10
713 1217 11 56 25
713 1178 10 26 25
714 856 10 38 20
714 1186 10 22 25
714 270 11 23 10
715 377 10 1 10
715 247 12 16 10
715 381 10 55 10
716 178 10 6 5
716 476 11 45 10
718 368 10 13 10
718 1222 11 49 25
718 29 11 40 5
718 200 10 54 5
718 210 11 24 5
718 843 10 24 20
719 376 10 25 10
719 908 10 0 20
720 1054 10 52 25
720 877 10 18 20
721 204 11 12 5
722 694 10 9 15
722 984 11 29 20
722 36 11 21 5
722 293 11 19 10
723 259 12 42 5
723 1058 10 36 25
723 810 10 36 20
723 1216 11 10 25
725 356 10 41 10
725 911 10 56 20
725 33 11 58 5
726 1080 10 7 25
727 520 11 26 15
727 1161 10 12 25
728 716 11 22 15
728 285 11 27 10
728 756 12 28 15
729 577 10 18 15
730 460 11 25 10
731 739 12 13 20
732 1248 12 23 25
733 405 10 14 10
733 310 11 45 10
733 1088 10 9 25
733 812 11 38 20
734 712 11 9 15
734 1155 10 35 25
734 231 12 30 5
734 432 11 53 10
735 649 10 45 15
735 202 11 35 5
735 777 11 2 20
736 986 12 7 20
737 28 11 48 5
737 399 10 14 10
737 331 11 49 10
738 318 11 24 10
738 999 12 50 20
738 357 10 52 10
739 843 10 6 20
739 543 11 38 15
740 1134 10 50 25
740 506 12 5 15
741 673 11 56 16
741 779 12 3 20
741 350 10 20 10
741 286 11 23 10
742 1079 11 23 25
742 159 11 30 5
743 918 11 48 20
743 4 12 37 5
744 106 11 53 5
745 276 12 54 10
746 770 12 14 20
746 974 12 55 20
746 1026 12 24 25
747 200 11 16 5
747 356 11 22 10
748 889 11 55 20
750 278 12 9 10
750 786 12 7 20
751 219 12 22 5
751 1014 12 4 25
751 668 11 14 15
752 614 11 10 15
752 161 11 10 5
752 433 11 4 10
753 501 12 26 15
753 85 11 52 5
753 19 12 56 5
753 1222 12 32 25
753 639 11 23 15
754 373 11 38 10
754 955 11 30 21
755 827 11 19 20
756 48 11 33 6
756 631 10 50 16
756 38 11 43 6
756 736 12 57 15
757 836 11 20 20
758 697 11 23 16
760 1113 10 26 26
761 736 12 5 15
761 1024 12 10 25
761 178 11 32 5
761 1227 12 0 25
761 975 12 34 20
762 798 11 48 21
762 157 10 22 6
762 524 12 29 15
763 565 11 58 16
763 334 10 30 11
763 1144 10 43 26
763 987 12 54 20
763 578 11 36 15
763 535 11 53 16
764 599 10 4 16
765 1169 10 32 26
765 65 11 20 6
765 1026 11 56 26
766 449 11 20 11
766 202 11 44 6
766 781 11 11 21
766 521 12 59 15
766 69 11 14 6
767 827 10 31 21
767 247 12 24 6
768 1094 10 56 26
768 660 10 14 16
768 254 12 21 11
769 1124 10 16 26
769 1135 10 29 26
769 841 10 39 21
769 615 10 22 16
770 909 10 39 21
770 1140 10 12 26
771 132 10 14 6
771 491 12 14 16
773 833 10 52 21
773 421 10 37 11
773 146 10 35 6
774 759 12 50 21
774 234 11 59 6
774 624 10 19 16
775 1135 10 36 26
775 287 11 35 11
775 332 10 4 11
775 92 10 32 6
777 724 11 8 16
777 380 10 24 11
778 113 10 21 6
778 834 10 20 21
778 1125 10 9 26
778 1090 10 32 26
778 931 10 19 21
778 170 10 15 6
779 66 10 3 6
779 77 10 36 6
779 27 11 12 6
780 286 11 9 11
780 112 10 49 6
780 1126 10 20 26
780 1218 11 39 26
781 309 10 29 11
781 740 11 42 16
781 481 11 10 11
782 622 10 33 16
782 1009 11 57 26
782 1067 10 24 26
783 942 10 25 21
783 366 10 26 11
783 1151 10 52 26
784 818 10 8 21
784 801 10 25 21
785 537 11 3 16
785 626 10 44 16
785 145 10 52 6
786 244 11 7 6
786 802 10 9 21
786 98 10 52 6
786 414 10 24 11
786 337 10 30 11
786 857 10 13 21
786 102 10 25 6
787 870 9 2 21
787 365 9 24 11
788 940 10 40 21
788 1127 9 6 26
788 43 10 0 6
789 26 11 44 6
789 214 11 15 6
789 152 10 50 6
789 236 11 5 6
790 969 11 54 21
790 1217 11 11 26
791 1009 11 39 26
791 286 11 57 11
791 351 9 36 11
794 81 10 28 6
794 523 11 13 16
795 696 10 1 16
795 261 11 54 11
795 632 9 5 16
796 378 9 1 11
796 237 11 11 6
797 798 10 0 21
797 415 9 38 11
797 367 9 4 11
798 1112 9 8 26
798 1242 11 47 26
798 862 9 48 21
798 1212 10 32 26
799 1003 11 17 21
800 808 10 1 21
801 1236 11 49 26
801 818 10 19 21
802 908 9 18 21
802 774 11 29 21
802 587 9 25 16
802 426 9 18 11
802 383 9 6 11
803 317 10 33 11
803 87 9 0 6
803 373 9 3 11
804 96 9 19 6
804 982 11 11 21
804 1227 11 42 26
805 236 11 16 6
806 469 10 39 11
806 26 11 3 6
807 423 9 30 11
807 291 10 33 11
808 861 9 49 21
808 360 9 27 11
809 608 9 34 16
812 333 9 1 11
812 979 11 28 21
812 56 10 4 6
813 770 11 57 21
813 1143 9 28 26
813 84 9 51 6
813 811 9 37 21
814 1023 10 52 26
814 994 11 0 21
816 1222 10 39 26
816 529 10 41 16
816 127 8 12 6
816 1132 8 57 26
817 864 8 2 21
819 1171 9 37 26
820 599 9 7 16
821 763 11 8 16
821 439 9 2 11
822 87 9 8 6
823 540 10 11 16
823 194 9 22 6
823 1160 9 11 26
824 517 10 46 16
825 679 9 38 16
825 1051 9 43 26
826 795 10 41 21
827 862 8 0 21
827 1172 9 16 26
827 40 10 30 6
827 1031 10 28 26
828 30 10 50 6
828 968 10 23 21
829 417 9 48 11
829 83 9 55 6
830 651 8 12 16
830 1226 10 16 26
830 611 8 38 16
831 524 10 50 16
832 1124 8 8 26
832 607 8 39 16
832 843 8 21 21
832 1135 8 41 26
832 635 8 51 16
833 601 8 10 16
833 1022 10 43 26
835 559 9 20 16
835 1175 9 9 26
835 398 8 52 11
836 749 11 15 16
836 550 9 9 16
836 215 10 55 6
838 7 11 37 6
839 1247 11 21 26
840 313 9 33 11
840 979 10 7 21
841 215 10 4 6
841 105 8 14 6
841 699 9 0 16
842 111 8 12 6
843 672 8 37 16
843 547 9 28 16
844 29 10 2 6
844 1169 8 52 26
844 573 9 8 16
844 814 9 49 21
845 175 8 5 6
845 854 8 24 21
845 270 10 20 11
845 190 9 47 6
846 167 8 24 6
846 715 10 51 16
846 294 9 0 11
847 882 7 5 21
848 568 9 34 16
848 540 9 10 16
849 634 7 48 16
849 439 9 46 11
849 832 8 19 21
850 897 8 32 21
850 725 10 1 16
850 567 9 29 16
851 115 7 20 6
851 1237 10 30 26
851 789 9 42 21
852 1225 10 45 26
852 600 8 38 16
854 409 8 38 11
854 1072 8 52 26
854 806 9 38 21
854 533 10 50 16
854 848 8 29 21
854 471 10 58 11
856 923 8 44 21
857 1242 10 13 26
857 261 10 6 11
857 16 10 26 6
857 1186 9 18 26
858 48 9 22 6
858 720 10 46 16
859 1007 10 57 26
859 514 10 38 16
859 471 10 37 11
859 1031 10 57 26
860 1183 8 43 26
860 1154 8 11 26
861 1142 7 59 26
861 370 7 23 11
861 1214 10 49 26
862 286 9 19 11
863 23 10 48 6
863 1057 9 51 26
863 1125 7 40 26
864 682 8 8 16
864 200 9 21 6
865 642 7 14 16
865 1005 11 45 21
866 1018 10 51 26
866 770 10 44 21
867 240 10 37 6
867 971 10 29 21
867 627 7 26 16
868 283 10 58 11
868 195 9 19 6
868 345 8 10 11
868 643 7 12 16
868 470 10 25 11
869 926 8 36 21
869 1103 7 22 26
870 114 7 39 6
870 102 7 14 6
870 529 10 20 16
871 753 11 17 21
871 971 10 43 21
871 827 8 17 21
872 43 9 0 6
872 880 7 46 21
872 1155 8 17 26
873 447 9 16 11
873 680 8 36 16
875 933 8 28 21
876 945 9 4 21
876 552 9 27 16
876 963 9 0 21
876 1214 9 4 26
876 773 10 40 21
876 1212 9 6 26
877 49 9 49 6
877 253 11 32 11
877 289 9 50 11
877 601 7 19 16
877 577 8 53 16
877 927 8 16 21
878 1 11 17 6
878 86 8 13 6
878 81 8 18 6
878 31 10 21 6
879 416 8 30 11
880 601 7 47 16
880 421 8 44 11
881 581 8 10 16
881 580 8 1 16
881 826 8 4 21
881 29 10 27 6
882 1220 10 37 26
882 913 8 13 21
883 949 9 20 21
883 359 7 23 11
883 1206 9 22 26
884 667 8 28 16
886 817 8 59 21
886 263 10 42 11
886 464 9 32 11
887 920 8 18 21
887 1013 10 34 26
887 506 10 28 16
889 439 9 51 11
889 913 8 40 21
891 424 8 17 11
891 884 7 23 21
891 1001 11 30 21
891 1060 9 28 26
891 1009 10 16 26
892 1177 8 38 26
892 1130 7 46 26
892 470 10 21 11
892 910 8 57 21
893 1162 8 7 26
894 1215 10 52 26
894 444 9 36 11
894 469 10 43 11
895 1091 8 2 26
895 843 8 37 21
896 606 7 39 16
896 229 10 21 6
896 1212 9 6 26
897 665 8 53 16
897 476 10 41 11
898 1111 7 30 26
898 802 9 7 21
899 935 9 9 21
900 812 9 21 21
900 205 9 42 6
900 310 9 33 11
900 1212 10 32 26
900 1188 9 16 26
901 976 10 1 21
901 323 8 23 11
901 148 8 57 6
901 388 7 11 11
901 33 10 38 6
902 80 8 19 6
903 1207 9 31 26
904 402 8 46 11
904 715 10 58 16
904 307 9 17 11
904 1104 8 8 26
904 643 8 47 16
904 676 8 17 16
905 346 8 0 11
905 1142 8 23 26
906 622 8 0 16
906 927 9 54 21
906 518 10 52 16
907 689 9 32 16
907 583 8 15 16
907 911 8 59 21
907 720 10 25 16
907 1127 8 49 26
907 466 10 29 11
910 1139 8 24 26
910 610 8 50 16
911 975 10 42 21
911 977 10 6 21
912 916 8 16 21
912 55 9 14 6
912 1057 9 23 26
912 469 10 9 11
913 304 9 29 11
913 640 8 12 16
913 863 8 20 21
914 1036 10 7 26
914 214 10 31 6
914 591 8 52 16
915 138 8 54 6
915 882 8 21 21
915 464 10 1 11
915 577 9 2 16
916 234 10 8 6
916 93 8 10 6
916 292 10 54 11
917 313 9 31 11
917 247 11 3 6
918 281 10 48 11
918 1068 9 16 26
918 1195 9 35 26
918 46 9 55 6
919 4 11 15 6
919 786 10 52 21
919 446 9 36 11
919 947 9 36 21
919 196 9 16 6
920 1009 11 27 26
920 863 8 18 21
921 304 9 15 11
921 680 9 43 16
921 1241 11 25 26
922 1115 8 30 26
922 804 9 52 21
922 682 9 54 16
923 762 11 42 16
923 466 10 5 11
923 98 8 2 6
924 1099 8 5 26
925 531 10 49 16
925 20 10 48 6
925 356 8 27 11
926 1132 8 42 26
926 533 10 50 16
926 424 9 35 11
927 358 8 45 11
927 83 9 36 6
927 571 9 59 16
927 82 9 48 6
927 1104 8 16 26
927 148 8 7 6
928 942 9 15 21
928 691 9 11 16
929 552 10 22 16
929 753 11 7 16
930 809 9 48 21
931 922 9 50 21
933 161 9 15 6
933 169 9 7 6
934 1187 9 0 26
934 118 8 22 6
934 491 11 42 11
936 1103 9 17 26
936 587 9 52 16
936 613 9 34 16
936 476 10 12 11
937 78 9 26 6
937 462 10 31 11
937 453 10 6 11
938 933 9 32 21
939 1235 11 12 26
940 594 9 54 16
941 249 11 59 6
941 212 10 55 6
941 726 11 36 16
942 258 11 26 6
942 398 9 40 11
942 540 10 12 16
942 1247 11 17 26
943 1093 9 20 26
944 336 9 28 11
944 48 10 24 6
944 1238 11 35 26
945 1192 10 31 26
945 211 10 38 6
947 481 11 34 11
947 862 9 11 21
947 773 11 28 21
947 17 11 49 6
948 56 10 18 6
948 470 10 21 11
948 363 9 12 11
949 157 9 0 6
950 123 9 38 6
950 1221 11 56 26
951 776 11 27 21
951 1177 10 42 26
952 716 10 23 16
952 15 11 50 6
953 363 9 48 11
953 1158 9 55 26
955 695 10 3 16
955 412 9 34 11
955 632 9 46 16
955 180 10 50 6
955 657 9 10 16
955 540 10 12 16
955 1041 10 22 26
955 1118 9 22 26
957 121 9 22 6
959 267 11 42 11
959 174 10 42 6
959 1124 9 46 26
959 110 9 9 6
960 541 10 14 16
961 790 11 25 21
961 941 10 43 21
961 1180 10 25 26
961 955 10 45 21
962 999 12 24 21
962 374 9 36 11
964 812 10 58 21
964 260 11 28 11
965 100 10 36 6
965 1135 10 37 26
965 1240 11 25 26
965 1244 11 55 26
965 461 11 19 11
966 403 10 48 11
967 1109 10 46 26
967 333 10 0 11
967 807 10 35 21
967 428 10 49 11
968 454 11 34 11
968 520 11 21 16
968 605 10 39 16
969 542 11 37 16
970 401 10 25 11
971 1070 10 1 26
971 23 11 59 6
972 292 11 47 11
972 888 10 35 21
972 21 11 34 6
972 232 11 26 6
973 231 11 36 6
974 333 10 40 11
974 6 12 51 6
974 687 10 11 16
974 600 10 57 16
975 1222 11 28 26
975 109 10 35 6
975 1135 10 33 26
975 1090 10 27 26
975 773 11 4 21
975 1206 11 2 26
975 482 11 56 11
975 1191 10 21 26
976 1156 10 57 26
976 975 11 7 21
976 74 10 1 6
977 220 11 35 6
977 22 11 59 6
977 830 10 36 21
977 1030 11 24 26
978 414 10 34 11
978 567 10 49 16
978 831 10 55 21
979 420 10 11 11
979 276 11 6 11
979 693 11 48 16
979 1122 10 2 26
979 699 11 54 16
981 525 11 15 16
982 306 11 28 11
982 656 10 12 16
983 608 10 51 16
983 761 12 0 16
983 1218 11 55 26
983 3 12 2 6
984 748 12 58 16
985 42 11 23 6
985 1194 11 30 26
985 163 10 23 6
986 638 10 42 16
987 20 12 26 6
988 122 10 25 6
988 378 10 30 11
988 166 11 47 6
988 429 11 15 11
988 1015 12 38 21
989 191 11 48 6
989 1165 11 42 26
989 61 11 29 6
990 732 12 16 16
990 575 11 59 16
990 900 10 55 21
990 275 12 57 11
990 1250 12 54 26
991 1050 11 58 26
991 46 11 3 6
991 221 12 35 6
992 1133 10 1 26
992 207 11 49 6
992 48 11 50 6
993 587 11 21 16
994 1008 12 1 27
994 120 10 34 6
994 687 11 22 16
995 614 11 56 16
995 170 11 36 6
995 429 11 20 11
995 1205 11 20 26
995 913 11 58 21
995 11 12 35 6
996 417 11 54 11
996 378 11 24 12
997 674 11 53 16
998 284 12 25 11
998 841 11 11 21
998 1121 11 0 26
998 71 11 55 6
998 245 12 51 6
999 179 11 42 6
999 641 11 24 16
1000 269 12 7 11
1000 472 12 41 11
1000 741 12 12 16
1000 63 11 4 6
1001 1218 12 28 26
1001 1168 11 10 26
1001 579 11 8 16
1002 839 11 3 21
1002 1126 11 11 26
1002 310 11 49 11
1002 496 12 45 11
1002 146 11 25 7
1004 500 12 51 11
1004 923 11 19 21
1004 814 11 47 21
1005 756 12 47 17
1006 463 11 48 12
1006 329 11 59 11
1006 551 11 59 17
1006 32 12 46 6
1006 145 11 26 6
1006 393 11 54 11
1008 1179 11 11 26
1009 1217 11 19 27
1010 1248 12 11 27
1010 1011 12 14 22
1011 732 12 19 16
1012 975 12 58 21
1013 1135 10 6 27
1013 583 10 2 17
1013 563 11 14 17
1013 25 12 5 6
1014 931 11 35 21
1015 1080 10 26 27
1016 831 10 10 22
1016 394 10 3 12
1017 195 11 37 7
1017 468 11 10 12
1017 759 12 58 17
1017 54 11 40 7
1017 542 11 59 17
1018 190 11 44 7
1019 767 12 5 17
1019 367 10 42 12
1020 360 10 55 12
1021 638 10 44 17
1021 91 10 30 7
1022 527 11 43 17
1022 863 10 35 22
1022 355 10 29 12
1023 1197 11 22 27
1023 307 11 2 12
1023 1078 10 15 27
1024 596 10 25 17
1024 336 10 21 12
1024 1169 10 18 27
1024 489 12 39 12
1025 348 10 33 12
1025 1123 10 8 27
1025 340 10 45 12
1027 305 11 27 12
1027 1219 11 23 27
1027 1189 10 51 27
1028 78 10 2 7
1028 51 11 41 7
1028 548 11 53 17
1029 412 10 58 12
1029 1178 10 18 27
1029 1033 11 55 27
1029 724 11 48 17
1030 720 11 51 17
1032 1235 11 46 27
1033 1132 10 32 27
1034 284 11 56 12
1034 1154 10 29 27
1034 674 10 20 17
1035 412 10 33 12
1036 144 10 59 7
1037 886 9 55 22
1038 685 10 0 17
1038 219 11 20 7
1039 794 10 17 22
1039 353 9 54 12
1039 972 11 28 22
1039 897 9 42 22
1039 1022 11 16 27
1040 599 9 38 17
1040 315 10 14 12
1041 1204 10 41 27
1041 449 10 47 12
1042 932 10 51 22
1042 416 10 8 12
1042 186 10 10 7
1042 1054 10 34 27
1042 186 10 2 7
1044 394 9 43 12
1044 1246 11 27 27
1045 1123 9 52 27
1046 1103 9 2 27
1047 908 9 14 22
1047 259 11 41 12
1047 423 10 53 12
1048 588 9 1 17
1048 1081 9 5 27
1049 645 9 41 17
1049 1076 10 30 27
1049 301 10 25 12
1049 708 10 6 17
1050 822 10 21 22
1050 780 11 13 22
1050 975 11 7 22
1050 1044 10 33 27
1052 1037 10 30 27
1052 821 10 1 22
1052 486 11 1 12
1053 671 9 5 17
1053 120 9 9 7
1054 412 9 32 12
1054 455 10 11 12
1054 1046 10 42 27
1054 365 9 19 12
1055 588 9 2 17
1055 428 9 42 12
1056 1116 9 21 27
1056 623 9 37 17
1056 843 9 37 22
1056 374 9 4 12
1056 719 10 56 17
1056 347 9 29 12
1057 738 11 58 17
1057 272 11 11 12
1057 235 11 2 7
1058 1136 9 43 27
1060 1118 9 12 27
1060 868 9 8 22
1060 194 10 25 7
1061 1112 9 34 27
1063 1142 9 25 27
1063 320 9 23 12
1064 767 11 55 22
1064 1185 9 38 27
1064 118 9 22 7
1065 559 9 28 17
1066 1093 9 1 27
1066 611 9 16 17
1067 295 10 22 12
1067 724 10 58 17
1067 199 10 17 7
1067 355 9 54 12
1068 1116 8 9 27
1068 658 9 0 17
1068 635 8 13 17
1068 173 9 3 7
1071 257 11 42 7
1071 1226 10 26 27
1072 832 9 40 22
1072 582 9 19 17
1073 597 8 30 17
1073 1240 11 37 27
1073 872 8 41 22
1073 66 9 29 7
1074 929 9 48 22
1075 1066 9 43 27
1076 1013 11 12 22
1076 213 10 52 7
1076 1093 8 43 27
1076 734 10 29 17
1077 659 8 26 17
1077 613 8 1 17
1077 879 8 45 22
1077 777 10 13 22
1078 482 10 39 12
1079 809 9 7 22
1079 1189 9 41 27
1079 507 11 32 12
1079 1204 10 23 27
1079 854 8 55 22
1079 376 8 22 12
1080 1067 9 33 27
1081 305 9 49 12
1081 502 11 31 12
1081 461 10 33 12
1082 225 10 54 7
1082 91 8 27 7
1083 1035 10 7 27
1083 566 9 12 17
1085 635 8 7 17
1085 457 10 19 12
1086 490 11 43 12
1086 436 9 36 12
1086 576 9 0 17
1087 618 8 4 17
1087 941 9 16 22
1087 966 10 35 22
1087 509 11 8 17
1087 760 11 8 17
1087 496 11 19 17
1088 897 8 38 22
1088 1023 10 34 27
1088 1228 10 20 27
1089 277 10 15 12
1089 1236 10 39 27
1089 1048 9 51 27
1089 539 10 22 17
1090 975 10 21 22
1090 932 9 16 22
1090 248 11 38 7
1090 170 8 8 7
1090 1210 10 38 27
1090 1004 11 11 22
1092 518 10 58 17
1092 892 8 2 22
1092 331 8 36 12
1092 64 9 44 7
1092 693 9 29 17
1093 529 10 43 17
1093 981 10 57 22
1094 338 8 36 12
1096 654 8 2 17
1096 85 8 32 7
1097 97 8 5 7
1098 613 7 54 17
1098 801 9 36 22
1098 675 8 21 17
1098 23 10 30 7
1098 1000 11 36 22
1099 997 11 30 22
1099 267 10 41 12
1100 444 9 6 12
1100 1243 11 56 27
1100 148 8 1 7
1101 560 9 21 17
1101 485 10 36 12
1101 529 10 44 17
1101 1220 10 44 27
1102 641 7 49 17
1102 1192 9 0 27
1102 814 9 14 22
1102 360 7 57 12
1103 354 8 39 12
1103 196 9 25 7
1103 873 7 47 22
1103 544 9 41 17
1104 846 8 1 22
1104 457 9 24 12
1104 1209 9 2 27
1105 498 11 36 17
1105 1082 8 21 27
1106 158 8 30 7
1106 108 7 31 7
1106 338 8 45 12
1107 387 7 35 12
1107 530 10 25 17
1107 1187 9 13 27
1107 583 8 57 17
1108 456 9 47 12
1109 884 7 49 22
1109 117 7 27 7
1109 263 10 28 12
1109 357 7 56 12
1110 506 10 15 17
1111 554 9 21 17
1111 1175 8 9 27
1112 245 11 51 12
1112 77 8 6 7
1112 842 8 53 22
1112 421 8 32 12
1113 239 10 6 7
1114 1107 7 59 27
1114 786 9 30 22
1115 1222 10 37 27
1116 962 9 24 22
1116 515 10 9 17
1117 1212 9 10 27
1117 350 7 17 12
1117 649 7 33 17
1118 314 9 12 12
1118 183 8 54 7
1119 1164 8 46 27
1119 326 8 43 12
1119 988 10 25 22
1119 1041 9 31 27
1119 220 10 18 7
1119 1107 7 42 27
1119 124 7 36 7
1120 806 9 7 22
1120 937 9 30 22
1121 593 8 26 17
1121 1021 10 34 27
1121 75 8 58 7
1121 1030 10 14 27
1122 386 7 42 12
1122 1221 10 20 27
1123 908 8 23 22
1123 750 11 25 17
1123 537 9 18 17
1124 1027 10 9 27
1124 636 7 58 17
1124 723 10 16 17
1124 633 7 8 17
1124 248 11 20 7
1125 1212 9 54 27
1126 72 8 25 7
1126 516 10 29 17
1127 59 9 56 7
1127 985 10 42 22
1128 855 7 3 22
1128 303 9 1 12
1128 1243 10 28 27
1128 1108 7 49 27
1129 401 7 36 12
1130 521 10 45 17
1130 264 10 13 12
1130 662 8 54 17
1130 98 7 28 7
1131 293 9 49 12
1131 282 10 54 12
1131 247 11 50 7
1131 921 8 7 22
1131 591 8 28 17
1133 38 9 48 7
1133 935 9 21 22
1133 756 10 2 22
1133 279 10 0 12
1134 454 9 37 12
1135 683 8 28 17
1135 897 7 10 22
1136 575 8 46 17
1136 178 8 26 7
1136 678 8 27 17
1136 1041 9 46 27
1136 870 7 46 22
1136 537 9 21 17
1137 113 7 3 7
1137 219 10 7 7
1139 876 7 9 22
1139 762 10 38 22
1139 642 7 10 17
1140 831 8 10 22
1140 34 10 6 7
1140 406 8 52 12
1140 712 9 46 17
1141 406 8 44 12
1142 1159 8 57 27
1142 944 9 33 22
1142 113 7 4 7
1142 140 7 46 7
1143 566 9 27 17
1143 791 9 54 22
1144 205 9 46 7
1145 1106 7 47 27
1145 961 9 34 22
1145 429 8 7 12
1145 452 9 50 12
1145 1056 9 27 27
1145 636 7 36 17
1146 1174 8 18 27
1147 795 9 37 22
1147 340 8 14 12
1147 1129 7 36 27
1147 377 7 4 12
1148 610 7 1 17
1148 757 11 14 17
1148 677 8 17 17
1148 55 9 56 7
1149 857 7 21 22
1149 367 7 27 12
1150 75 8 34 7
1150 417 8 32 12
1151 1237 10 37 27
1151 640 8 41 17
1151 268 10 16 12
1151 23 10 24 7
1152 1237 10 17 27
1152 369 7 13 12
1153 202 9 49 7
1153 227 10 21 7
1153 283 10 51 12
1155 652 8 16 17
1155 587 8 15 17
1155 799 9 37 22
1156 637 8 3 17
1156 294 9 41 12
1157 6 11 45 7
1157 957 9 53 22
1157 952 9 8 22
1157 1019 10 13 27
1158 882 8 3 22
1158 653 8 38 17
1158 1103 8 28 27
1159 986 10 39 22
1159 464 10 42 12
1160 632 8 21 17
1161 59 9 45 7
1162 1047 9 0 27
1163 198 9 17 7
1163 925 9 7 22
1163 723 10 19 17
1163 94 8 52 7
1164 741 11 31 22
1164 243 11 48 7
1164 756 11 25 22
1165 898 8 47 22
1166 1016 10 4 27
1166 1100 8 42 27
1166 728 10 0 17
1167 925 9 53 22
1167 760 11 55 17
1167 583 8 51 17
1169 31 10 9 7
1169 269 10 2 12
1169 438 9 29 12
1170 919 9 5 22
1170 564 9 43 17
1170 10 11 6 7
1170 1031 10 50 27
1172 1004 11 44 22
1172 421 9 19 12
1172 809 9 54 22
1172 109 8 22 7
1172 118 8 39 7
1173 818 9 25 22
1173 152 8 56 7
1174 291 10 0 12
1174 345 8 11 12
1174 1046 10 48 27
1175 907 8 18 22
1175 341 9 18 12
1175 101 8 7 7
1175 399 8 2 12
1177 700 10 49 17
1177 1203 10 56 27
1177 384 8 27 12
1179 180 9 28 7
1179 344 9 0 12
1180 323 9 1 12
1180 351 9 28 12
1180 48 10 54 7
1180 569 9 56 17
1181 417 9 11 12
1182 923 9 55 22
1183 960 10 50 22
1183 970 10 32 22
1183 15 11 0 7
1183 1223 10 33 27
1183 446 10 38 12
1183 613 8 51 17
1184 313 9 9 12
1184 393 9 50 12
1185 364 9 37 12
1185 648 9 31 17
1185 529 10 29 17
1186 225 10 54 7
1186 835 9 28 22
1186 207 10 30 7
1187 741 11 57 17
1187 558 10 16 17
1189 1166 9 40 27
1189 83 9 7 7
1190 478 11 16 12
1190 1249 11 34 27
1190 954 10 56 22
1191 243 11 12 12
1191 355 9 1 12
1191 12 11 16 7
1192 154 9 4 7
1192 826 9 54 22
1192 513 11 36 17
1193 615 9 50 17
1193 650 9 50 17
1193 327 9 48 12
1193 1068 9 38 27
1194 325 9 40 12
1194 457 10 20 12
1194 720 10 38 17
1195 342 9 5 12
1195 936 10 51 22
1196 1134 9 21 27
1198 631 9 15 17
1198 481 11 41 12
1198 400 9 50 12
1198 185 10 38 7
1198 789 10 2 22
1199 1123 9 37 27
1199 238 11 58 7
1200 140 9 24 7
1200 921 9 34 22
1201 516 11 15 17
1201 1248 11 4 27
1201 300 10 42 12
1201 768 11 31 22
1201 693 10 30 17
1202 887 9 30 22
1203 119 9 35 7
1203 1176 10 31 27
1203 66 10 47 7
1203 12 11 31 7
1203 482 11 25 12
1204 498 11 23 12
1204 140 9 22 7
1205 242 11 7 7
1205 971 11 3 22
1205 1085 9 0 27
1205 960 10 39 22
1206 253 11 24 12
1207 803 10 30 22
1207 941 10 37 22
1207 742 11 7 17
1207 546 10 44 17
1207 452 10 44 12
1207 199 10 48 7
1207 490 11 26 12
1208 494 11 22 12
1208 174 10 42 7
1209 68 10 3 7
1209 1059 10 21 27
1210 202 10 7 7
1210 888 9 38 22
1212 25 11 28 7
1212 1223 11 3 27
1212 412 10 20 12
1213 264 11 51 12
1213 1099 10 34 27
1213 727 11 42 17
1213 495 11 18 12
1213 1061 10 57 27
1214 579 10 29 17
1214 107 10 49 7
1214 443 10 15 12
1215 1009 11 53 27
1216 294 11 3 12
1217 1209 11 22 27
1217 959 11 48 22
1218 6 12 55 7
1219 15 11 54 7
1219 88 10 12 7
1219 50 11 18 7
1220 1205 11 23 27
1220 1169 10 19 27
1221 1073 10 2 27
1221 550 11 7 17
1221 645 10 59 17
1221 40 11 28 7
1221 862 10 21 22
1221 378 10 42 12
1221 419 10 24 12
1222 310 10 34 12
1222 284 11 41 12
1222 809 10 2 22
1222 219 11 2 7
1223 1184 10 44 27
1224 679 10 14 17
1224 285 11 45 12
1224 1204 11 18 27
1225 973 11 56 22
1226 618 10 3 17
1226 248 12 16 7
1227 555 11 18 17
1227 376 10 45 12
1227 389 10 31 12
1228 963 11 11 22
1228 38 11 40 7
1228 1179 10 45 27
1228 359 10 59 12
1228 1128 10 36 27
1228 480 11 31 12
1229 1220 11 4 27
1229 931 10 54 22
1229 1005 12 54 22
1229 775 11 15 22
1230 472 11 48 12
1231 412 10 53 12
1231 1029 11 7 27
1231 976 11 8 22
1232 737 12 15 22
1232 824 10 41 22
1232 1003 12 32 22
1233 12 12 41 7
1233 708 11 22 17
1233 260 12 26 7
1233 669 10 44 17
1233 241 12 6 7
1234 1060 11 32 27
1234 914 10 21 22
1234 205 11 17 7
1234 1137 10 29 27
1234 169 10 17 7
1235 463 11 25 12
1235 766 12 47 17
1236 99 10 54 7
1236 325 11 48 12
1237 1133 10 50 27
1237 5 12 34 7
1237 487 12 25 17
1237 826 11 41 22
1237 877 10 10 22
1238 218 11 57 7
1238 245 12 37 7
1239 510 12 56 12
1239 557 11 43 17
1239 701 11 45 17
1240 783 11 44 22
1240 867 10 29 22
1241 242 12 52 7
1241 207 11 45 7
1241 794 11 36 22
1241 551 11 33 17
1241 609 10 17 17
1242 521 12 17 17
1242 795 11 55 22
1243 804 11 36 22
1243 1141 10 53 27
1244 927 11 53 22
1244 1030 12 8 27
1244 604 11 15 17
1244 416 11 2 12
1245 1154 11 37 27
1245 37 11 24 7
1245 374 11 27 12
1246 1164 11 16 27
1246 380 11 18 12
1247 192 11 7 7
1247 447 11 58 12
1247 1084 11 52 27
1247 899 11 33 22
1247 798 11 40 22
1248 1184 11 55 27
1248 721 12 22 17
1249 232 12 9 7
1249 423 11 51 12
1250 124 11 57 7
1250 1045 11 54 27
