SF7_COMM_RANGE = 30
VERTEX_NUM = 3500
MAP_WIDTH = 1250
MAP_LENGTH = 1250
Total links = 10812
Capital delta = 15
SF1112 % = 27.1714
# of outliers = 0
DATA PERIOD = 60
------------------------------
x  y  SF  phase which_gateway: 
1 1028 12 32 23
2 157 11 56 3
3 350 11 21 8
4 903 11 12 18
4 690 11 41 13
4 953 11 51 18
4 505 12 40 13
5 955 11 2 18
6 946 11 54 18
7 360 10 51 8
8 1075 11 5 23
8 1236 12 35 23
8 157 11 45 3
9 631 10 51 13
10 879 10 16 18
10 522 12 50 13
11 238 12 1 3
12 55 11 29 3
12 1145 10 48 23
13 511 12 55 8
13 449 11 50 8
13 580 11 6 13
13 675 11 2 13
13 1219 11 48 23
14 836 10 36 18
14 1162 10 34 23
14 94 10 30 3
15 22 12 22 3
16 62 11 47 3
16 298 11 54 8
16 150 10 0 3
16 609 10 11 13
17 862 10 50 18
17 986 12 21 18
17 861 10 15 18
18 303 11 23 8
18 124 10 4 3
19 573 10 55 13
20 1126 10 26 23
21 177 10 59 3
22 816 10 39 18
22 51 11 31 3
22 798 11 26 18
22 283 11 24 8
23 1117 10 14 23
23 425 10 34 8
23 753 12 14 13
24 940 11 8 18
24 698 11 3 13
25 970 11 54 18
25 1125 10 3 23
26 17 11 53 3
26 730 11 0 13
27 26 11 5 3
28 735 11 34 13
29 121 10 28 3
29 703 11 40 13
29 725 11 4 13
29 1044 11 42 23
30 673 10 19 13
30 309 10 58 8
30 32 11 35 3
30 181 10 22 3
31 360 10 40 8
31 456 11 56 8
32 210 11 37 3
32 43 11 4 3
33 862 10 53 18
33 889 10 33 18
33 894 10 30 18
34 481 11 52 8
34 631 10 12 13
34 24 11 1 3
35 86 10 10 3
35 1124 10 28 23
35 300 10 7 8
35 1091 10 44 23
36 1213 11 34 23
37 195 10 15 3
37 149 10 47 3
37 680 10 28 13
37 735 11 19 13
38 926 10 32 18
39 204 10 21 3
39 212 11 16 3
39 54 10 6 3
40 673 10 41 13
40 1139 9 48 23
40 15 11 10 3
40 539 11 24 13
40 1205 10 59 23
41 384 9 0 8
41 641 9 59 13
42 168 10 21 3
43 1089 9 41 23
43 772 11 47 18
43 1083 10 59 23
44 216 11 45 3
44 285 11 40 8
44 688 10 24 13
45 52 10 15 3
45 187 10 24 3
45 518 11 36 13
45 539 10 8 13
46 319 10 26 8
46 497 11 56 8
46 607 9 15 13
46 55 10 10 3
46 249 11 30 3
47 844 9 23 18
47 1199 10 49 23
47 875 9 58 18
48 644 9 34 13
48 1067 10 22 23
49 324 10 11 8
49 323 10 50 8
50 423 9 28 8
50 85 9 53 3
50 420 9 31 8
50 557 10 31 13
50 660 9 9 13
50 716 10 30 13
50 636 9 31 13
51 540 10 8 13
52 1219 10 52 23
52 530 10 4 13
52 144 9 47 3
53 173 9 43 3
53 1012 11 49 23
54 78 9 20 3
54 1120 9 7 23
54 1210 10 56 23
54 418 9 36 8
54 341 9 35 8
54 982 11 4 18
56 796 10 3 18
56 1010 11 31 23
56 109 9 12 3
56 476 11 5 8
56 905 9 53 18
56 737 11 27 13
56 834 9 55 18
57 574 9 43 13
57 102 9 1 3
57 952 10 17 18
57 757 11 55 13
57 171 9 43 3
57 47 10 37 3
57 406 9 48 8
58 967 10 6 18
58 292 10 0 8
58 1170 9 49 23
59 1074 9 37 23
60 686 9 32 13
60 849 9 57 18
60 1146 9 21 23
61 931 9 36 18
62 746 11 36 13
62 373 9 56 8
63 994 11 18 18
63 999 11 56 18
63 965 10 3 18
63 1168 9 14 23
64 798 10 25 18
64 127 9 30 3
65 917 9 11 18
65 330 9 28 8
66 1247 11 53 23
66 903 9 23 18
66 259 11 25 3
66 338 9 38 8
67 661 9 42 13
67 767 11 20 18
68 710 10 21 13
68 1065 9 43 23
68 268 11 29 8
68 1065 9 16 23
69 809 9 18 18
69 1046 10 59 23
69 125 8 56 3
69 849 9 25 18
70 744 11 59 13
70 537 10 45 13
72 346 9 54 8
72 1170 9 23 23
72 1008 11 34 18
73 360 8 7 8
73 422 9 52 8
74 1187 9 3 23
74 352 8 55 8
74 187 9 10 3
74 907 9 59 18
74 393 8 50 8
76 963 10 16 18
76 1024 10 16 23
78 1166 9 20 23
78 538 10 27 13
78 963 10 36 18
79 586 9 5 13
79 650 8 42 13
80 406 8 2 8
80 401 8 43 8
81 532 10 24 13
81 1152 8 14 23
81 1049 9 4 23
82 91 8 59 3
82 1060 9 44 23
82 227 10 13 3
82 25 10 10 3
84 1211 10 43 23
85 234 10 1 3
85 563 9 27 13
86 1060 9 34 23
86 1109 8 39 23
87 12 10 13 3
87 819 9 58 18
88 447 9 13 8
88 446 9 20 8
88 207 9 42 3
88 100 8 16 3
89 32 10 15 3
90 201 9 52 3
90 1056 9 8 23
90 89 8 57 3
90 119 8 0 3
90 1215 10 16 23
91 122 8 17 3
91 149 8 28 3
91 435 9 53 8
91 623 8 14 13
91 388 8 2 8
91 1121 8 55 23
91 815 9 57 18
92 1082 8 27 23
92 634 8 9 13
93 1058 9 53 23
94 1084 8 18 23
95 443 9 45 8
95 321 9 6 8
95 1042 9 28 23
96 1123 7 20 23
96 782 10 0 18
97 248 11 55 3
98 115 7 55 3
98 601 8 39 13
99 1024 10 0 23
99 911 8 45 18
99 446 9 44 8
100 88 8 20 3
100 614 7 27 13
100 444 9 53 8
100 34 10 27 3
101 1163 8 19 23
101 1246 11 53 23
101 954 9 24 18
101 85 8 11 3
101 654 8 9 13
102 618 7 33 13
102 683 9 39 13
103 314 9 2 8
103 69 9 47 3
103 398 8 42 8
103 652 8 49 13
104 1243 10 36 23
104 511 10 1 13
104 860 7 59 18
104 358 7 30 8
105 216 10 11 3
105 443 9 36 8
106 478 10 28 8
107 934 9 40 18
107 76 8 57 3
108 549 9 28 13
108 342 8 27 8
109 601 7 52 13
109 16 10 59 3
111 1206 9 28 23
111 806 9 37 18
111 152 8 36 3
111 740 10 40 13
111 1023 10 4 23
112 56 9 29 3
112 238 10 0 3
112 209 9 15 3
113 654 8 14 13
114 622 7 16 13
114 789 9 26 18
114 641 7 23 13
114 1024 10 42 23
114 459 9 58 8
115 257 10 18 8
116 74 8 21 3
116 675 8 32 13
116 694 9 7 13
117 453 9 58 8
117 560 9 25 13
117 786 9 58 18
117 522 10 28 13
117 11 10 36 3
117 587 8 35 13
118 922 8 48 18
118 159 8 8 3
118 476 10 32 8
118 421 8 9 8
119 271 10 28 8
119 577 8 16 13
120 671 8 8 13
120 585 8 48 13
120 247 11 45 3
120 837 8 36 18
121 580 8 20 13
121 410 8 49 8
121 1182 8 57 23
121 138 7 20 3
122 884 7 56 18
122 6 10 11 3
123 99 7 29 3
123 433 8 14 8
123 407 8 27 8
124 485 10 11 8
124 30 10 12 3
124 320 8 45 8
124 462 9 32 8
124 554 9 36 13
125 871 7 44 18
125 269 10 22 8
126 910 8 1 18
126 80 8 35 3
126 141 7 42 3
126 567 8 30 13
127 913 8 2 18
127 743 10 31 13
127 355 7 38 8
128 768 10 26 18
128 639 7 40 13
129 583 8 6 13
129 161 8 42 3
129 124 7 40 3
130 679 8 46 13
130 1062 9 27 23
130 1125 7 17 23
131 1026 10 7 23
131 282 10 8 8
132 1147 7 6 23
133 367 7 27 8
134 307 9 56 8
134 1104 7 18 23
134 1086 8 48 23
134 99 7 10 3
134 314 9 37 8
135 1171 8 51 23
135 136 7 15 3
135 553 9 22 13
135 230 10 16 3
135 69 8 43 3
136 834 8 58 18
136 1141 7 38 23
136 60 9 45 3
136 105 7 25 3
137 299 9 21 8
137 261 10 15 8
138 839 8 27 18
138 621 7 52 13
138 1124 7 45 23
140 1167 8 53 23
140 782 10 24 18
141 3 11 52 3
141 380 7 35 8
141 541 9 56 13
142 918 8 38 18
142 663 8 54 13
143 469 10 5 8
143 579 8 37 13
143 1037 9 54 23
143 825 8 12 18
144 621 7 57 13
144 798 9 42 18
144 927 8 30 18
145 842 8 45 18
146 817 9 53 18
146 601 8 7 13
146 614 7 37 13
147 1107 7 0 23
147 392 7 21 8
148 1061 9 53 23
148 179 8 43 3
148 292 9 11 8
148 642 7 23 13
148 1195 9 20 23
150 1224 10 37 23
151 2 11 44 3
151 719 10 27 13
152 1073 8 4 23
152 70 9 28 3
153 1087 8 13 23
154 907 8 50 18
154 616 8 52 13
155 355 8 57 8
155 923 8 17 18
155 691 9 41 13
157 126 8 27 3
157 660 8 12 13
158 806 9 46 18
159 1056 9 5 23
159 838 8 58 18
160 151 8 58 3
160 808 9 2 18
160 130 8 41 3
161 1116 8 20 23
162 1248 11 47 23
162 356 8 26 8
163 548 9 19 13
163 903 8 16 18
163 386 8 18 8
163 110 8 32 3
164 1042 10 1 23
165 468 10 1 8
165 934 9 36 18
165 1008 11 25 23
165 1200 9 14 23
165 534 10 13 13
165 671 9 1 13
166 105 8 41 3
166 165 8 9 3
166 254 11 30 3
167 390 8 54 8
167 190 9 59 3
167 999 11 14 18
168 533 10 51 13
169 1151 8 17 23
169 272 10 55 8
170 1087 8 11 23
170 970 10 21 18
170 784 10 42 18
171 279 10 16 8
171 1073 9 11 23
171 5 11 32 3
171 1211 10 18 23
172 513 11 52 8
172 1074 9 53 23
174 1008 11 57 18
174 188 9 10 3
174 918 9 4 18
174 180 9 6 3
175 164 9 28 3
175 75 9 37 3
175 133 8 7 3
176 954 10 22 18
178 4 11 5 3
179 539 10 24 13
179 648 8 36 13
180 197 10 18 3
180 904 9 26 18
180 1134 8 9 23
181 138 8 19 3
182 1070 9 48 23
182 85 9 4 3
182 934 9 19 18
183 972 10 2 18
183 1219 10 47 23
183 252 11 28 3
183 90 9 50 3
183 1073 9 58 23
184 68 9 41 3
184 1028 10 32 23
184 329 9 6 8
184 998 11 52 23
184 89 9 4 3
184 216 10 24 3
184 1103 9 37 23
184 1026 10 49 23
185 21 11 14 3
185 48 10 47 3
185 879 9 46 18
186 612 9 20 13
186 1011 11 8 18
186 193 10 15 3
186 698 10 19 13
187 1088 9 22 23
187 776 10 20 18
187 1020 11 36 23
187 933 9 50 18
188 248 11 38 3
189 469 10 2 8
189 979 11 59 18
189 141 9 49 3
191 555 10 42 13
191 115 9 55 3
191 1118 9 8 23
191 993 11 44 18
192 782 10 35 18
192 382 9 28 8
192 1227 11 34 23
193 128 9 33 3
193 651 9 9 13
193 1056 10 58 23
194 1 11 32 3
194 624 9 2 13
195 81 9 55 3
195 330 9 56 8
196 348 9 31 8
196 1187 10 36 23
196 1104 9 2 23
196 290 10 10 8
196 915 9 22 18
197 746 11 22 13
197 928 9 18 18
197 838 9 37 18
197 1201 10 34 23
198 494 11 32 13
198 1134 9 49 23
198 393 9 10 8
199 253 11 22 3
199 180 10 19 3
199 326 9 4 8
200 710 10 14 13
200 855 9 9 18
200 965 10 46 18
201 157 9 9 3
201 323 10 9 8
201 139 9 22 3
201 75 10 44 3
201 924 10 38 18
202 60 10 49 3
202 144 9 10 3
202 755 11 47 18
202 1019 11 39 23
202 1184 10 42 23
202 222 11 41 3
203 73 10 34 3
203 76 10 30 3
203 286 10 12 8
204 651 9 3 13
204 519 11 33 13
204 598 9 15 13
204 645 9 25 13
205 427 10 47 8
205 696 10 25 13
205 57 10 55 3
205 226 11 13 3
205 1001 11 58 18
206 156 9 44 3
206 1146 9 23 23
207 313 10 12 8
207 603 9 4 13
207 1222 11 27 23
208 64 10 26 3
208 1195 10 13 23
209 737 11 5 13
209 304 10 36 8
209 812 10 22 18
210 143 9 20 3
210 426 10 20 8
210 559 10 52 13
210 259 11 9 8
211 499 12 22 8
212 696 10 32 13
213 746 11 40 13
213 676 10 4 13
214 38 11 13 3
214 593 10 7 13
215 412 10 27 8
215 391 10 18 8
215 185 10 10 3
216 413 10 52 8
216 1093 10 33 23
216 414 10 35 8
216 546 11 39 13
216 338 10 58 8
216 1144 10 22 23
216 1101 10 45 23
217 1217 11 48 23
218 357 10 59 8
218 657 10 8 13
219 1023 11 1 23
219 628 10 3 13
220 668 10 28 13
221 1203 11 27 23
221 1124 10 8 23
221 593 10 25 13
222 529 11 3 13
222 647 10 22 13
223 548 11 45 13
224 320 10 16 8
224 615 10 15 13
224 265 11 46 8
224 411 10 38 8
225 687 10 47 13
226 122 10 27 3
226 1075 10 35 23
227 819 10 52 18
227 860 10 34 18
228 385 10 54 8
229 341 10 2 8
229 890 10 44 18
230 968 11 46 18
230 840 10 35 18
230 1072 10 11 23
230 574 10 17 13
231 1140 10 26 23
231 337 10 26 8
231 880 10 2 18
231 231 11 14 3
232 56 11 25 3
232 655 10 3 13
233 937 11 15 18
233 43 11 28 3
234 17 12 31 3
234 549 11 43 13
235 693 11 28 13
235 271 12 56 8
235 707 11 38 13
236 16 12 42 3
236 1183 11 34 23
236 751 12 46 18
237 54 11 57 3
237 1110 10 20 23
237 1213 11 17 23
237 527 11 36 13
237 10 12 47 3
238 58 11 44 3
238 275 12 21 8
238 609 10 13 13
238 601 10 38 13
239 162 10 23 3
239 795 11 49 18
239 220 11 16 3
240 625 10 51 13
240 1231 12 1 23
240 152 10 33 3
241 199 11 17 3
241 222 12 27 3
242 1218 11 28 23
242 898 10 31 18
243 360 10 52 8
243 257 12 31 3
244 290 11 39 8
244 174 11 12 3
245 85 11 54 3
245 224 12 14 3
246 253 12 32 3
246 185 11 42 3
246 892 11 44 18
246 694 11 14 13
246 852 11 16 18
246 772 12 31 18
247 111 11 12 3
247 388 11 37 8
247 1046 11 48 23
248 346 11 40 8
248 464 12 16 8
249 1135 11 32 23
249 1013 12 53 23
250 236 12 22 3
251 470 12 2 8
251 830 11 17 18
251 356 11 11 9
251 914 11 18 18
251 777 12 8 18
251 550 11 12 13
252 531 12 43 13
252 398 11 25 8
252 314 11 31 8
252 187 11 11 3
253 119 11 48 3
253 480 12 15 8
254 674 11 34 13
254 490 12 19 8
254 77 11 27 3
254 1200 11 28 23
255 148 11 25 3
256 600 11 59 13
256 16 12 11 3
256 913 11 10 18
256 325 11 14 8
256 680 11 27 13
257 1141 10 33 24
257 636 10 18 14
257 1176 11 56 23
258 634 10 21 14
258 38 11 50 4
258 361 10 5 9
258 230 12 45 3
258 40 11 44 4
258 451 11 27 9
259 918 11 47 18
259 174 11 53 3
260 565 11 38 13
260 1089 11 5 23
260 913 11 1 18
261 1021 12 43 23
261 628 10 48 14
261 171 11 18 3
262 999 12 6 24
263 394 10 52 9
263 333 10 58 9
263 714 11 22 14
263 1215 11 26 24
264 56 11 18 4
264 125 10 41 4
265 121 10 55 4
265 297 11 35 9
265 341 10 33 9
265 366 10 58 9
266 517 12 45 9
266 955 11 39 19
266 1233 12 17 23
267 995 12 18 19
267 6 12 49 4
268 538 11 14 14
269 477 11 31 9
269 1066 11 39 24
269 671 10 19 14
269 924 10 16 19
269 324 10 15 9
270 271 11 38 9
271 450 11 55 9
271 714 11 8 14
271 771 11 16 19
271 1039 11 0 24
272 593 10 9 14
272 829 10 51 19
272 958 11 41 19
272 1083 10 19 24
272 26 11 58 4
272 650 10 25 14
273 145 10 18 4
273 850 10 20 19
274 834 10 51 19
274 1222 11 28 24
274 448 11 1 9
274 920 10 38 19
275 926 10 3 19
275 195 11 26 4
275 819 10 36 19
276 359 10 41 9
276 604 10 5 14
276 84 10 46 4
276 207 11 51 4
276 164 10 54 4
276 325 10 0 9
276 254 12 23 4
277 1016 11 26 24
278 170 10 11 4
278 988 11 31 19
279 943 10 41 19
279 387 10 49 9
279 933 10 27 19
279 1025 11 50 24
281 1100 10 5 24
281 359 10 19 9
281 892 10 51 19
281 101 10 49 4
281 534 11 52 14
283 858 10 11 19
283 421 10 47 9
284 447 10 17 9
284 600 10 21 14
284 420 10 7 9
284 966 11 1 19
285 1189 10 41 24
285 218 11 0 4
285 1235 11 31 24
285 727 11 44 14
286 1094 10 19 24
286 135 9 8 4
286 1105 10 17 24
286 770 11 24 19
286 1166 10 46 24
287 183 10 1 4
287 810 10 11 19
287 1193 10 46 24
287 424 10 16 9
287 445 10 37 9
288 692 10 57 14
288 930 10 47 19
288 657 10 18 14
288 526 11 38 14
289 1244 11 6 24
290 1148 9 0 24
290 342 10 35 9
290 1226 11 18 24
290 942 10 44 19
291 128 9 24 4
291 84 10 10 4
292 72 10 55 4
292 1144 9 11 24
293 601 9 20 14
293 542 10 8 14
294 846 9 10 19
294 81 10 21 4
294 627 9 49 14
294 891 9 3 19
295 722 11 52 14
295 103 9 25 4
296 456 10 22 9
296 1021 11 52 24
296 226 11 43 4
296 286 10 46 9
296 860 9 38 19
297 710 10 44 14
298 1126 9 49 24
298 907 9 16 19
298 416 9 52 9
299 380 9 26 9
299 254 11 5 9
299 129 9 39 4
299 821 10 37 19
300 498 11 43 14
300 1229 11 38 24
301 81 9 29 4
301 764 11 19 19
302 345 9 56 9
302 544 10 13 14
302 740 11 43 14
302 360 9 58 9
302 177 9 8 4
302 272 11 47 9
303 1245 11 18 24
303 126 9 8 4
304 188 10 57 4
304 657 9 31 14
304 1006 11 57 19
304 439 10 0 9
304 322 9 16 9
305 427 9 23 9
306 1207 10 14 24
307 99 9 0 4
307 1076 9 58 24
307 813 10 53 19
307 568 9 31 14
307 615 9 34 14
307 892 9 42 19
307 624 9 39 14
308 1240 11 26 24
308 871 9 9 19
309 659 9 45 14
310 796 10 57 19
310 262 11 38 9
310 432 9 20 9
310 1187 9 35 24
312 233 11 7 4
312 330 9 39 9
313 835 9 23 19
313 864 9 21 19
313 346 9 15 9
314 885 9 22 19
314 592 9 21 14
314 277 10 54 9
314 654 9 32 14
314 229 11 30 4
314 616 9 43 14
315 1155 9 56 24
315 408 9 27 9
316 778 10 36 19
316 397 9 4 9
317 596 9 42 14
317 929 9 50 19
317 1047 10 56 24
317 377 8 40 9
317 673 9 43 14
318 501 11 27 14
318 1140 8 6 24
319 1115 8 26 24
319 158 9 59 4
319 488 11 32 9
319 1119 8 27 24
321 772 10 44 19
321 401 8 30 9
322 258 11 5 4
322 1158 9 56 24
322 484 11 57 9
322 1190 9 12 24
322 36 10 36 4
322 907 9 21 19
322 665 9 33 14
322 621 8 43 14
322 118 8 35 4
323 1105 8 55 24
323 767 10 29 19
324 337 9 7 9
324 920 9 17 19
324 598 8 12 14
325 1064 9 55 24
325 1043 10 36 24
325 693 9 48 14
326 371 8 59 9
326 649 8 19 14
326 468 10 39 9
327 1119 8 56 24
327 150 8 51 4
327 1233 10 22 24
328 866 8 15 19
328 301 9 58 9
328 336 9 40 9
328 43 10 14 4
328 42 10 22 4
329 945 9 7 19
329 697 9 50 14
329 917 9 52 19
330 769 10 4 19
330 20 10 47 4
331 476 10 50 9
331 1206 10 17 24
331 759 11 15 14
331 965 10 3 19
332 780 10 42 19
332 988 11 50 19
332 21 10 38 4
332 466 10 29 9
333 298 9 19 9
334 1042 10 37 24
334 854 8 46 19
334 558 9 31 14
334 1061 9 33 24
335 1017 10 15 24
335 151 8 20 4
335 1151 8 24 24
336 405 8 34 9
336 127 8 51 4
337 112 8 20 4
337 279 10 17 9
338 45 9 5 4
338 141 8 28 4
338 893 8 15 19
338 1243 11 46 24
339 399 8 34 9
339 653 8 38 14
340 1084 8 45 24
340 1235 10 17 24
341 528 10 22 14
342 321 9 50 9
343 200 9 56 4
343 250 11 4 4
343 66 9 59 4
344 215 10 3 4
344 13 10 7 4
345 1003 11 41 19
345 1107 8 53 24
345 577 8 45 14
346 302 9 3 9
347 950 9 4 19
347 12 10 23 4
347 2 11 41 4
347 424 8 27 9
348 589 8 48 14
348 492 11 56 9
350 395 8 39 9
351 274 10 12 9
351 197 9 30 4
352 52 9 30 4
352 326 8 25 9
353 894 7 40 19
353 623 7 36 14
353 127 7 53 4
354 735 10 55 14
354 256 11 14 9
354 125 7 19 4
354 1032 10 25 24
354 957 9 59 19
354 909 8 36 19
355 858 7 40 19
355 1023 10 41 24
355 107 7 32 4
355 1018 10 44 24
355 22 10 40 4
356 295 9 27 9
357 1094 8 44 24
357 1027 10 14 24
358 1088 8 20 24
358 296 9 21 9
358 927 8 17 19
358 273 10 16 9
358 601 7 44 14
358 1083 8 58 24
359 366 7 44 9
359 1006 11 24 19
359 902 8 55 19
359 945 9 23 19
360 609 7 37 14
361 668 8 17 14
361 372 7 46 9
362 645 7 2 14
362 1176 8 57 24
363 703 9 14 14
363 623 7 47 14
364 1020 10 45 24
364 47 9 28 4
364 1113 7 6 24
365 674 8 10 14
365 71 8 27 4
365 663 8 35 14
365 207 9 42 4
365 836 8 1 19
365 640 7 59 14
365 701 9 19 14
365 75 8 41 4
366 1162 8 27 24
366 882 7 3 19
366 1046 9 55 24
366 1041 9 39 24
366 85 8 24 4
367 207 9 12 4
367 674 8 56 14
368 648 7 1 14
368 531 10 11 14
368 1122 7 40 24
368 1160 8 25 24
368 205 9 58 4
369 108 7 55 4
369 127 7 2 4
369 207 9 15 4
370 781 10 33 19
371 543 9 56 14
371 448 9 13 9
371 1215 10 47 24
371 162 8 43 4
372 208 9 58 4
373 1085 8 15 24
373 337 8 50 9
373 427 8 0 9
374 420 8 35 9
374 144 7 25 4
375 170 8 43 4
376 107 7 36 4
376 1170 8 16 24
376 668 8 54 14
376 1109 7 17 24
377 453 9 43 9
377 679 8 57 14
377 605 7 5 14
377 220 10 23 4
377 972 10 21 19
377 1164 8 9 24
377 494 10 19 9
377 592 8 14 14
377 97 7 20 4
378 116 7 51 4
378 1074 8 40 24
378 1124 7 10 24
379 249 11 38 4
379 148 7 34 4
379 1141 7 26 24
380 596 7 12 14
381 627 7 31 14
382 403 7 39 9
382 762 10 59 19
382 812 9 14 19
382 469 10 29 9
382 742 10 15 14
382 264 10 56 9
383 1246 11 29 24
383 95 8 42 4
384 1206 9 13 24
385 858 7 4 19
386 505 11 18 9
386 982 10 30 19
387 1046 9 58 24
387 946 9 27 19
388 84 8 13 4
388 434 9 47 9
390 106 7 24 4
390 984 10 36 19
390 304 9 1 9
391 655 8 34 14
391 1086 8 47 24
391 860 7 15 19
392 750 11 46 14
392 356 7 38 9
393 1232 10 55 24
394 354 7 57 9
394 1185 9 17 24
394 1103 7 30 24
394 936 9 23 19
394 1068 9 21 24
395 1078 8 1 24
395 1078 8 54 24
396 491 10 20 9
396 1091 8 7 24
396 389 7 23 9
398 794 9 27 19
398 977 10 56 19
398 556 9 44 14
398 543 9 9 14
398 295 9 9 9
399 731 10 41 14
399 537 10 19 14
400 813 9 31 19
401 864 7 31 19
401 322 8 39 9
401 1155 8 45 24
402 579 8 19 14
402 445 9 3 9
402 318 9 13 9
403 1079 8 20 24
403 328 8 29 9
404 1031 10 53 24
404 123 7 35 4
405 1113 8 16 24
405 1094 8 23 24
405 711 10 23 14
405 303 9 13 9
406 814 9 32 19
406 1218 10 45 24
406 414 8 28 9
406 645 8 53 14
406 550 9 38 14
407 423 8 14 9
408 56 9 14 4
408 889 8 45 19
408 1154 8 37 24
408 411 8 41 9
408 429 9 41 9
409 931 9 13 19
409 191 9 43 4
409 689 9 43 14
410 398 8 54 9
410 569 9 2 14
410 548 9 14 14
410 57 9 18 4
410 1096 8 41 24
411 465 10 51 9
411 118 8 37 4
411 671 8 37 14
411 18 10 57 4
412 978 10 49 19
412 750 11 6 14
412 410 8 50 9
413 1226 10 16 24
413 473 10 14 9
413 378 8 13 9
414 93 8 31 4
414 944 9 27 19
414 174 9 46 4
414 685 9 16 14
415 1075 9 47 24
415 682 9 31 14
415 323 9 54 9
416 806 9 1 19
416 419 9 45 9
416 1065 9 32 24
416 574 9 30 14
416 614 8 19 14
416 1243 11 5 24
416 1072 9 44 24
417 1036 10 2 24
417 284 10 48 9
418 659 8 30 14
418 53 9 56 4
419 875 8 3 19
420 347 8 48 9
420 377 8 30 9
420 1180 9 46 24
421 1145 8 17 24
421 631 8 7 14
422 752 11 43 14
422 1077 9 58 24
422 672 9 5 14
423 728 10 33 14
423 949 9 7 19
424 1168 9 20 24
424 544 10 39 14
425 197 9 38 4
425 605 8 39 14
425 541 10 25 14
426 213 10 47 4
426 246 11 19 4
426 1242 11 56 24
428 916 9 41 19
428 1005 11 20 24
429 679 9 34 14
429 396 8 13 9
432 1066 9 43 24
432 34 10 45 4
432 954 10 19 19
433 375 8 27 9
433 225 10 47 4
433 223 10 59 4
433 1133 8 49 24
434 928 9 35 19
434 1134 8 2 24
434 508 11 30 9
434 442 9 5 9
435 567 9 41 14
436 682 9 39 14
436 202 10 4 4
436 1064 9 24 24
437 595 9 30 14
437 48 10 10 4
437 538 10 58 14
438 1040 10 37 24
439 89 9 22 4
440 1127 9 37 24
440 904 9 7 19
440 1185 9 53 24
440 2 11 54 4
440 785 10 54 19
440 719 10 12 14
441 938 10 42 19
441 628 9 36 14
441 56 10 25 4
441 615 9 8 14
444 790 10 41 19
446 460 10 0 9
447 425 9 53 9
447 278 11 52 9
448 226 11 19 4
448 157 9 32 4
448 956 10 52 19
448 37 10 8 4
448 532 10 8 14
449 486 11 46 9
449 439 10 30 9
449 838 9 13 19
449 473 11 27 9
449 403 9 10 9
449 860 9 18 19
450 1231 11 52 24
450 586 9 40 14
451 336 9 20 9
451 1148 9 42 24
452 649 9 9 14
452 1025 11 34 24
453 805 10 11 19
453 961 10 16 19
453 340 9 19 9
453 552 10 57 14
453 993 11 3 19
456 1047 10 24 24
456 493 11 31 9
457 1115 9 39 24
457 1094 9 49 24
457 638 9 40 14
457 162 9 12 4
458 366 9 49 9
459 38 11 25 4
459 726 11 57 14
460 25 11 0 4
460 965 11 58 19
460 321 10 49 9
461 931 10 8 19
461 199 10 6 4
462 523 11 27 14
462 1025 11 31 24
462 1138 9 19 24
462 39 11 47 4
463 47 10 41 4
463 668 10 29 14
463 1228 11 31 24
463 303 10 13 9
463 1186 10 41 24
464 281 11 13 9
464 146 10 14 4
464 1198 10 15 24
464 716 11 16 14
465 16 11 30 4
465 423 10 35 9
465 166 10 5 4
466 1024 11 33 24
466 634 10 59 14
467 691 10 36 14
467 763 11 4 19
468 1218 11 40 24
468 482 11 16 9
469 1205 11 9 24
469 799 11 21 19
470 491 11 34 9
471 534 11 6 14
471 34 11 21 4
471 570 10 32 14
472 1110 10 47 24
472 779 11 21 19
472 719 11 38 14
472 270 11 14 9
473 534 11 52 14
473 1237 11 49 24
473 1042 11 53 24
473 723 11 25 14
473 397 10 11 9
473 948 11 24 19
473 468 11 38 9
474 315 10 52 9
474 291 11 29 9
475 495 12 52 14
475 198 11 0 4
476 699 11 37 14
476 601 10 15 14
476 720 11 27 14
476 602 10 42 14
476 1055 11 40 24
477 679 10 18 14
477 1188 10 19 24
477 1239 12 37 24
477 694 11 50 14
478 344 10 27 9
479 48 11 46 4
479 55 11 11 4
479 641 10 1 14
480 1175 10 52 24
480 469 11 24 9
480 854 10 33 19
480 1215 11 31 24
481 176 10 45 4
482 868 10 3 19
482 1079 10 37 24
483 423 10 30 9
484 95 10 45 4
484 1095 10 31 24
485 625 10 55 14
485 753 12 56 14
485 482 12 55 9
485 474 11 26 9
486 95 10 40 4
486 239 12 17 4
486 1192 11 10 24
486 1185 11 40 24
486 427 11 54 9
488 252 12 25 4
488 664 10 59 14
488 1034 11 37 24
488 1001 12 58 24
488 553 11 17 14
489 121 10 56 4
489 219 11 35 4
490 188 11 7 4
490 337 11 15 9
491 1066 11 21 24
491 133 10 10 4
491 262 12 17 9
491 882 10 5 19
492 54 11 34 4
492 34 11 42 4
492 1015 12 28 24
492 67 11 12 4
493 844 11 38 19
493 406 11 5 9
494 1181 11 34 24
494 1110 10 23 24
494 839 11 28 19
494 1195 11 29 24
494 23 12 19 4
494 304 11 16 9
495 139 11 47 4
496 620 11 51 14
496 791 11 33 19
496 151 11 58 4
497 919 11 32 19
497 283 12 27 9
497 265 12 15 9
498 1222 12 31 24
498 864 11 56 19
498 1075 11 13 24
498 1234 12 41 24
499 1246 12 44 24
500 288 12 40 9
500 172 11 48 4
500 575 11 0 14
501 4 12 1 4
501 263 12 51 9
501 1232 12 9 24
502 921 11 58 19
502 322 11 25 9
502 1025 12 51 24
502 486 12 26 9
503 1090 11 29 24
503 678 11 21 14
503 127 11 24 4
506 980 12 3 20
506 1217 12 44 24
506 538 11 52 15
507 747 12 25 14
507 1198 11 55 25
508 954 11 8 20
508 940 11 12 19
508 1029 12 47 24
508 771 12 41 19
509 1047 11 10 25
510 171 11 11 5
510 921 11 1 19
510 75 11 26 4
510 785 11 34 20
511 214 11 57 5
511 880 10 31 20
511 1118 10 15 25
511 1114 10 34 25
511 1162 10 12 25
511 807 11 56 20
512 588 10 34 15
513 29 11 5 5
514 270 12 47 9
514 832 10 43 20
514 148 10 56 5
514 52 11 12 5
515 247 12 26 5
516 62 11 22 5
516 622 10 34 15
517 1026 11 48 25
517 609 10 38 15
517 1040 11 37 25
518 340 10 24 10
518 1084 10 31 25
518 536 11 54 15
519 613 10 20 15
519 745 12 31 15
519 607 10 7 15
519 1065 11 7 25
520 937 11 13 20
520 623 10 9 15
520 491 12 10 15
520 900 10 6 20
521 29 11 27 5
522 526 11 44 15
522 121 10 55 5
522 148 10 59 5
523 152 10 0 5
523 20 11 29 5
523 535 11 3 15
524 638 10 56 15
524 573 10 3 15
524 147 10 8 5
525 27 11 43 5
528 1137 10 38 25
528 1216 11 4 25
528 533 11 47 15
529 699 11 57 15
529 1117 10 19 25
529 372 10 21 10
529 1240 11 45 25
530 481 11 57 10
530 652 10 51 15
531 790 11 1 20
531 435 10 20 10
532 648 10 45 15
533 985 11 21 20
533 366 10 52 10
533 848 10 52 20
533 796 11 20 20
533 118 10 57 5
533 965 11 2 20
534 958 11 30 20
534 311 10 3 10
534 1011 11 29 25
534 1096 10 15 25
535 1233 11 50 25
535 407 10 20 10
535 279 11 7 10
536 916 10 20 20
536 1069 10 23 25
536 376 9 3 10
536 975 11 15 20
536 117 9 24 5
536 162 10 38 5
536 300 10 46 10
537 1185 10 20 25
537 1090 10 25 25
537 976 11 43 20
537 955 10 39 20
537 475 11 39 10
537 195 10 20 5
538 813 10 29 20
538 1141 9 30 25
539 476 11 21 10
539 861 9 41 20
540 1182 10 15 25
540 1008 11 35 25
541 1231 11 25 25
542 872 9 0 20
542 106 9 55 5
543 558 10 22 15
543 1091 9 54 25
543 718 11 18 15
545 415 9 17 10
545 97 9 15 5
547 86 9 33 5
547 277 11 8 10
547 369 9 36 10
547 29 11 32 5
547 824 10 20 20
548 679 10 51 15
548 106 9 35 5
548 485 11 27 10
548 894 9 7 20
548 283 10 13 10
548 120 9 13 5
548 772 11 28 20
549 1212 10 30 25
549 703 10 56 15
549 1109 9 59 25
550 783 10 9 20
550 311 10 8 10
551 773 11 20 20
552 567 10 39 15
553 14 11 30 5
554 297 10 2 10
554 1129 9 47 25
555 63 10 5 5
555 593 9 19 15
555 790 10 39 20
555 836 9 52 20
555 1201 10 42 25
556 58 10 33 5
556 451 10 10 10
557 541 10 51 15
557 746 11 40 15
557 654 9 35 15
558 4 11 59 5
558 48 10 8 5
559 647 9 7 15
559 800 10 11 20
560 661 9 52 15
560 352 9 34 10
560 1063 9 39 25
561 388 9 59 10
561 269 11 39 10
563 675 9 52 15
563 277 10 27 10
563 26 10 10 5
563 153 9 41 5
563 1083 9 19 25
565 306 10 19 10
565 368 9 49 10
565 197 10 39 5
566 192 9 51 5
566 369 8 11 10
567 420 9 33 10
567 968 10 38 20
567 919 9 16 20
568 889 8 53 20
568 1016 11 17 25
568 919 9 1 20
569 483 11 27 10
569 904 9 42 20
569 527 10 3 15
570 95 9 18 5
571 958 10 14 20
571 103 8 39 5
571 977 10 10 20
571 706 10 23 15
572 610 8 38 15
572 790 10 21 20
572 675 9 15 15
572 9 11 5 5
573 676 9 0 15
573 1085 9 6 25
573 410 9 44 10
573 845 9 45 20
573 878 8 34 20
573 479 10 54 10
574 580 9 26 15
575 415 9 45 10
575 416 9 14 10
575 488 11 15 10
575 126 8 24 5
575 672 9 5 15
576 328 9 27 10
576 555 9 50 15
576 1060 9 35 25
576 803 9 35 20
577 984 10 43 20
578 333 9 44 10
578 35 10 28 5
578 947 9 10 20
578 1221 10 18 25
578 1149 8 32 25
578 716 10 28 15
579 823 9 32 20
579 179 9 3 5
579 44 10 38 5
580 702 9 55 15
580 496 11 41 10
580 998 11 52 25
580 245 11 2 5
581 1130 8 46 25
582 1220 10 44 25
582 505 11 9 10
582 271 10 23 10
582 65 9 29 5
582 867 8 35 20
583 717 10 17 15
583 171 9 55 5
584 682 9 20 15
585 352 8 23 10
585 1247 11 3 25
585 963 10 44 20
585 355 8 20 10
585 169 8 22 5
586 1080 8 34 25
587 607 8 55 15
587 112 8 49 5
587 86 8 9 5
587 284 10 31 10
588 881 8 18 20
588 761 10 11 20
588 356 8 49 10
589 1121 8 42 25
589 264 10 40 10
589 568 9 22 15
590 835 8 45 20
590 240 11 10 5
590 1112 8 9 25
590 276 10 18 10
590 967 10 54 20
590 678 9 12 15
590 26 10 57 5
590 1162 8 39 25
590 601 8 13 15
591 666 8 20 15
591 99 8 8 5
591 896 8 48 20
592 1232 10 29 25
593 491 11 56 15
593 1136 8 8 25
593 1019 10 53 25
593 417 8 59 10
593 520 10 44 15
593 919 8 5 20
594 1054 9 13 25
594 171 8 11 5
595 204 9 53 5
595 906 8 2 20
595 1215 10 12 25
595 498 11 24 10
595 46 9 12 5
596 1000 11 24 20
596 966 10 14 20
596 274 10 54 10
597 809 9 56 20
597 224 10 28 5
597 938 9 39 20
597 1092 8 58 25
597 1084 8 37 25
597 408 8 50 10
598 292 9 53 10
598 373 7 49 10
598 1157 8 47 25
599 13 10 32 5
599 539 9 54 15
600 1233 10 7 25
600 7 11 32 5
601 165 8 42 5
601 227 10 28 5
602 682 9 28 15
602 28 10 42 5
603 535 10 21 15
603 286 10 19 10
604 637 7 19 15
604 768 10 27 20
604 1173 8 32 25
604 825 8 22 20
605 364 7 12 10
605 104 7 27 5
606 910 8 26 20
609 535 10 36 15
609 276 10 39 10
609 11 10 50 5
609 899 7 50 20
609 854 7 26 20
610 84 8 38 5
610 195 9 10 5
611 115 7 57 5
611 381 7 37 10
612 1193 9 48 25
612 643 7 47 15
612 483 10 30 10
613 705 9 29 15
613 1045 9 26 25
613 39 9 54 5
614 554 9 24 15
614 253 11 33 5
614 716 10 26 15
614 601 7 58 15
615 595 8 2 15
615 1214 9 55 25
615 1018 10 33 25
615 909 8 15 20
615 125 7 14 5
615 598 7 44 15
616 930 8 34 20
616 712 9 39 15
616 42 9 6 5
617 1011 10 46 25
617 132 7 58 5
618 752 11 32 15
618 96 7 15 5
618 349 7 29 10
618 1243 10 15 25
619 499 11 57 15
619 386 7 55 10
621 205 9 53 5
622 667 8 8 15
622 767 10 53 20
622 1102 7 30 25
623 1037 9 56 25
623 503 11 32 10
623 789 9 52 20
625 1068 8 25 25
626 506 10 59 15
626 77 8 38 5
627 629 7 41 15
627 1213 9 24 25
627 1187 9 5 25
628 96 7 40 5
629 577 8 18 15
629 703 9 52 15
629 157 8 13 5
629 621 7 26 15
629 1171 8 58 25
629 160 8 57 5
630 771 10 0 20
630 10 10 37 5
630 800 9 55 20
630 1170 8 39 25
631 896 7 27 20
631 303 9 19 10
631 728 10 54 15
631 1059 9 57 25
632 341 8 34 10
632 506 10 51 15
632 693 9 52 15
632 132 7 20 5
633 994 10 51 20
633 31 10 37 5
633 768 10 42 20
634 694 9 47 15
634 539 9 2 15
634 1016 10 27 25
634 387 7 5 10
635 770 10 1 20
635 580 8 5 15
635 615 7 46 15
635 247 11 17 10
636 764 10 2 20
637 201 9 18 5
637 1155 8 36 25
638 434 9 54 10
638 284 10 31 10
638 486 10 2 10
638 914 8 45 20
638 971 10 20 20
639 728 10 54 15
639 293 9 14 10
639 768 10 7 20
640 1208 9 33 25
640 1014 10 42 25
640 163 8 27 5
641 65 9 19 5
641 64 9 39 5
641 661 8 53 15
641 1103 7 3 25
641 471 10 31 10
642 831 8 13 20
642 857 7 54 20
643 136 7 1 5
644 772 10 56 20
644 130 7 34 5
644 594 8 3 15
644 812 9 23 20
645 1193 9 39 25
645 889 7 56 20
645 673 8 20 15
646 8 10 17 5
647 468 10 13 10
647 412 8 23 10
647 1245 11 36 25
647 575 8 49 15
648 756 11 9 20
649 848 8 59 20
649 917 8 43 20
649 1249 11 54 25
649 876 7 20 20
650 348 8 38 10
650 910 8 9 20
651 195 9 19 5
651 507 11 3 10
652 1158 8 51 25
652 106 8 46 5
652 406 8 15 10
653 373 7 22 10
653 140 8 40 5
653 190 9 18 5
653 109 8 45 5
653 403 8 45 10
653 43 9 4 5
653 29 10 46 5
653 10 10 33 5
653 61 9 38 5
653 981 10 41 20
654 431 9 48 10
654 408 8 9 10
655 1117 8 37 25
655 162 8 9 5
656 842 8 27 20
657 63 9 51 5
657 517 10 24 15
658 416 8 3 10
658 501 11 32 10
659 421 8 33 10
661 655 8 2 15
661 133 8 16 5
662 922 8 20 20
662 1018 10 14 25
663 536 10 54 15
663 367 8 29 10
663 804 9 34 20
663 319 9 49 10
663 777 10 12 20
663 378 8 12 10
663 702 9 4 15
664 437 9 34 10
664 1233 10 44 25
664 269 10 22 10
665 1134 8 19 25
665 221 10 30 5
665 709 10 19 15
666 447 9 58 10
666 677 9 3 15
666 52 9 57 5
667 268 10 39 10
668 576 9 44 15
669 904 8 59 20
669 763 11 17 15
670 63 9 53 5
670 1135 8 26 25
671 939 9 0 20
671 68 9 17 5
671 708 10 21 15
672 42 10 32 5
672 1154 8 42 25
673 770 10 15 20
674 56 9 40 5
674 375 8 2 10
675 815 9 30 20
675 731 10 34 15
675 419 9 23 10
675 416 9 56 10
675 982 10 24 20
676 746 11 35 15
676 76 9 8 5
676 1066 9 20 25
676 1173 9 1 25
677 429 9 53 10
679 743 11 43 20
679 931 9 21 20
680 864 8 15 20
680 644 8 54 15
680 139 8 19 5
681 979 10 10 20
681 718 10 43 15
681 977 10 50 20
681 688 9 54 15
681 442 9 42 10
681 757 11 59 15
681 195 9 39 5
682 380 8 0 10
682 427 9 59 10
682 835 9 48 20
683 1139 8 21 25
683 1042 10 24 25
683 1090 9 31 25
683 611 8 29 15
684 150 9 4 5
684 697 10 33 15
685 508 11 51 15
685 211 10 31 5
686 699 10 49 15
686 525 10 47 15
686 20 11 47 5
686 622 9 24 15
686 207 10 47 5
687 203 10 7 5
687 1086 9 26 25
687 706 10 32 15
687 44 10 42 5
688 1211 10 39 25
688 44 10 39 5
688 1161 9 36 25
688 1172 9 50 25
688 140 9 50 5
688 259 11 20 10
690 1187 9 40 25
690 577 9 36 15
690 1228 11 2 25
691 789 10 40 20
691 1184 9 16 25
692 1199 10 3 25
694 1050 10 31 25
694 57 10 4 5
694 218 10 16 5
695 291 10 55 10
695 1063 10 35 25
696 1224 11 45 25
696 559 10 0 15
697 1098 9 1 25
697 612 9 36 15
697 71 9 23 5
697 338 9 50 10
697 908 9 15 20
698 741 11 10 15
698 1238 11 6 25
698 363 9 55 10
699 196 10 17 5
699 770 11 32 20
699 891 9 19 20
699 23 11 0 5
700 525 11 3 15
700 703 10 59 15
700 1235 11 36 25
700 19 11 53 5
700 662 9 49 15
700 1186 10 56 25
701 730 11 34 15
702 334 9 25 10
702 1019 11 51 25
702 169 9 14 5
702 290 10 33 10
703 270 11 46 10
703 53 10 45 5
703 1248 11 38 25
703 376 9 2 10
704 970 11 33 20
704 347 9 13 10
704 1164 9 40 25
705 410 9 25 10
705 623 9 6 15
706 1083 10 8 25
706 970 11 48 20
707 1036 11 48 25
707 560 10 24 15
707 766 11 58 20
707 125 9 55 5
707 504 11 11 15
708 1133 9 15 25
708 765 11 19 20
708 202 10 30 5
709 856 9 7 20
709 350 9 23 10
709 744 11 29 15
710 1230 11 36 25
710 1021 11 16 25
710 1112 9 10 25
710 685 10 24 15
710 785 11 42 20
710 218 11 28 5
711 107 9 15 5
711 49 10 56 5
711 804 10 1 20
711 264 11 1 10
711 993 11 34 20
711 1071 10 39 25
711 1119 9 56 25
711 435 10 59 10
712 1169 10 45 25
713 1097 10 28 25
713 200 10 24 5
714 306 10 43 10
714 998 12 36 20
715 232 11 12 5
715 131 10 32 5
715 189 10 52 5
716 171 10 10 5
717 1236 11 19 25
717 1165 10 3 25
717 788 11 17 20
717 1145 10 38 25
718 339 10 34 10
719 344 10 17 10
720 1098 10 53 25
720 948 10 55 20
720 48 11 53 5
720 1038 11 2 25
721 401 10 58 10
721 612 10 17 15
721 209 11 44 5
722 131 10 26 5
722 417 10 33 10
724 794 11 33 20
724 95 10 19 5
724 650 10 26 15
724 138 10 7 5
725 701 11 59 15
725 282 11 14 10
726 701 11 58 15
726 530 11 36 15
727 768 11 42 20
727 665 10 22 15
728 673 10 19 15
729 266 12 19 5
730 863 10 26 20
730 992 12 43 20
730 304 11 11 10
731 576 10 28 15
731 187 11 2 5
732 190 11 7 5
732 560 11 45 15
732 319 11 33 10
733 112 10 33 5
733 461 11 2 10
733 354 10 26 10
734 17 12 28 5
734 1193 11 47 25
734 496 12 28 10
734 1006 12 26 20
735 855 10 5 20
736 182 11 5 5
736 340 10 44 10
736 282 11 30 10
737 625 10 38 15
738 821 11 4 20
738 684 11 48 15
738 556 11 37 15
738 938 11 55 20
739 1114 10 3 25
739 4 12 35 5
740 973 12 31 20
741 543 11 45 15
742 741 12 49 20
742 344 11 42 10
742 829 11 56 20
743 568 11 15 15
743 607 10 18 15
743 1029 12 0 25
744 369 10 43 10
744 552 11 12 15
744 428 11 7 10
744 1055 11 20 25
745 582 11 45 15
746 68 11 32 5
746 282 12 15 10
746 994 12 4 20
746 631 11 0 15
746 873 11 2 20
747 902 11 24 20
747 596 11 19 15
748 988 12 7 20
749 903 11 29 20
749 1111 11 55 25
750 416 11 37 10
750 361 11 59 10
751 15 12 59 5
751 8 12 26 5
751 608 11 36 15
751 391 11 54 10
751 1126 11 21 25
752 989 12 11 21
752 424 11 17 10
752 63 11 58 5
752 90 11 0 5
752 772 12 52 20
753 127 11 55 5
754 215 12 7 5
754 544 11 2 16
754 961 11 47 21
755 423 11 50 10
755 723 12 14 15
755 515 12 46 15
755 899 11 11 20
755 931 11 52 20
756 382 10 18 11
756 1242 12 26 25
756 626 10 48 16
757 140 10 10 6
757 466 11 28 11
757 92 11 12 5
758 632 10 21 16
758 862 10 28 21
758 323 11 34 10
758 993 12 17 20
758 919 11 57 20
759 771 12 33 21
759 660 11 16 15
760 417 11 15 10
761 638 10 2 16
761 246 12 3 6
761 952 11 36 21
761 1187 11 5 25
761 13 12 12 5
762 656 10 35 16
762 468 11 58 11
762 1247 12 56 26
762 20 12 22 5
763 655 10 5 16
763 136 10 58 6
763 1217 11 9 26
764 412 10 56 11
764 661 10 13 16
765 378 10 55 11
765 298 11 59 11
765 852 10 57 21
766 698 11 5 16
766 1213 11 17 26
766 857 10 45 21
767 484 12 15 10
767 771 11 37 21
768 60 11 49 6
768 262 12 37 6
768 1029 11 5 26
769 1101 10 15 26
769 536 11 46 16
769 964 11 3 21
769 352 10 41 11
769 721 11 2 16
770 1206 11 10 26
770 483 12 43 11
770 97 10 57 6
770 252 12 47 11
771 103 10 48 6
771 156 10 10 6
772 179 10 14 6
772 650 10 46 16
772 931 10 6 21
772 1020 11 36 26
773 863 10 52 21
773 29 11 57 6
773 229 11 37 6
773 454 11 40 11
774 887 10 10 21
774 660 10 24 16
775 707 11 39 16
775 103 10 59 6
775 666 10 29 16
776 1099 10 48 26
776 38 11 44 6
776 865 10 36 21
776 832 10 25 21
776 386 10 33 11
776 951 11 5 21
777 71 10 31 6
777 106 10 49 6
777 1148 10 51 26
777 149 10 26 6
777 239 12 30 11
777 151 10 46 6
778 711 11 36 16
778 817 10 5 21
778 154 10 43 6
778 738 11 15 16
779 1103 10 53 26
779 248 12 45 6
779 501 12 29 16
779 237 11 32 6
779 1223 11 44 26
780 806 10 57 21
780 879 10 16 21
780 638 10 41 16
781 968 11 26 21
782 628 10 56 16
783 990 11 43 21
783 529 11 50 16
783 490 11 27 11
783 481 11 42 11
784 863 10 11 21
784 737 11 15 16
784 353 10 26 11
784 248 12 40 6
785 295 11 32 11
785 439 10 51 11
785 553 10 45 16
786 945 10 3 21
786 1141 10 32 26
786 692 10 37 16
786 165 10 21 6
787 1240 11 2 26
787 730 11 23 16
787 1133 9 58 26
787 648 10 59 16
787 698 10 6 16
788 1190 10 13 26
788 907 10 45 21
789 420 10 44 11
789 821 10 35 21
790 1242 11 17 26
790 993 11 28 21
790 877 9 24 21
790 394 9 33 11
790 379 9 9 11
791 450 10 51 11
791 375 9 21 11
792 390 9 44 11
792 985 11 41 21
792 562 10 40 16
792 959 10 26 21
792 707 10 45 16
793 657 9 47 16
793 763 11 44 21
794 223 11 25 6
794 834 10 19 21
794 391 9 27 11
795 1060 10 10 26
796 796 10 15 21
796 829 10 0 21
797 354 9 39 11
797 440 10 36 11
797 345 9 54 11
797 471 11 2 11
798 1077 10 26 26
798 194 10 54 6
799 431 10 1 11
800 483 11 32 11
800 876 9 39 21
801 787 10 45 21
801 39 10 7 6
802 31 10 48 6
802 915 9 5 21
802 440 10 31 11
802 181 10 21 6
802 1046 10 14 26
803 196 10 14 6
803 596 9 34 16
804 423 9 50 11
804 1178 9 48 26
804 675 9 6 16
805 304 10 8 11
806 1056 10 33 26
806 1046 10 45 26
806 682 9 52 16
807 323 9 50 11
807 1229 11 4 26
807 97 9 19 6
807 794 10 0 21
808 701 10 19 16
808 1164 9 11 26
808 690 10 32 16
809 685 9 48 16
809 92 9 6 6
809 960 10 34 21
810 297 10 14 11
811 1000 11 52 21
811 818 9 27 21
811 1222 10 46 26
812 317 9 31 11
812 1 11 4 6
812 1113 9 45 26
812 434 9 19 11
812 704 10 9 16
813 281 10 9 11
813 1163 9 32 26
813 1089 9 15 26
813 129 9 23 6
814 828 9 58 21
814 653 9 5 16
814 267 11 11 11
815 1147 9 4 26
815 84 9 13 6
815 1076 9 36 26
816 368 8 49 11
816 14 11 57 6
816 425 9 26 11
817 679 9 45 16
817 536 10 9 16
817 1158 9 19 26
818 96 9 57 6
818 1012 11 20 21
818 686 9 51 16
818 1229 10 45 26
818 627 8 18 16
819 187 9 17 6
819 573 9 51 16
819 469 10 10 11
820 596 9 45 16
821 1212 10 30 26
821 270 10 33 11
821 811 9 49 21
822 391 8 7 11
822 211 10 52 6
822 1249 11 59 26
822 1194 9 16 26
823 290 10 16 11
823 95 9 14 6
823 1142 8 32 26
824 679 9 14 16
824 1041 10 12 26
824 1065 9 35 26
824 931 9 10 21
825 1226 10 25 26
825 648 8 12 16
826 575 9 51 16
826 890 8 23 21
827 937 9 38 21
827 141 8 37 6
827 792 10 24 21
827 420 9 49 11
829 929 9 34 21
829 654 8 44 16
829 860 8 40 21
830 947 9 11 21
831 993 11 55 21
831 1062 9 50 26
832 531 10 54 16
832 900 8 5 21
832 1237 10 35 26
832 1120 8 24 26
833 1010 11 39 21
833 346 8 16 11
833 1246 11 24 26
835 1094 8 23 26
835 657 8 7 16
835 271 10 32 11
835 1051 9 40 26
836 185 9 14 6
836 1147 8 4 26
836 746 11 46 16
836 338 8 26 11
836 1049 9 40 26
837 405 8 57 11
837 405 8 51 11
838 1079 8 44 26
838 796 9 48 21
838 881 8 6 21
838 858 8 14 21
839 1037 10 17 26
839 330 8 30 11
841 223 10 4 6
841 323 9 43 11
841 324 9 7 11
841 850 8 36 21
841 70 9 46 6
841 199 9 2 6
842 1185 9 26 26
842 785 10 41 21
842 207 9 59 6
843 612 8 53 16
843 261 10 57 11
843 655 8 38 16
844 230 10 10 6
844 173 8 21 6
844 1076 8 54 26
844 685 9 9 16
844 647 8 54 16
845 106 8 34 6
845 29 10 23 6
845 366 8 50 11
846 730 10 12 16
846 400 8 49 11
846 697 9 22 16
847 665 8 9 16
847 513 10 33 16
847 1235 10 6 26
847 1146 8 50 26
847 388 8 31 11
847 679 9 21 16
849 286 10 59 11
849 229 10 54 6
849 211 9 25 6
850 935 9 43 21
850 178 8 1 6
850 297 9 53 11
850 1102 8 29 26
851 923 8 55 21
851 1211 9 20 26
852 723 10 2 16
853 577 8 54 16
853 1099 8 5 26
853 516 10 52 16
853 975 10 25 21
854 86 8 7 6
854 963 10 13 21
854 920 8 19 21
855 792 9 17 21
855 372 7 59 11
856 946 9 45 21
856 870 7 40 21
857 545 9 42 16
857 996 11 57 21
857 1049 9 22 26
857 1072 8 4 26
857 1218 10 59 26
857 652 8 55 16
858 1087 8 11 26
858 603 7 41 16
858 161 8 26 6
858 26 10 32 6
859 672 8 40 16
859 49 9 20 6
860 361 7 49 11
860 228 10 23 6
860 951 9 13 21
860 1165 8 42 26
860 276 10 45 11
860 552 9 0 16
861 35 10 54 6
861 674 8 47 16
861 152 8 47 6
861 1230 10 52 26
862 812 9 39 21
862 184 9 4 6
862 172 8 59 6
863 435 9 45 11
863 903 8 15 21
863 169 8 8 6
863 1237 10 36 26
864 455 9 0 11
864 154 8 41 6
865 146 7 18 6
865 92 8 49 6
866 6 10 3 6
866 1009 10 15 26
866 1220 10 40 26
867 985 10 50 21
868 5 11 26 6
868 941 9 21 21
868 1044 9 16 26
869 907 8 50 21
869 553 9 2 16
870 858 7 29 21
870 782 10 31 21
871 719 10 25 16
871 538 9 34 16
871 52 9 5 6
871 891 7 10 21
872 1078 8 35 26
872 755 11 52 16
873 811 9 50 21
873 35 10 14 6
873 680 8 44 16
873 368 7 21 11
873 372 7 18 11
873 278 10 35 11
873 139 7 6 6
874 1010 10 33 26
874 460 9 44 11
874 1096 7 35 26
874 276 10 25 11
874 348 7 17 11
874 1125 7 45 26
874 1146 7 6 26
874 1227 10 20 26
875 662 8 0 16
875 439 9 47 11
875 796 9 10 21
876 991 10 18 21
876 173 8 8 6
876 620 7 18 16
877 96 7 0 6
878 438 9 2 11
878 316 8 47 11
878 1087 8 31 26
879 401 7 28 11
879 989 10 14 21
879 269 10 29 11
880 602 7 30 16
880 513 10 49 16
880 1074 8 21 26
880 716 10 12 16
881 1108 7 55 26
881 843 8 5 21
882 286 9 34 11
882 807 9 13 21
883 707 9 32 16
883 499 11 32 11
883 1059 9 38 26
883 1120 7 8 26
884 474 10 7 11
884 724 10 3 16
884 13 10 25 6
885 79 8 45 6
885 580 8 1 16
885 866 7 45 21
885 835 8 45 21
886 660 8 48 16
886 80 8 47 6
886 88 8 4 6
886 897 7 49 21
887 567 8 6 16
887 336 8 56 11
887 469 10 51 11
888 448 9 45 11
888 911 8 28 21
888 66 9 11 6
889 610 7 59 16
890 859 7 57 21
890 1095 8 34 26
890 1146 7 40 26
890 429 8 10 11
891 253 11 46 6
891 957 9 35 21
892 1031 10 15 26
892 621 7 12 16
893 717 10 48 16
893 269 10 39 11
894 47 9 45 6
894 885 7 26 21
894 736 10 48 16
895 980 10 44 21
895 152 8 21 6
895 1095 8 13 26
896 295 9 29 11
896 36 10 23 6
897 382 7 59 11
897 91 8 7 6
897 731 10 3 16
898 1016 10 46 26
898 370 7 3 11
899 1230 10 44 26
899 818 9 44 21
900 441 9 59 11
900 207 9 28 6
901 173 8 30 6
902 97 8 19 6
902 585 8 39 16
902 382 7 21 11
902 1161 8 16 26
903 351 8 5 11
903 1087 8 2 26
903 1225 10 26 26
903 780 10 44 21
904 671 8 37 16
904 302 9 33 11
904 199 9 56 6
904 1 11 18 6
904 1140 8 13 26
905 105 8 33 6
905 66 9 36 6
905 840 8 53 21
905 877 8 10 21
906 119 8 50 6
906 84 8 6 6
906 1067 9 31 26
907 259 11 5 6
907 454 9 57 11
908 1215 10 38 26
908 289 10 8 11
909 34 10 36 6
909 800 9 41 21
910 709 10 53 16
910 138 8 20 6
911 811 9 33 21
911 11 10 21 6
912 88 8 50 6
912 825 9 52 21
912 581 8 52 16
912 1090 8 4 26
913 60 9 1 6
913 932 9 58 21
913 590 8 6 16
913 250 11 19 6
913 31 10 42 6
914 507 11 35 16
914 531 10 53 16
915 1026 10 30 26
915 850 8 45 21
916 126 8 58 6
917 47 9 4 6
917 350 8 22 11
917 276 10 51 11
917 395 8 6 11
918 1152 8 4 26
918 699 9 49 16
919 886 8 37 21
919 1000 11 9 26
920 748 11 47 16
920 852 8 16 21
920 813 9 17 21
921 924 9 23 21
922 525 10 49 16
922 58 9 2 6
922 343 8 43 11
923 137 8 22 6
924 1187 9 15 26
924 230 10 26 6
924 210 10 15 6
925 769 10 0 21
926 241 11 30 6
926 248 11 8 6
926 203 10 50 6
927 630 8 28 16
927 39 10 27 6
927 744 11 24 21
927 818 9 3 21
928 563 9 20 16
928 686 9 54 16
929 1245 11 49 26
929 971 10 10 21
929 440 9 50 11
930 1048 10 3 26
930 682 9 53 16
930 1174 9 56 26
930 1217 10 7 26
930 574 9 43 16
931 940 9 34 21
931 587 9 16 16
932 985 11 22 21
932 345 9 42 11
932 379 8 25 11
933 761 11 45 16
933 1141 9 31 26
933 726 10 20 16
934 311 9 20 11
934 352 9 46 11
934 973 10 27 21
935 1150 9 38 26
935 698 10 53 16
936 1208 10 27 26
936 1050 10 0 26
937 275 10 1 11
937 646 9 17 16
938 605 9 28 16
938 322 9 28 11
938 1206 10 41 26
939 800 10 24 21
939 119 9 41 6
940 320 9 28 11
940 147 9 5 6
940 190 10 51 6
940 1009 11 18 21
941 962 10 8 21
941 733 11 37 16
941 336 9 7 11
941 50 10 7 6
941 857 9 12 21
942 819 9 33 21
943 632 9 23 16
943 672 9 34 16
944 1162 9 15 26
944 146 9 40 6
944 434 10 19 11
945 880 9 38 21
947 213 10 52 6
948 655 9 31 16
948 162 9 24 6
948 505 11 20 11
949 1052 10 10 26
949 809 10 9 21
949 1116 9 47 26
950 971 11 2 21
950 805 10 10 21
950 1166 9 57 26
950 374 9 31 11
950 1191 10 39 26
951 30 11 30 6
951 903 9 55 21
951 244 11 20 6
951 886 9 58 21
951 665 9 0 16
952 659 9 3 16
952 722 11 9 16
953 477 11 0 11
953 209 10 40 6
954 796 10 8 21
954 89 9 7 6
955 286 10 52 11
955 854 9 41 21
955 999 11 22 21
955 1023 11 26 26
956 995 11 48 21
956 957 10 54 21
957 710 10 37 16
957 914 10 18 21
958 755 11 47 21
958 68 10 1 6
958 562 10 35 16
959 12 11 7 6
959 194 10 3 6
959 783 11 44 21
959 920 10 46 21
960 839 10 5 21
960 299 10 55 11
960 589 10 35 16
960 734 11 36 16
961 525 11 26 16
961 550 10 6 16
961 274 11 23 11
961 36 11 46 6
962 899 10 56 21
962 461 11 15 11
962 505 11 41 16
962 660 10 57 16
963 730 11 7 16
964 311 10 22 11
964 246 12 57 6
965 428 10 6 11
965 258 11 6 11
966 1184 10 30 26
966 829 10 28 21
966 771 11 25 21
966 189 10 18 6
967 308 10 23 11
967 157 10 2 6
967 206 11 29 6
967 369 10 2 11
969 528 11 55 16
969 561 10 4 16
970 220 11 9 6
970 102 10 58 6
971 76 10 40 6
971 735 11 47 16
971 189 10 4 6
972 1212 11 35 26
972 588 10 23 16
973 588 10 32 16
973 1236 11 53 26
973 1027 11 21 26
973 534 11 48 16
974 98 10 31 6
975 655 10 9 16
975 1232 11 3 26
976 869 10 13 21
976 1128 10 59 26
976 906 10 3 21
976 971 11 35 21
976 1110 10 56 26
977 155 10 9 6
977 890 10 33 21
977 1188 10 27 26
977 788 11 38 21
977 589 10 58 16
978 591 10 37 16
978 660 10 53 16
978 737 12 53 16
979 358 10 58 11
980 1111 10 47 26
980 855 10 48 21
980 1009 12 2 21
981 313 11 56 11
982 416 10 39 11
983 348 10 35 11
983 723 11 35 16
983 25 11 43 6
983 1244 12 2 26
983 731 12 50 21
983 552 11 7 16
983 1027 11 56 26
983 189 11 11 6
985 1038 11 55 26
985 1134 10 27 26
985 392 10 13 11
985 315 11 51 11
985 4 12 40 6
986 1193 11 12 26
986 381 10 54 11
987 477 12 7 11
987 595 10 8 16
987 782 11 3 21
987 376 10 33 11
988 625 10 27 16
988 172 11 33 6
989 1177 11 31 26
989 150 10 57 6
990 368 10 18 11
990 480 12 16 11
990 1020 12 55 26
990 72 11 5 6
990 1152 10 57 26
990 132 10 50 6
992 300 11 53 11
993 264 12 36 11
993 251 12 25 6
994 341 11 29 11
994 571 11 11 16
994 112 10 27 6
994 1169 11 19 27
995 700 11 18 16
995 670 11 15 16
995 1217 12 23 26
996 1031 12 14 26
996 1095 11 43 26
996 231 12 36 6
996 258 12 5 11
997 607 11 15 16
998 597 11 48 16
999 388 11 59 12
999 272 12 23 11
999 874 11 48 21
1001 335 11 54 11
1001 885 11 56 21
1001 72 11 8 6
1001 581 11 28 16
1001 836 11 19 21
1002 835 11 5 21
1002 678 11 38 16
1002 266 12 36 11
1003 441 11 52 11
1004 692 11 44 16
1004 473 12 33 11
1005 1158 11 42 26
1005 633 11 37 16
1005 720 12 9 16
1006 736 12 59 16
1006 138 10 58 7
1006 979 12 20 21
1006 1076 11 19 26
1006 93 11 18 6
1006 1173 11 30 26
1006 391 11 34 11
1007 215 11 33 7
1007 131 10 44 7
1007 1184 11 17 26
1008 18 12 9 6
1008 1069 11 49 26
1008 733 12 33 16
1008 788 11 57 22
1009 491 12 40 11
1009 764 12 48 21
1009 1 12 37 7
1009 190 11 27 6
1009 57 11 36 7
1010 718 11 45 17
1010 1197 11 47 27
1010 590 11 55 16
1010 195 11 42 7
1012 1243 12 25 27
1012 496 12 23 12
1012 790 11 27 22
1012 660 10 1 17
1012 320 11 56 11
1013 571 11 9 16
1013 172 11 31 6
1013 669 11 57 16
1013 164 10 1 7
1013 647 10 29 17
1013 889 10 9 22
1013 889 10 20 22
1014 717 11 39 17
1014 1042 11 40 27
1014 201 11 54 7
1015 914 10 12 22
1015 1160 10 16 27
1015 1191 11 4 27
1016 375 10 21 12
1017 875 10 58 22
1017 990 12 37 22
1017 671 10 10 17
1017 771 11 38 22
1017 451 11 17 12
1018 633 10 40 17
1018 720 11 5 17
1018 896 10 53 22
1018 795 11 17 22
1019 467 11 44 12
1019 651 10 40 17
1019 349 10 0 12
1019 846 10 10 22
1019 101 10 4 7
1020 403 10 19 12
1021 644 10 11 17
1021 311 11 52 12
1021 131 10 20 7
1021 1132 10 42 27
1022 244 12 50 7
1023 212 11 21 7
1023 768 11 4 22
1023 1208 11 51 27
1023 42 11 41 7
1024 319 10 43 12
1024 173 10 23 7
1025 1132 10 28 27
1025 1177 10 56 27
1026 603 10 40 17
1026 686 10 32 17
1026 504 12 9 12
1026 670 10 38 17
1026 857 10 1 22
1026 999 12 12 22
1027 841 10 8 22
1028 50 11 18 7
1028 371 10 52 12
1029 855 10 6 22
1029 461 11 3 12
1029 17 11 9 7
1029 23 11 50 7
1029 327 10 43 12
1029 163 10 1 7
1030 50 11 52 7
1030 565 10 39 17
1031 153 10 20 7
1032 974 11 56 22
1032 386 10 32 12
1032 635 10 41 17
1032 594 10 30 17
1033 361 10 14 12
1034 355 10 2 12
1034 438 10 34 12
1034 78 10 57 7
1034 25 11 36 7
1035 269 11 10 12
1035 1138 10 21 27
1035 202 10 56 7
1035 820 10 58 22
1035 489 11 53 12
1035 589 10 28 17
1036 194 10 7 7
1036 496 12 23 12
1036 490 11 21 12
1037 1003 12 19 22
1038 74 10 31 7
1038 1107 9 31 27
1039 148 9 3 7
1039 365 9 29 12
1041 1140 9 34 27
1041 736 11 13 17
1041 91 10 20 7
1041 1020 11 9 27
1041 793 10 6 22
1041 978 11 4 22
1042 444 10 49 12
1042 465 11 27 12
1042 485 11 0 12
1042 914 10 13 22
1043 184 10 0 7
1044 420 10 31 12
1045 570 10 27 17
1045 422 10 54 12
1046 112 9 57 7
1047 1169 9 24 27
1047 899 9 30 22
1047 560 10 7 17
1047 1068 10 45 27
1047 849 9 18 22
1048 501 11 5 12
1048 1249 11 30 27
1048 419 9 46 12
1049 1088 9 5 27
1049 511 11 53 17
1050 355 9 59 12
1050 131 9 16 7
1050 1166 9 25 27
1051 51 10 30 7
1051 175 9 12 7
1051 547 10 46 17
1051 1224 11 56 27
1052 264 11 25 12
1052 990 11 58 22
1052 661 9 6 17
1053 110 9 23 7
1054 527 11 3 17
1054 163 9 47 7
1054 1032 10 50 27
1054 820 9 55 22
1054 274 11 0 12
1055 1133 9 42 27
1055 211 10 26 7
1055 927 9 27 22
1056 497 11 37 12
1056 870 9 16 22
1057 491 11 43 12
1057 500 11 59 12
1057 917 9 15 22
1057 222 10 21 7
1058 645 9 18 17
1058 545 10 21 17
1059 906 9 51 22
1059 880 9 56 22
1059 96 9 18 7
1060 476 11 45 12
1060 553 10 56 17
1060 315 9 26 12
1060 67 9 2 7
1060 676 9 26 17
1061 767 11 38 22
1061 1221 10 48 27
1061 363 9 15 12
1061 295 10 55 12
1061 1064 9 47 27
1061 630 9 13 17
1061 1070 9 19 27
1062 344 9 50 12
1062 162 9 0 7
1062 576 9 9 17
1062 994 11 37 22
1062 206 10 52 7
1062 448 10 52 12
1062 541 10 56 17
1063 594 9 11 17
1063 1210 10 21 27
1064 753 11 12 17
1064 609 9 54 17
1064 1136 9 20 27
1064 933 9 27 22
1065 1205 10 15 27
1065 1151 9 38 27
1065 576 9 40 17
1065 645 9 59 17
1066 917 9 27 22
1066 974 10 50 22
1066 329 9 44 12
1066 385 8 23 12
1067 236 11 17 7
1067 376 8 38 12
1067 1187 9 41 27
1067 608 9 55 17
1067 909 9 26 22
1067 132 8 56 7
1068 777 10 51 22
1068 554 10 5 17
1068 1020 10 9 27
1068 1158 9 2 27
1068 126 8 47 7
1068 960 10 1 22
1069 10 11 11 7
1070 995 11 25 22
1070 1073 9 53 27
1071 669 9 55 17
1071 516 11 21 17
1072 919 9 4 22
1074 605 8 8 17
1074 942 9 33 22
1075 1025 10 59 27
1075 193 9 29 7
1075 120 8 52 7
1075 238 11 6 7
1075 1197 9 59 27
1075 150 8 33 7
1075 788 10 5 22
1076 545 10 26 17
1076 348 8 23 12
1076 699 9 41 17
1076 492 11 49 12
1076 874 8 32 22
1077 595 8 11 17
1077 1031 10 31 27
1077 803 9 28 22
1077 447 9 38 12
1077 1138 8 19 27
1077 296 10 11 12
1079 171 9 35 7
1080 1060 9 29 27
1080 762 11 13 22
1080 381 8 23 12
1081 766 10 30 22
1081 1223 10 16 27
1082 700 9 48 17
1082 954 9 16 22
1082 797 9 4 22
1083 29 10 9 7
1084 1250 11 20 27
1084 1100 8 12 27
1084 1228 10 34 27
1086 713 10 11 17
1086 729 10 33 17
1086 430 9 26 12
1086 1056 9 10 27
1087 837 8 33 22
1087 244 11 51 12
1088 1037 10 7 27
1088 1207 9 59 27
1088 149 8 7 7
1088 12 10 41 7
1088 790 10 41 22
1089 209 10 39 7
1089 89 8 52 7
1089 72 9 12 7
1089 620 8 59 17
1090 1061 9 22 27
1090 626 8 23 17
1090 875 8 2 22
1090 901 8 58 22
1090 899 8 44 22
1090 557 9 7 17
1090 944 9 21 22
1091 538 10 7 17
1091 275 10 16 12
1091 564 9 1 17
1092 924 8 23 22
1093 1104 8 12 27
1093 653 8 2 17
1093 245 11 35 7
1094 264 10 24 12
1094 511 10 36 17
1094 1075 8 47 27
1095 833 8 50 22
1095 789 10 54 22
1095 822 9 49 22
1095 1208 9 23 27
1095 187 9 38 7
1095 153 8 56 7
1096 644 8 14 17
1096 388 8 45 12
1097 249 11 29 7
1098 716 10 55 17
1098 1246 11 16 27
1098 142 8 22 7
1098 1057 9 59 27
1099 789 9 16 22
1100 504 11 44 12
1100 163 8 23 7
1101 1171 8 18 27
1101 225 10 34 7
1102 216 10 7 7
1102 56 9 18 7
1102 875 7 55 22
1103 231 10 6 7
1103 761 10 34 22
1103 267 10 48 12
1103 937 9 29 22
1104 134 7 46 7
1104 1023 10 50 27
1104 951 9 5 22
1105 872 7 2 22
1105 1064 9 18 27
1106 620 7 44 17
1106 555 9 52 17
1107 276 10 13 12
1107 1193 9 33 27
1107 256 11 7 7
1108 1075 8 43 27
1108 4 11 21 7
1108 60 9 22 7
1109 1250 11 28 27
1109 218 10 51 7
1109 909 8 17 22
1109 500 11 36 12
1111 1033 10 5 27
1111 624 7 17 17
1111 507 10 52 17
1111 375 7 41 12
1111 583 8 32 17
1111 890 7 3 22
1112 554 9 16 17
1113 260 10 31 12
1113 337 8 21 12
1114 828 8 11 22
1114 503 11 38 17
1114 1123 7 55 27
1115 691 9 0 17
1115 777 10 7 22
1115 996 11 33 22
1115 1116 7 50 27
1116 1149 7 4 27
1116 1220 10 35 27
1117 206 9 1 7
1117 826 8 40 22
1118 1027 10 20 27
1118 580 8 6 17
1118 95 8 13 7
1118 429 8 27 12
1119 564 9 49 17
1120 1032 10 27 27
1120 368 7 41 12
1120 1051 9 9 27
1120 684 8 10 17
1121 69 8 59 7
1121 781 10 45 22
1122 718 10 15 17
1122 862 7 8 22
1122 1083 8 38 27
1122 738 10 56 17
1122 1240 10 32 27
1123 844 8 33 22
1123 932 8 12 22
1123 88 8 3 7
1123 14 10 54 7
1124 776 10 16 22
1124 1029 10 41 27
1124 929 8 41 22
1125 114 7 8 7
1125 567 8 41 17
1125 127 7 14 7
1125 296 9 50 12
1126 555 9 45 17
1126 119 7 41 7
1126 921 8 51 22
1127 904 7 26 22
1128 863 7 1 22
1128 33 10 57 7
1129 905 8 31 22
1129 1201 9 21 27
1129 380 7 38 12
1130 1000 11 50 22
1130 924 8 2 22
1130 14 10 47 7
1130 223 10 0 7
1132 764 10 53 22
1132 419 8 33 12
1132 372 7 7 12
1132 424 8 53 12
1134 791 9 3 22
1136 427 8 56 12
1136 1126 7 25 27
1137 1099 7 36 27
1138 996 11 0 22
1139 781 10 29 22
1139 27 10 22 7
1139 676 8 8 17
1139 234 10 10 7
1139 1106 7 3 27
1139 649 7 16 17
1140 1211 9 43 27
1141 97 8 9 7
1141 872 7 59 22
1142 190 9 21 7
1142 926 8 50 22
1142 710 9 50 17
1143 140 7 47 7
1144 179 8 52 7
1144 1188 9 40 27
1144 608 7 10 17
1145 159 8 13 7
1145 378 7 18 12
1145 626 7 1 17
1145 30 10 7 7
1145 868 7 58 22
1146 288 9 53 12
1146 544 9 1 17
1146 288 9 23 12
1146 306 9 53 12
1146 1086 8 54 27
1149 451 9 26 12
1150 12 10 41 7
1150 1077 8 20 27
1150 695 9 54 17
1150 1235 10 41 27
1150 198 9 41 7
1150 874 7 8 22
1151 1077 8 50 27
1151 8 10 43 7
1152 499 11 3 12
1152 413 8 58 12
1152 764 10 27 22
1152 337 8 12 12
1152 888 7 57 22
1153 853 8 48 22
1153 495 11 2 17
1153 774 10 40 22
1153 991 10 27 22
1154 188 9 46 7
1155 1223 10 20 27
1155 402 8 37 12
1156 407 8 59 12
1156 247 11 30 7
1157 670 8 30 17
1158 489 10 59 12
1158 962 10 28 22
1159 1042 9 16 27
1159 446 9 52 12
1159 682 9 51 17
1159 173 8 1 7
1159 720 10 38 17
1160 288 10 9 12
1160 77 8 42 7
1160 287 10 58 12
1160 556 9 55 17
1161 291 10 23 12
1162 313 9 31 12
1163 281 10 3 12
1163 1247 11 5 27
1163 150 8 15 7
1163 1163 8 6 27
1164 553 9 56 17
1164 183 9 34 7
1164 766 10 18 22
1164 114 8 53 7
1164 278 10 22 12
1165 1002 11 13 22
1165 879 8 33 22
1166 716 10 41 17
1167 1029 10 59 27
1167 1164 8 45 27
1168 899 8 10 22
1168 296 9 51 12
1168 88 8 16 7
1169 842 8 41 22
1169 807 9 50 22
1169 1192 9 44 27
1170 882 8 49 22
1170 1233 10 42 27
1170 1214 10 28 27
1170 761 11 50 17
1170 1156 8 20 27
1171 15 10 37 7
1171 1160 8 32 27
1172 465 10 11 12
1172 967 10 33 22
1173 79 9 47 7
1173 769 10 34 22
1173 1226 10 28 27
1174 1085 9 45 27
1174 332 9 49 12
1175 1010 11 35 22
1175 814 9 41 22
1176 1119 8 23 27
1177 545 10 45 17
1177 828 9 34 22
1177 1177 9 37 27
1178 363 8 58 12
1178 76 9 0 7
1178 980 10 18 22
1179 1248 11 50 27
1179 1193 9 45 27
1179 1230 10 29 27
1179 103 8 41 7
1180 1026 10 53 27
1180 223 10 2 7
1181 74 9 23 7
1181 925 9 38 22
1181 113 8 51 7
1181 469 10 57 12
1182 1029 10 6 27
1182 1082 9 33 27
1182 474 10 9 12
1184 1086 9 35 27
1185 1005 11 57 22
1186 232 11 12 7
1186 920 9 8 22
1186 922 9 44 22
1186 995 11 47 22
1186 994 11 37 22
1186 969 10 29 22
1187 205 10 28 7
1187 353 9 4 12
1188 449 10 10 12
1188 200 10 44 7
1188 1184 9 41 27
1188 716 10 37 17
1189 442 10 21 12
1189 403 9 32 12
1189 956 10 37 22
1189 1066 9 32 27
1189 416 9 22 12
1190 80 9 14 7
1190 291 10 1 12
1190 1185 9 55 27
1190 768 11 8 22
1191 313 10 55 12
1191 537 10 18 17
1192 460 10 38 12
1192 1086 9 46 27
1192 1146 9 15 27
1192 819 9 36 22
1193 788 10 11 22
1193 542 10 24 17
1193 691 10 11 17
1193 848 9 8 22
1194 571 9 29 17
1194 1147 9 12 27
1194 1041 10 52 27
1194 538 10 16 17
1195 1156 9 41 27
1195 399 9 14 12
1195 738 11 44 17
1196 744 11 37 17
1196 1203 10 16 27
1197 5 11 28 7
1198 867 9 18 22
1198 1203 10 53 27
1198 619 9 42 17
1198 220 10 42 7
1198 1134 9 22 27
1199 1173 9 14 27
1199 1092 9 4 27
1199 526 11 37 17
1200 291 10 15 12
1200 494 11 51 12
1200 6 11 37 7
1201 48 10 2 7
1201 218 11 9 7
1201 460 10 7 12
1201 68 10 40 7
1202 251 11 16 7
1202 494 11 43 12
1203 1116 9 51 27
1203 1087 9 33 27
1203 760 11 46 22
1203 507 11 59 17
1203 665 9 2 17
1203 989 11 50 22
1204 246 11 43 7
1204 761 11 18 22
1204 273 11 31 12
1204 985 11 49 22
1205 151 9 54 7
1205 766 11 0 22
1205 698 10 6 17
1206 639 9 23 17
1206 430 10 19 12
1206 156 9 59 7
1206 1215 11 57 27
1208 940 10 1 22
1209 1026 11 22 27
1209 113 9 11 7
1209 94 9 58 7
1210 979 11 51 22
1210 804 10 18 22
1210 1042 10 49 27
1210 935 10 28 22
1211 277 11 20 12
1211 413 10 51 12
1211 655 10 27 17
1211 713 11 0 17
1211 839 10 7 22
1211 836 10 2 22
1212 786 11 51 22
1212 324 10 40 12
1212 967 11 48 22
1212 792 11 42 22
1212 1079 10 42 27
1213 210 11 31 7
1213 152 10 17 7
1213 812 10 52 22
1214 437 10 54 12
1214 773 11 7 22
1215 347 10 47 12
1215 803 10 55 22
1215 102 10 13 7
1215 58 10 2 7
1216 1224 11 14 27
1217 1100 10 4 27
1217 442 10 59 12
1217 533 11 7 17
1218 635 10 18 17
1218 394 10 10 12
1219 589 10 57 17
1219 1064 10 9 27
1219 1143 10 20 27
1219 788 11 47 22
1220 407 10 29 12
1220 1136 10 40 27
1220 904 10 38 22
1220 495 12 56 12
1220 730 11 40 17
1221 605 10 37 17
1221 1091 10 58 27
1221 927 10 23 22
1221 1019 11 18 27
1222 1026 11 39 27
1222 756 12 5 17
1222 826 10 52 22
1222 699 11 10 17
1222 893 10 14 22
1223 1072 10 37 27
1223 689 10 4 17
1224 20 11 21 7
1224 1081 10 16 27
1224 282 11 59 12
1224 502 12 26 12
1224 511 12 10 12
1224 908 10 5 22
1224 356 10 23 12
1224 50 11 9 7
1225 630 10 5 17
1225 798 11 41 22
1225 993 12 11 22
1225 387 10 2 12
1225 548 11 51 17
1225 884 10 31 22
1225 71 10 49 7
1225 545 11 12 17
1227 428 10 3 12
1227 598 10 19 17
1227 157 10 9 7
1227 914 10 35 22
1228 453 11 57 12
1228 832 10 59 22
1228 907 10 58 22
1229 686 11 7 17
1230 741 12 38 22
1230 812 11 55 22
1230 326 10 51 12
1230 741 12 40 17
1231 1013 12 9 27
1231 202 11 20 7
1233 744 12 45 17
1233 214 11 23 7
1234 1202 11 36 27
1234 1187 11 36 27
1235 564 11 41 17
1235 985 12 46 22
1235 46 11 34 7
1235 623 10 4 17
1237 1123 10 47 27
1237 1167 10 39 27
1237 525 12 46 17
1238 320 11 50 12
1238 1132 10 41 27
1238 970 11 29 22
1238 1191 11 13 27
1238 252 12 31 7
1239 1065 11 41 27
1239 594 10 16 17
1240 719 11 42 17
1240 1080 11 42 27
1242 283 11 51 12
1242 857 10 39 22
1242 223 12 42 7
1243 710 11 41 17
1243 862 10 38 22
1243 1008 12 12 27
1243 286 11 36 12
1244 422 11 30 12
1244 426 11 53 12
1244 667 11 38 17
1245 37 11 50 7
1246 514 12 30 17
1246 954 11 53 22
1246 766 12 19 22
1246 1223 12 6 27
1246 619 11 34 17
1246 56 11 5 7
1247 694 11 40 17
1247 560 11 39 17
1247 180 11 45 7
1248 1020 12 19 27
1248 578 11 17 17
1248 794 11 35 22
1249 434 11 1 12
1249 63 11 38 7
1250 563 11 49 17
1250 522 12 24 17
1250 234 12 19 7
1250 516 12 5 17
1250 690 11 6 17
1250 451 11 2 12
