SF7_COMM_RANGE = 30
VERTEX_NUM = 3300
MAP_WIDTH = 1250
MAP_LENGTH = 1250
Total links = 9589
Capital delta = 15
SF1112 % = 27.1212
# of outliers = 0
DATA PERIOD = 60
------------------------------
x  y  SF  phase which_gateway: 
1 960 12 26 18
1 417 11 57 8
1 127 11 42 3
1 540 12 0 13
1 144 11 27 3
2 1146 11 5 23
2 1198 11 16 23
2 165 11 7 3
2 495 12 8 13
2 214 12 31 3
2 204 11 16 3
2 435 11 29 8
2 989 12 29 18
2 369 11 39 8
3 625 11 19 13
3 694 11 52 13
3 483 12 9 8
3 624 11 19 13
3 1050 11 38 23
3 297 11 33 8
4 972 12 6 18
4 702 11 6 13
4 1066 11 24 23
4 946 11 31 18
5 213 11 45 3
6 810 11 41 18
6 852 11 55 18
7 636 10 20 13
7 649 11 48 13
7 407 11 17 8
8 670 11 59 13
8 509 12 6 13
8 966 11 15 18
8 652 11 41 13
8 484 12 6 8
9 753 12 42 13
9 37 11 39 3
9 1060 11 14 23
10 1162 11 41 23
10 1234 12 47 23
11 1055 11 45 23
11 320 11 57 8
12 897 10 9 18
12 1071 11 14 23
12 1250 12 37 23
12 977 12 20 18
13 110 10 7 3
13 1186 11 38 23
14 342 10 39 8
14 575 11 37 13
14 662 10 11 13
14 1138 10 46 23
14 269 12 35 8
15 534 11 27 13
15 751 12 9 13
16 1107 10 20 23
16 532 11 0 13
16 1246 12 56 23
17 805 11 33 18
18 132 10 48 3
18 15 12 14 3
18 815 11 32 18
18 43 11 46 3
18 493 12 21 8
18 87 10 5 3
18 538 11 44 13
19 271 11 55 8
19 276 11 44 8
19 835 10 58 18
19 621 10 37 13
20 922 10 32 18
20 744 12 35 13
20 415 10 34 8
20 324 10 33 8
20 264 12 41 3
21 433 10 3 8
21 474 11 53 8
21 596 10 48 13
21 467 11 41 8
22 331 10 25 8
22 506 12 17 8
23 963 11 44 18
24 177 10 3 3
24 856 10 52 18
25 669 10 11 13
25 419 10 12 8
25 1182 10 5 23
26 587 10 3 13
26 1070 10 0 23
27 892 10 38 18
27 630 10 43 13
27 67 10 6 3
27 261 12 2 3
27 336 10 29 8
28 965 11 19 18
28 671 10 7 13
28 296 11 5 8
29 1140 10 15 23
30 1220 11 52 23
30 1149 10 55 23
30 366 10 44 8
30 328 10 16 8
30 1107 10 30 23
31 339 10 10 8
31 1130 10 49 23
31 350 10 4 8
31 258 12 6 3
31 574 10 34 13
31 653 10 44 13
32 15 11 39 3
33 593 10 59 13
34 74 10 2 3
35 521 11 24 13
35 666 10 54 13
35 1076 10 46 23
35 245 11 27 3
36 1174 10 58 23
36 1091 10 43 23
37 578 10 31 13
38 115 9 59 3
38 424 10 21 8
39 617 9 14 13
39 182 10 57 3
39 471 11 23 8
40 1140 9 36 23
40 84 10 17 3
40 314 10 23 8
41 357 9 33 8
41 60 10 24 3
41 862 9 15 18
42 291 10 29 8
42 886 9 8 18
43 1098 9 23 23
43 915 10 51 18
44 385 9 18 8
44 594 9 12 13
44 620 9 55 13
44 424 10 16 8
45 734 11 38 13
45 124 9 40 3
45 234 11 56 3
45 424 10 30 8
45 984 11 34 18
46 554 10 20 13
46 136 9 24 3
46 197 10 20 3
46 433 10 39 8
47 745 11 23 13
47 396 9 4 8
48 71 10 10 3
48 165 9 22 3
48 727 11 17 13
48 361 9 17 8
48 496 11 11 8
49 129 9 33 3
50 730 11 53 13
50 1201 10 28 23
50 491 11 56 8
51 1080 9 26 23
51 733 11 52 13
51 294 10 3 8
51 118 9 47 3
51 1195 10 52 23
52 789 10 26 18
52 1187 10 31 23
53 1046 10 11 23
53 947 10 30 18
53 990 11 26 18
54 1050 10 27 23
54 1126 9 8 23
54 329 9 58 8
55 345 9 15 8
55 315 10 38 8
55 859 9 32 18
55 344 9 35 8
55 1148 9 3 23
55 867 9 45 18
56 112 9 15 3
56 1085 9 18 23
56 917 9 41 18
56 365 9 17 8
57 1189 10 32 23
57 521 11 58 13
57 209 10 34 3
57 505 11 43 13
57 360 9 31 8
57 204 10 19 3
58 317 9 12 8
58 798 10 19 18
58 52 10 38 3
58 109 9 56 3
59 957 10 22 18
61 1015 11 25 23
61 905 9 49 18
61 190 10 48 3
61 679 9 56 13
62 1061 9 52 23
62 230 11 18 3
63 1155 9 15 23
63 14 11 11 3
63 101 9 19 3
64 811 9 5 18
64 398 9 27 8
64 826 9 57 18
65 1148 9 38 23
65 502 11 54 8
65 217 10 52 3
66 303 10 15 8
66 12 11 9 3
66 272 10 10 8
66 297 10 56 8
67 239 11 19 3
67 1086 9 42 23
68 407 9 54 8
68 996 11 45 18
69 237 11 26 3
69 124 8 18 3
69 945 9 57 18
69 1196 10 38 23
69 639 8 29 13
71 894 8 35 18
71 1105 8 34 23
72 1089 9 52 23
72 423 9 52 8
72 986 11 15 18
73 954 10 32 18
73 381 8 41 8
74 894 8 7 18
74 1206 10 51 23
74 818 9 48 18
75 601 8 19 13
75 681 9 10 13
75 322 9 53 8
75 635 8 46 13
75 857 8 59 18
75 686 9 23 13
76 99 8 32 3
76 455 10 52 8
76 139 8 38 3
77 984 10 34 18
78 411 8 2 8
78 730 10 34 13
78 634 8 53 13
79 341 8 45 8
79 1219 10 21 23
80 445 9 30 8
80 231 10 3 3
81 770 10 39 18
81 654 8 27 13
82 795 10 41 18
83 481 10 8 8
84 399 8 54 8
84 153 8 7 3
84 1104 8 52 23
85 1124 8 39 23
86 906 8 15 18
86 7 11 25 3
86 455 9 12 8
86 806 9 22 18
87 908 8 8 18
88 197 9 0 3
89 1150 8 33 23
89 601 8 10 13
89 942 9 53 18
90 506 11 11 8
90 325 9 9 8
91 746 11 9 13
92 1112 8 44 23
92 715 10 53 13
93 761 10 47 18
93 200 9 18 3
93 1170 8 56 23
93 408 8 22 8
93 1099 8 3 23
94 212 10 33 3
95 515 10 43 13
96 1008 11 33 18
96 972 10 36 18
96 182 9 14 3
96 1106 8 53 23
97 111 8 9 3
97 1164 8 14 23
98 761 10 47 18
98 356 8 8 8
98 552 9 7 13
99 838 8 18 18
99 120 7 23 3
99 414 8 24 8
99 271 10 30 8
99 225 10 38 3
100 156 8 32 3
100 1123 7 30 23
100 861 7 11 18
102 406 8 42 8
103 175 8 16 3
103 1235 10 15 23
103 16 10 43 3
104 1011 10 25 23
105 489 10 59 8
105 627 7 37 13
106 380 7 4 8
107 698 9 9 13
107 901 8 25 18
108 597 8 26 13
108 63 9 12 3
109 170 8 58 3
109 542 9 1 13
109 336 8 45 8
109 86 8 26 3
110 651 8 7 13
110 178 8 38 3
111 1124 7 27 23
111 493 10 14 8
111 97 8 18 3
111 845 8 35 18
111 643 7 21 13
111 622 7 36 13
111 1021 10 51 23
112 767 10 37 18
113 869 7 7 18
113 231 10 21 3
113 996 11 9 18
114 630 7 29 13
114 873 7 32 18
115 194 9 43 3
116 544 9 37 13
116 680 8 39 13
116 203 9 18 3
116 593 8 2 13
117 1250 11 38 23
117 507 10 55 13
117 1016 10 59 23
117 1133 7 39 23
117 56 9 20 3
117 421 8 25 8
118 648 7 51 13
118 1115 7 10 23
118 498 11 19 8
119 301 9 37 8
119 893 7 36 18
119 59 9 26 3
120 583 8 7 13
120 1215 10 3 23
120 1078 8 40 23
122 1176 8 17 23
122 155 8 31 3
122 790 9 53 18
123 756 10 46 18
123 1019 10 22 23
124 1031 10 22 23
124 13 10 53 3
124 185 9 43 3
125 313 9 23 8
125 548 9 14 13
126 1168 8 7 23
127 580 8 6 13
127 978 10 52 18
127 509 10 47 13
127 131 7 25 3
127 1242 10 46 23
128 605 7 17 13
128 257 10 12 8
129 357 7 45 8
130 518 10 57 13
130 1225 10 33 23
131 822 8 3 18
131 799 9 40 18
131 374 7 43 8
132 1218 10 14 23
132 692 9 9 13
132 1064 9 12 23
132 344 8 40 8
132 71 8 17 3
134 815 9 15 18
135 58 9 13 3
136 109 7 26 3
136 665 8 38 13
137 808 9 58 18
137 957 9 12 18
139 125 7 0 3
140 1202 9 13 23
141 397 7 57 8
141 140 7 35 3
142 495 11 36 13
143 454 9 12 8
143 844 8 35 18
144 528 10 43 13
144 840 8 56 18
146 530 10 14 13
146 436 9 0 8
146 955 9 34 18
146 452 9 31 8
146 175 8 4 3
146 1086 8 20 23
147 191 9 20 3
147 600 8 37 13
148 964 10 15 18
148 1184 9 1 23
149 375 7 13 8
150 1064 9 29 23
150 1164 8 2 23
150 942 9 25 18
152 118 7 1 3
152 341 8 19 8
152 13 10 32 3
152 239 10 14 3
152 646 8 38 13
153 144 8 11 3
154 824 8 5 18
154 887 8 50 18
155 743 11 3 13
155 680 9 18 13
155 951 9 40 18
156 110 8 31 3
156 1144 8 54 23
156 231 10 52 3
156 639 8 6 13
156 569 9 29 13
157 1217 10 40 23
157 803 9 20 18
157 403 8 21 8
157 1137 8 14 23
158 1041 10 43 23
158 742 11 26 13
158 170 8 34 3
158 69 9 56 3
159 700 9 55 13
159 795 9 49 18
160 411 8 49 8
160 816 9 0 18
160 782 10 10 18
160 29 10 51 3
160 1231 10 25 23
160 723 10 12 13
161 662 8 3 13
161 855 8 50 18
161 1091 8 18 23
162 966 10 41 18
162 1188 9 53 23
162 139 8 23 3
163 1030 10 23 23
163 640 8 56 13
164 161 8 33 3
164 874 8 3 18
164 1066 9 27 23
164 469 10 20 8
165 201 9 55 3
165 357 8 25 8
167 186 9 41 3
168 880 8 27 18
168 263 10 45 8
168 487 10 55 8
170 340 8 42 8
170 365 8 29 8
170 800 9 13 18
170 1229 10 8 23
171 928 9 25 18
171 719 10 8 13
171 1217 10 50 23
171 823 9 14 18
171 336 9 9 8
172 575 9 0 13
172 443 9 5 8
172 1127 8 26 23
172 131 8 12 3
173 1007 11 8 18
173 195 9 8 3
174 768 10 31 18
174 1155 8 41 23
174 1170 9 1 23
175 539 10 46 13
175 316 9 5 8
175 881 8 50 18
175 993 11 12 18
176 57 9 8 3
176 82 9 9 3
176 651 8 24 13
177 701 10 56 13
177 615 8 35 13
178 406 9 5 8
178 1142 8 23 23
179 357 8 20 8
179 498 11 52 13
179 817 9 57 18
179 614 8 41 13
179 312 9 5 8
180 1037 10 6 23
180 460 10 58 8
181 678 9 6 13
181 1246 11 48 23
181 75 9 4 3
181 251 11 7 3
182 447 10 48 8
182 842 9 10 18
183 1153 9 25 23
183 30 10 53 3
183 44 10 10 3
183 1008 11 34 18
183 1140 8 16 23
183 923 9 44 18
183 288 10 27 8
183 1055 10 2 23
184 178 9 49 3
184 931 9 17 18
184 815 9 6 18
184 96 9 57 3
185 1237 11 27 23
185 542 10 30 13
185 1138 9 53 23
185 522 10 2 13
185 972 10 28 18
187 52 10 9 3
188 184 9 14 3
188 785 10 20 18
189 284 10 6 8
189 799 10 56 18
189 1062 9 18 23
189 1145 9 4 23
190 583 9 54 13
190 937 9 24 18
190 594 9 52 13
191 719 10 59 13
191 759 11 23 13
192 986 11 41 18
192 698 10 1 13
193 7 11 48 3
193 495 11 26 8
193 847 9 3 18
193 544 10 14 13
193 989 11 42 18
193 1218 10 47 23
194 1146 9 42 23
194 910 9 36 18
194 1131 9 28 23
194 1038 10 51 23
194 315 10 43 8
195 917 9 26 18
196 523 11 18 13
196 1185 10 13 23
196 443 10 11 8
196 1242 11 12 23
197 122 9 41 3
197 659 9 12 13
197 707 10 27 13
197 758 11 54 18
197 934 10 19 18
198 148 9 23 3
199 1028 11 12 23
199 833 9 15 18
200 372 9 9 8
201 1052 10 28 23
202 1232 11 8 23
203 609 9 0 13
203 87 9 51 3
203 435 10 41 8
204 25 11 53 3
204 707 10 31 13
205 1065 10 7 23
205 1184 10 57 23
206 785 11 46 18
206 411 9 41 8
206 448 10 36 8
206 922 10 20 18
206 1169 10 17 23
206 843 9 5 18
207 595 9 11 13
207 581 10 0 13
207 1134 9 23 23
207 200 10 30 3
207 991 11 6 18
208 319 10 34 8
208 559 10 42 13
208 1071 10 39 23
209 302 10 39 8
209 875 9 1 18
210 1009 11 33 23
211 352 9 50 8
211 246 11 16 3
211 44 10 45 3
211 726 11 5 13
211 644 9 26 13
211 259 11 5 8
212 842 10 13 18
213 84 10 18 3
213 151 10 56 3
213 339 10 46 8
213 252 12 12 3
214 782 11 20 18
214 1152 10 45 23
214 903 10 1 18
214 811 10 6 18
215 421 10 26 8
215 672 10 37 13
216 956 11 26 18
216 1217 11 44 23
216 594 10 34 13
216 568 10 37 13
216 963 11 36 18
217 1023 11 57 23
217 408 10 59 8
217 499 12 42 8
218 81 10 32 3
218 706 11 34 13
218 1196 10 22 23
218 652 10 3 13
219 140 10 35 3
219 435 10 47 8
219 1205 11 53 23
219 794 11 44 18
220 670 10 33 13
221 669 10 58 13
222 138 10 10 3
222 650 10 30 13
225 1235 11 4 23
225 1144 10 20 23
226 262 12 27 3
227 750 12 50 13
228 648 10 32 13
229 352 10 47 8
229 475 11 36 8
229 304 11 33 8
229 51 11 45 3
229 408 10 54 8
230 834 10 3 18
230 933 10 3 18
230 398 10 30 8
230 521 11 37 13
232 78 10 32 3
232 1162 10 7 23
233 936 11 35 18
234 96 10 32 3
234 1173 10 41 23
234 347 10 59 8
235 530 11 58 13
235 137 10 55 3
235 160 10 2 3
236 1160 10 25 23
236 1220 11 43 23
236 1066 11 47 23
238 210 11 9 3
238 367 10 8 8
238 1054 11 45 23
239 385 10 11 8
239 153 10 38 3
239 199 11 49 3
240 1125 10 32 23
241 560 11 5 13
241 683 11 32 13
241 326 11 56 8
241 295 11 44 8
241 70 11 0 3
242 1051 11 22 23
242 783 11 21 18
242 767 12 54 18
242 258 12 25 8
242 344 11 24 8
242 795 11 25 18
243 769 12 54 18
243 709 11 57 13
244 554 11 32 13
244 210 11 21 3
244 102 11 21 3
245 811 11 5 18
245 525 12 20 13
246 27 12 11 3
246 592 11 1 13
247 357 11 14 8
247 674 11 36 13
248 1148 11 44 23
248 742 12 1 13
248 1009 12 46 23
249 259 12 52 8
249 201 11 39 3
249 1167 11 57 23
250 1041 12 30 23
250 258 12 28 8
250 606 11 29 13
250 307 11 28 8
250 907 11 52 18
251 86 11 26 3
251 674 11 4 13
252 586 11 52 13
252 1076 11 48 23
252 1202 11 26 23
253 170 11 47 3
253 485 12 5 8
254 60 11 42 3
254 210 11 12 4
254 251 12 59 4
254 1186 11 31 23
254 1024 12 36 23
255 97 11 21 3
255 82 11 52 3
256 276 12 41 8
256 149 11 33 3
256 819 11 3 18
256 164 11 34 3
257 1204 11 40 24
258 417 11 40 8
258 199 11 18 4
259 298 11 33 9
260 640 10 18 14
260 712 11 10 14
261 1075 11 12 23
261 800 11 15 19
262 809 11 41 19
262 1111 10 33 24
262 259 12 45 4
262 925 11 1 18
263 300 11 17 9
264 918 10 3 19
265 938 11 5 19
266 513 12 10 9
267 1017 12 43 19
268 740 12 31 19
268 434 11 57 9
268 820 11 48 19
268 1143 10 14 24
268 512 12 1 9
269 1192 11 39 24
269 325 10 37 9
269 976 11 29 19
269 1212 11 52 24
269 43 11 30 4
270 910 10 2 19
270 305 11 18 9
270 1216 11 25 24
270 1132 10 37 24
270 530 11 50 14
270 1002 12 57 19
271 1229 11 55 24
271 109 10 15 4
272 457 11 7 9
272 883 10 58 19
273 482 11 20 9
273 275 11 23 9
273 405 10 31 9
274 677 10 53 14
274 577 10 0 14
275 950 11 32 19
275 904 10 2 19
275 1002 12 55 19
275 288 11 37 9
276 190 10 12 4
276 311 10 38 9
276 546 11 1 14
277 617 10 1 14
277 133 10 18 4
277 239 12 7 4
277 939 10 2 19
278 518 11 49 14
278 28 11 44 4
278 701 11 23 14
279 1036 11 42 24
279 130 10 6 4
280 205 11 26 4
280 882 10 52 19
280 1192 10 24 24
280 1202 11 55 24
280 1122 10 34 24
281 153 10 21 4
281 883 10 42 19
281 604 10 49 14
281 240 11 21 4
282 1162 10 40 24
284 793 11 9 19
284 138 10 44 4
285 995 11 11 19
285 240 11 54 4
285 547 10 44 14
285 1206 11 43 24
285 124 10 57 4
286 74 10 39 4
286 904 10 21 19
286 4 12 9 4
287 778 11 9 19
287 31 11 14 4
287 434 10 11 9
287 280 11 27 9
287 799 10 21 19
288 1033 11 5 24
288 1139 9 16 24
288 559 10 5 14
288 1112 9 21 24
288 375 9 50 9
288 504 11 12 14
289 142 9 47 4
289 795 10 34 19
290 252 11 28 9
290 620 9 34 14
290 846 9 8 19
291 406 9 41 9
291 1059 10 16 24
291 1213 11 58 24
292 784 11 2 19
292 282 11 57 9
292 342 9 7 9
293 171 10 46 4
293 527 11 0 14
294 641 9 2 14
294 211 10 22 4
294 128 9 44 4
294 912 9 59 19
295 1042 10 53 24
295 456 10 57 9
295 814 10 0 19
295 527 11 2 14
296 369 9 11 9
296 671 10 11 14
296 488 11 21 9
297 836 9 24 19
297 96 9 9 4
297 185 10 30 4
297 1112 9 29 24
298 287 10 30 9
298 914 9 12 19
298 376 9 33 9
300 890 9 9 19
300 200 10 47 4
301 1218 10 1 24
302 277 11 43 9
302 1203 10 47 24
303 807 10 43 19
303 344 9 51 9
303 36 10 37 4
304 495 11 45 9
306 516 11 40 14
306 399 9 45 9
307 961 10 24 19
308 1245 11 41 24
308 677 9 39 14
308 9 11 46 4
309 3 11 25 4
310 572 9 30 14
310 1208 10 32 24
310 776 10 14 19
310 202 10 30 4
311 550 10 26 14
311 1006 11 17 19
312 186 9 34 4
312 611 9 48 14
312 999 11 41 19
312 183 9 35 4
313 155 9 10 4
314 344 9 2 9
314 848 9 5 19
314 453 10 22 9
315 1155 9 36 24
315 1235 11 6 24
315 1034 10 1 24
315 1239 11 29 24
315 643 9 41 14
315 29 10 41 4
316 970 10 4 19
316 963 10 32 19
317 528 10 18 14
317 239 11 42 9
317 287 10 13 9
318 1182 9 55 24
319 452 10 6 9
319 433 9 46 9
320 666 9 34 14
320 590 9 44 14
320 1170 9 11 24
320 892 8 56 19
321 758 11 16 19
321 547 10 17 14
323 114 8 19 4
323 899 8 43 19
324 426 9 34 9
325 343 8 45 9
325 548 10 23 14
325 256 11 7 4
325 881 8 20 19
325 1079 9 33 24
325 980 10 9 19
325 495 11 17 9
326 1029 10 47 24
327 377 8 37 9
327 1013 11 23 19
328 653 8 41 14
328 573 9 7 14
329 954 10 4 19
329 1154 8 22 24
331 462 10 11 9
331 822 9 28 19
331 1048 9 32 24
331 1062 9 53 24
331 68 9 33 4
333 706 10 28 14
333 527 10 51 14
334 1165 8 19 24
334 567 9 54 14
334 140 8 36 4
334 840 8 22 19
334 1064 9 43 24
334 720 10 52 14
335 944 9 39 19
335 1232 10 2 24
335 1186 9 27 24
336 1059 9 5 24
336 1179 9 47 24
337 113 8 50 4
337 1241 11 12 24
337 221 10 59 4
338 38 10 15 4
339 334 8 14 9
339 157 8 16 4
340 368 8 55 9
340 1244 11 51 24
342 49 9 31 4
343 1242 11 36 24
343 220 10 58 4
344 376 8 35 9
344 1118 8 50 24
344 1171 8 2 24
344 1090 8 55 24
344 426 8 14 9
345 958 9 47 19
345 1055 9 29 24
346 1183 9 42 24
346 478 10 39 9
346 706 9 40 14
347 532 10 29 14
347 1243 11 15 24
347 1249 11 3 24
349 463 10 12 9
349 638 7 59 14
349 181 9 34 4
349 995 11 14 19
350 267 10 27 9
350 45 9 32 4
350 1107 8 53 24
351 1179 8 9 24
351 657 8 44 14
351 961 9 52 19
352 1061 9 17 24
353 352 8 58 9
353 653 8 0 14
353 958 9 12 19
353 489 10 42 9
354 1178 8 31 24
356 693 9 40 14
356 794 9 40 19
356 159 8 58 4
357 983 10 30 19
358 727 10 34 14
358 1185 9 53 24
358 1237 10 44 24
358 959 9 22 19
358 217 10 14 4
358 716 10 19 14
358 672 8 53 14
358 217 10 55 4
359 1064 9 40 24
359 500 11 0 9
359 516 10 50 14
359 1154 8 52 24
360 539 9 59 14
360 1121 7 24 24
360 379 7 58 9
361 970 10 18 19
361 1127 7 56 24
361 579 8 43 14
362 198 9 20 4
362 177 8 33 4
363 931 8 27 19
363 360 7 37 9
363 715 10 23 14
363 77 8 27 4
364 204 9 49 4
365 981 10 5 19
365 1090 8 58 24
365 27 10 29 4
365 1248 11 38 24
366 250 11 56 4
366 330 8 51 9
367 73 8 12 4
367 450 9 41 9
367 988 10 27 19
367 520 10 26 14
368 192 9 56 4
368 793 9 38 19
369 1233 10 19 24
369 815 9 51 19
369 611 7 18 14
369 264 10 11 9
369 588 8 33 14
370 539 9 10 14
370 775 10 11 19
370 580 8 57 14
371 271 10 0 9
371 726 10 21 14
372 72 8 46 4
372 861 7 43 19
372 729 10 41 14
373 531 10 19 14
373 402 7 10 9
374 851 7 18 19
374 696 9 34 14
375 934 8 37 19
375 92 8 59 4
376 588 8 32 14
376 810 9 27 19
376 621 7 28 14
377 189 9 10 4
378 340 8 23 9
378 355 7 11 9
378 264 10 14 9
378 947 9 57 19
380 253 11 39 4
380 65 9 33 4
380 11 10 53 4
382 349 7 17 9
382 412 8 44 9
382 1006 10 36 24
382 699 9 28 14
382 932 8 56 19
383 10 10 9 4
383 124 7 38 4
384 601 7 59 14
384 1029 10 58 24
385 248 11 31 4
385 1041 9 20 24
386 479 10 44 9
388 1096 8 14 24
389 13 10 54 4
389 783 10 55 19
389 152 8 17 4
389 910 8 12 19
389 788 9 30 19
389 1157 8 54 24
389 233 10 4 4
390 599 8 2 14
390 411 8 14 9
391 830 8 24 19
391 491 10 4 9
392 345 8 29 9
393 936 9 36 19
394 958 9 10 19
394 1192 9 26 24
394 732 10 7 14
394 251 11 43 4
395 864 7 19 19
395 346 8 24 9
395 518 10 20 14
395 192 9 47 4
396 579 8 52 14
396 777 10 16 19
396 67 9 56 4
396 298 9 23 9
396 315 9 15 9
397 878 7 55 19
397 428 8 54 9
397 787 10 27 19
398 41 9 31 4
399 113 7 0 4
400 511 10 21 14
400 205 9 27 4
401 933 9 17 19
401 6 11 26 4
402 277 10 49 9
402 366 7 4 9
402 1086 8 30 24
402 599 8 51 14
403 503 11 18 9
403 606 8 54 14
403 103 8 47 4
404 219 10 47 4
404 476 10 22 9
404 1243 11 57 24
404 1155 8 14 24
404 71 9 29 4
405 279 10 33 9
406 1036 10 25 24
406 711 10 46 14
407 1153 8 53 24
407 222 10 13 4
407 270 10 30 9
409 210 10 1 4
409 99 8 1 4
410 722 10 53 14
411 228 10 8 4
411 1113 8 48 24
411 186 9 39 4
411 1005 11 35 19
411 950 9 20 19
412 927 9 40 19
412 512 10 49 14
414 177 9 39 4
414 184 9 49 4
415 70 9 15 4
415 107 8 28 4
416 997 11 53 24
416 875 8 37 19
416 1088 8 19 24
416 924 9 11 19
417 685 9 23 14
417 1162 8 58 24
417 224 10 51 4
418 106 8 46 4
418 250 11 55 4
418 465 10 5 9
419 569 9 15 14
419 803 9 28 19
419 954 10 30 19
420 93 8 53 4
420 12 11 13 4
420 1014 10 35 24
420 836 8 24 19
420 1172 9 14 24
421 786 10 37 19
422 175 9 9 4
422 945 9 22 19
423 1144 8 17 24
423 765 11 49 19
423 97 8 50 4
423 238 11 37 4
423 468 10 21 9
423 784 10 39 19
424 1069 9 16 24
424 1157 8 10 24
424 813 9 54 19
424 824 9 44 19
425 444 9 56 9
425 743 11 31 14
426 278 10 55 9
426 1042 10 59 24
427 431 9 54 9
427 954 10 53 19
427 23 10 50 4
427 1162 9 32 24
428 942 9 41 19
428 923 9 47 19
429 426 9 40 9
429 1242 11 1 24
429 1063 9 18 24
430 66 9 33 4
430 69 9 15 4
430 147 8 45 4
431 866 8 57 19
432 979 10 21 19
432 661 9 14 14
432 33 10 7 4
432 760 11 36 14
433 492 11 32 9
434 674 9 48 14
434 963 10 26 19
435 576 9 9 14
435 441 9 1 9
436 1115 9 5 24
437 576 9 18 14
437 519 11 3 14
437 1192 10 51 24
438 1066 9 54 24
438 742 11 59 14
438 926 9 14 19
438 409 9 50 9
438 992 11 59 19
438 287 10 0 9
438 434 9 35 9
439 706 10 41 14
439 803 10 33 19
439 47 10 16 4
440 838 9 29 19
440 170 9 13 4
441 358 9 18 9
441 701 10 39 14
441 294 10 38 9
442 713 10 25 14
443 822 9 24 19
443 82 9 28 4
444 924 9 46 19
444 602 9 39 14
444 586 9 27 14
444 422 9 22 9
444 631 9 11 14
445 790 10 15 19
445 760 11 48 19
445 843 9 12 19
446 163 9 8 4
446 1096 9 45 24
446 1062 10 22 24
447 357 9 11 9
447 54 10 36 4
448 34 10 17 4
449 91 9 11 4
449 428 10 50 9
450 494 11 7 9
451 638 9 2 14
451 174 10 51 4
451 428 10 42 9
451 799 10 35 19
451 140 9 16 4
451 923 9 51 19
451 106 9 4 4
452 709 10 21 14
452 55 10 9 4
452 497 11 43 9
453 730 11 59 14
453 7 11 26 4
453 2 11 0 4
453 709 10 27 14
454 262 11 12 9
454 784 11 31 19
455 85 9 54 4
455 895 9 27 19
455 1131 9 34 24
455 923 10 1 19
456 294 10 7 9
456 451 10 46 9
456 550 10 9 14
456 627 9 53 14
456 286 11 9 9
456 853 9 21 19
457 436 10 21 9
457 994 11 18 19
458 1132 9 24 24
459 119 9 4 4
461 716 11 25 14
462 201 10 18 4
462 953 10 55 19
463 973 11 59 19
463 211 11 53 4
463 881 9 3 19
463 700 10 42 14
464 616 9 58 14
464 99 10 24 4
465 1241 11 43 24
465 690 10 33 14
466 569 10 23 14
466 22 11 9 4
466 589 10 25 14
466 249 12 43 4
467 695 10 14 14
467 2 12 56 4
468 969 11 37 19
468 843 10 41 19
469 165 10 30 4
469 555 10 39 14
469 129 10 40 4
470 541 11 9 14
470 431 10 40 9
470 95 10 25 4
470 125 10 10 4
470 248 12 1 4
470 413 10 47 9
472 866 10 28 19
472 666 10 17 14
472 477 11 51 9
472 628 10 45 14
472 768 11 35 19
473 1210 11 38 24
473 1244 12 44 24
473 743 12 21 14
474 802 11 33 19
474 1023 11 19 24
474 1127 10 11 24
475 713 11 57 14
475 748 12 2 14
475 807 11 36 19
475 240 12 12 4
475 524 11 12 14
475 1106 10 2 24
475 1200 11 55 24
476 1159 10 26 24
477 600 10 58 14
477 574 10 33 14
478 245 12 59 4
478 989 12 29 24
478 1129 10 4 24
478 785 11 39 19
479 1145 10 38 24
479 394 10 36 9
479 65 11 5 4
479 225 11 48 4
480 281 11 30 9
480 255 12 44 9
480 122 10 8 4
480 193 11 47 4
481 386 10 27 9
481 242 12 53 9
482 622 10 15 14
482 474 11 5 9
482 1003 12 37 19
482 15 12 28 4
483 642 10 38 14
483 131 10 48 4
483 800 11 39 19
485 981 12 27 19
486 886 10 51 19
486 179 11 15 4
486 1144 10 39 24
486 41 11 3 4
486 264 12 17 4
488 1173 11 35 24
488 1113 10 21 24
488 228 12 16 4
488 842 10 0 19
489 1153 10 20 24
489 933 11 37 19
489 332 11 56 9
489 459 11 51 9
489 960 11 7 19
490 798 11 32 19
491 1036 11 48 24
491 460 11 55 9
491 125 10 2 4
492 995 12 32 19
492 400 10 3 9
492 524 12 50 14
492 84 11 59 4
493 1059 11 48 24
493 442 11 57 9
493 1159 11 56 24
493 433 11 17 9
494 1200 11 25 24
494 491 12 26 9
496 319 11 6 9
496 801 11 56 19
496 438 11 53 9
496 856 11 57 19
496 174 11 11 4
498 970 12 33 19
498 815 11 0 19
499 667 11 21 14
500 570 11 0 14
500 458 12 13 9
500 476 12 37 9
500 416 11 0 9
501 530 12 25 14
501 851 11 6 19
501 492 12 48 10
501 306 11 16 9
502 15 12 13 4
502 871 11 20 19
503 494 12 5 15
503 162 11 0 4
504 547 11 23 15
504 506 12 29 10
504 746 12 55 20
505 1118 11 5 24
505 294 11 29 10
505 675 11 43 14
506 396 11 54 9
506 1045 11 17 25
506 785 11 0 20
506 1077 11 19 25
507 1057 11 44 24
507 302 11 6 10
510 278 12 15 9
511 905 10 37 20
511 1169 11 3 24
511 322 11 18 9
512 620 10 2 15
512 618 10 55 15
513 865 10 39 20
513 384 10 54 10
514 974 11 8 20
514 90 10 8 5
514 651 10 54 15
515 437 11 25 10
515 364 10 14 10
515 217 11 34 5
516 1222 11 42 25
516 589 10 19 15
516 660 10 55 15
517 978 11 39 20
517 869 10 19 20
517 624 10 18 15
518 708 11 8 15
518 617 10 14 15
519 1180 10 15 25
519 119 10 29 5
519 1014 12 49 20
519 191 11 9 5
519 45 11 47 5
520 112 10 50 5
520 188 11 20 5
521 62 11 31 5
521 539 11 56 15
521 190 11 27 5
521 91 10 0 5
521 869 10 52 20
521 902 10 45 20
522 404 10 55 10
522 508 12 39 15
522 567 10 25 15
522 1169 10 49 25
522 128 10 40 5
523 234 11 25 5
523 94 10 36 5
523 172 10 5 5
523 630 10 32 15
523 369 10 10 10
523 1072 10 39 25
524 122 10 51 5
524 915 10 57 20
525 638 10 18 15
525 324 10 11 10
526 80 10 7 5
527 218 11 19 5
527 739 12 17 15
527 965 11 22 20
527 693 10 40 15
527 857 10 7 20
528 559 10 23 15
528 229 11 19 5
529 629 10 49 15
529 375 10 43 10
529 521 11 42 15
529 747 12 37 15
529 857 10 10 20
530 611 10 43 15
530 602 10 29 15
530 984 11 56 20
530 295 11 30 10
530 565 10 1 15
531 533 11 13 15
531 1073 10 19 25
532 940 10 41 20
533 592 10 30 15
533 594 10 47 15
533 1094 10 46 25
533 354 10 2 10
534 156 10 50 5
534 85 10 26 5
535 855 10 54 20
535 1199 10 47 25
536 881 9 36 20
537 816 10 57 20
539 390 9 55 10
539 37 11 47 5
540 1159 10 6 25
540 902 9 17 20
540 448 10 28 10
541 212 11 5 5
541 1010 11 41 25
541 920 10 39 20
542 803 10 54 20
542 704 10 16 15
543 1242 11 22 25
543 666 10 32 15
543 471 11 27 10
543 447 10 5 10
543 37 11 53 5
543 342 9 15 10
545 1191 10 27 25
546 1124 9 54 25
546 710 10 20 15
546 672 10 38 15
546 845 9 27 20
546 1035 10 50 25
548 575 10 26 15
548 785 10 14 20
548 1188 10 45 25
548 481 11 16 10
548 217 10 32 5
549 407 9 39 10
549 603 9 55 15
549 514 11 0 15
549 101 9 28 5
550 798 10 50 20
550 314 10 48 10
550 990 11 34 20
550 1027 11 8 25
550 904 9 8 20
550 113 9 40 5
551 795 10 41 20
551 1 11 47 5
551 86 9 34 5
551 957 10 49 20
552 606 9 9 15
552 757 11 58 20
553 225 11 8 5
553 886 9 6 20
554 694 10 44 15
554 1061 10 23 25
555 1152 9 25 25
555 85 9 30 5
555 583 9 35 15
555 873 9 4 20
555 742 11 58 15
556 1227 11 18 25
556 205 10 22 5
556 480 11 4 10
556 242 11 3 5
556 117 9 30 5
556 357 9 36 10
557 826 9 42 20
559 793 10 25 20
559 1115 9 28 25
559 378 9 10 10
560 432 9 16 10
560 1044 10 8 25
560 122 9 44 5
561 316 9 16 10
561 256 11 8 5
562 114 9 16 5
562 632 9 49 15
562 384 9 56 10
562 1082 9 51 25
562 1228 11 38 25
562 606 9 57 15
562 639 9 41 15
563 929 9 47 20
563 1112 9 56 25
563 692 10 25 15
564 538 10 2 15
564 174 9 21 5
564 815 9 56 20
565 612 9 38 15
565 120 9 17 5
566 90 9 54 5
566 1209 10 56 25
566 162 9 39 5
566 997 11 50 20
567 743 11 51 20
568 432 9 9 10
568 1173 9 18 25
568 180 9 33 5
569 92 9 35 5
570 64 9 46 5
570 449 10 35 10
570 137 8 43 5
570 346 9 55 10
570 755 11 11 15
571 460 10 59 10
571 943 9 3 20
571 920 9 28 20
571 1036 10 40 25
571 1028 10 51 25
572 161 9 11 5
572 798 10 18 20
573 1114 8 41 25
573 202 10 52 5
573 1215 10 57 25
574 836 9 29 20
574 401 8 18 10
574 701 10 0 15
575 688 9 42 15
575 301 9 6 10
575 297 10 30 10
575 300 10 0 10
575 759 11 52 15
575 220 10 18 5
576 230 10 31 5
576 393 8 42 10
577 1242 11 9 25
577 12 11 41 5
578 1138 8 0 25
578 218 10 34 5
579 1102 8 8 25
580 415 9 38 10
580 1057 9 1 25
581 783 10 51 20
581 99 8 25 5
582 128 8 4 5
582 1032 10 42 25
582 247 11 29 5
583 809 9 32 20
583 356 8 22 10
584 573 9 12 15
584 545 9 35 15
585 461 10 32 10
585 1036 10 53 25
585 1246 11 28 25
585 90 8 30 5
586 220 10 22 5
587 822 9 38 20
587 460 10 30 10
588 325 9 57 10
588 225 10 44 5
588 454 9 52 10
588 562 9 57 15
588 553 9 28 15
588 798 9 10 20
589 738 10 28 15
589 909 8 10 20
590 1027 10 11 25
590 690 9 1 15
590 1227 10 2 25
590 928 9 45 20
591 455 9 9 10
591 1036 10 40 25
592 1141 8 38 25
592 1227 10 52 25
592 540 10 58 15
592 1005 11 42 20
592 995 11 34 20
592 1184 9 27 25
592 344 8 7 10
593 429 9 48 10
593 948 9 31 20
593 648 8 42 15
593 1140 8 21 25
594 303 9 25 10
594 76 8 2 5
594 1081 8 51 25
595 1123 8 39 25
595 61 9 40 5
596 1217 10 13 25
596 346 8 36 10
596 809 9 16 20
596 857 8 5 20
597 439 9 25 10
598 1238 10 44 25
599 142 8 7 5
599 396 8 54 10
600 333 8 46 10
600 573 8 18 15
600 1084 8 55 25
600 46 9 40 5
601 299 9 55 10
601 25 10 57 5
601 1092 8 13 25
601 922 8 33 20
601 357 7 49 10
601 311 9 11 10
601 149 8 15 5
601 145 8 16 5
602 233 10 30 5
602 831 8 22 20
603 45 9 4 5
604 874 7 1 20
604 868 7 57 20
604 944 9 25 20
604 616 7 18 15
604 894 7 59 20
605 854 7 8 20
605 327 8 58 10
605 1110 7 32 25
605 940 9 21 20
605 522 10 26 15
605 1156 8 48 25
605 110 7 18 5
605 682 9 52 15
606 493 10 25 10
606 381 7 25 10
606 567 9 38 15
606 1140 7 3 25
606 972 10 35 20
607 833 8 25 20
607 512 10 36 15
607 476 10 22 10
607 772 10 22 20
607 787 9 49 20
608 297 9 55 10
608 222 10 4 5
608 652 8 52 15
609 740 10 3 15
609 753 11 20 15
609 1094 8 22 25
610 3 11 17 5
610 702 9 16 15
611 1023 10 23 25
611 859 7 14 20
612 911 8 42 20
612 833 8 42 20
613 1211 9 6 25
613 105 7 42 5
613 719 10 32 15
613 848 7 38 20
614 417 8 56 10
614 65 9 50 5
615 839 8 18 20
615 1197 9 14 25
615 872 7 42 20
615 1124 7 35 25
616 959 9 32 20
616 336 8 12 10
616 1087 8 39 25
617 928 8 7 20
617 414 8 38 10
618 353 7 15 10
618 1029 10 30 25
618 741 10 0 15
619 577 8 56 15
619 1182 8 17 25
620 209 9 56 5
621 818 8 48 20
621 257 10 12 10
621 213 9 16 5
621 563 9 10 15
622 242 10 30 5
622 1122 7 33 25
622 139 7 25 5
623 236 10 36 5
623 609 7 7 15
623 652 7 59 15
623 562 9 42 15
623 882 7 41 20
623 199 9 31 5
624 1064 9 12 25
624 316 8 37 10
624 110 7 22 5
624 255 11 31 5
624 651 7 52 15
625 619 7 56 15
626 1114 7 6 25
626 1047 9 16 25
626 391 7 9 10
626 284 10 37 10
626 582 8 15 15
627 1239 10 39 25
627 298 9 44 10
627 672 8 37 15
627 739 10 31 15
628 1037 9 40 25
628 33 10 55 5
628 1021 10 28 25
628 758 10 20 20
629 223 10 7 5
629 107 7 36 5
629 186 9 22 5
629 708 9 29 15
629 1057 9 1 25
630 524 10 48 15
632 488 10 58 10
632 790 9 8 20
632 776 10 39 20
633 751 11 40 15
633 177 8 42 5
634 727 10 11 15
634 959 9 45 20
634 118 7 19 5
634 776 10 25 20
634 705 9 16 15
634 859 7 3 20
635 387 7 13 10
635 859 7 14 20
636 922 8 19 20
636 1235 10 14 25
637 763 10 52 20
637 392 7 27 10
638 527 10 53 15
639 66 9 28 5
639 125 7 4 5
640 667 8 25 15
640 970 10 1 20
640 462 9 51 10
640 830 8 45 20
641 1070 8 21 25
642 470 10 51 10
642 909 8 21 20
642 741 10 44 15
642 518 10 20 15
643 82 8 23 5
643 1012 10 24 25
644 343 8 18 10
644 320 8 23 10
644 200 9 3 5
645 397 7 51 10
647 747 11 5 15
647 401 8 6 10
648 166 8 36 5
648 52 9 17 5
648 992 10 23 20
648 1245 11 44 25
649 1026 10 20 25
649 222 10 37 5
649 202 9 50 5
649 54 9 32 5
650 95 8 51 5
650 372 7 34 10
650 935 9 59 20
650 488 10 37 10
653 1012 10 3 25
653 506 11 55 10
654 169 8 54 5
655 1136 8 4 25
655 18 10 47 5
656 1202 9 39 25
656 1095 8 25 25
656 148 8 38 5
658 10 10 0 5
658 672 8 1 15
658 1 11 58 5
660 397 8 15 10
660 643 8 17 15
660 32 10 9 5
662 555 9 39 15
662 1011 10 21 25
662 707 9 52 15
662 909 8 36 20
664 1053 9 19 25
666 541 10 28 15
667 792 10 53 20
668 713 10 43 15
668 1124 8 4 25
668 562 9 6 15
668 134 8 20 5
668 99 8 54 5
669 1226 10 38 25
670 213 10 3 5
670 1075 9 29 25
671 59 9 29 5
671 1192 9 40 25
671 1110 8 24 25
672 1227 10 24 25
672 617 8 34 15
673 776 10 28 20
673 1113 8 11 25
673 39 10 5 5
673 79 9 45 5
674 64 9 41 5
675 1230 10 6 25
675 557 9 47 15
676 1140 8 40 25
676 632 8 21 15
677 1113 8 4 25
678 851 8 41 20
679 825 9 52 20
679 282 10 17 10
679 907 9 33 20
679 599 8 29 15
681 84 9 37 5
681 306 9 53 10
681 394 8 22 10
682 540 10 20 15
682 1180 9 57 25
682 443 9 28 10
682 705 10 32 15
682 444 9 43 10
682 53 10 58 5
683 1111 8 35 25
683 377 8 4 10
684 35 10 27 5
684 340 9 8 10
684 61 9 28 5
684 709 10 44 15
685 561 9 34 15
685 1091 9 56 25
685 287 10 47 10
685 1171 9 40 25
686 896 9 42 20
686 820 9 29 20
686 924 9 38 20
686 26 10 21 5
687 1031 10 9 25
687 210 10 51 5
687 270 11 17 10
687 1199 10 42 25
687 692 10 44 15
687 618 9 27 15
688 12 11 15 5
688 752 11 13 15
689 94 9 4 5
689 899 9 8 20
689 429 9 35 10
689 383 9 16 10
690 145 9 57 5
690 378 9 56 10
690 956 10 40 20
691 69 9 32 5
691 709 10 54 15
692 682 9 7 15
692 423 9 37 10
692 1057 10 14 25
693 81 9 15 5
695 373 9 57 10
695 92 9 58 5
696 18 11 42 5
696 446 10 54 10
696 770 11 45 20
697 151 9 22 5
697 171 9 28 5
697 40 10 14 5
698 845 9 0 20
698 213 10 41 5
698 372 9 15 10
698 815 10 51 20
698 688 10 58 15
699 1108 9 57 25
700 1243 11 27 25
700 400 9 17 10
701 707 10 4 15
701 326 10 40 10
702 912 9 13 20
702 65 10 4 5
702 636 9 8 15
703 198 10 29 5
703 896 9 53 20
703 1064 10 56 25
703 695 10 9 15
703 1220 11 26 25
705 506 11 50 15
705 822 10 9 20
706 867 9 55 20
706 1012 11 56 25
707 1159 9 24 25
709 1212 11 52 25
709 1175 10 54 25
709 71 10 6 5
710 251 12 38 5
711 3 11 32 5
711 261 11 20 10
711 963 11 58 20
711 614 9 38 15
712 441 10 20 10
712 447 10 39 10
713 830 10 46 20
713 573 10 4 15
713 451 10 30 10
713 1016 11 35 25
714 473 11 31 10
714 510 11 47 15
715 1101 10 40 25
716 806 10 4 20
716 853 10 1 20
716 275 11 36 10
717 248 12 12 5
717 1033 11 22 25
717 13 11 30 5
717 66 10 8 5
718 326 10 24 10
718 948 10 48 20
718 469 11 50 10
719 647 10 33 15
719 662 10 35 15
719 441 10 47 10
719 184 10 49 5
719 1249 12 19 25
720 733 11 33 15
720 980 11 48 20
720 371 10 58 10
721 649 10 57 15
721 383 10 8 10
721 820 10 48 20
721 625 10 36 15
721 618 10 21 15
721 421 10 20 10
721 515 11 14 15
722 488 11 17 10
722 40 11 50 5
722 725 11 49 15
723 593 10 48 15
723 1168 10 29 25
724 886 10 21 20
724 61 10 44 5
724 441 10 22 10
724 1018 11 58 25
725 24 11 48 5
726 289 11 37 10
726 951 11 20 20
727 450 11 48 10
727 64 10 1 5
728 567 10 8 15
728 246 12 39 5
728 149 10 26 5
728 386 10 35 10
729 575 10 18 15
730 632 10 15 15
730 514 12 54 10
730 27 11 43 5
731 1069 10 3 25
731 680 10 44 15
731 549 11 33 15
731 610 10 4 15
732 778 11 33 20
732 408 10 1 10
732 718 11 25 15
733 293 11 53 10
733 711 11 15 15
733 115 10 42 5
734 971 11 35 20
734 1175 10 4 25
734 842 10 22 20
734 84 10 56 5
735 848 10 18 20
735 810 11 7 20
735 643 10 19 15
735 443 11 16 10
735 747 12 55 15
735 959 11 56 20
736 23 12 36 5
736 715 11 44 15
736 255 12 49 5
737 1073 11 36 25
737 19 12 15 5
737 719 11 7 15
737 1116 10 3 25
738 379 10 25 10
739 190 11 22 5
739 397 10 57 10
739 755 12 0 15
739 810 11 18 20
740 680 11 42 15
741 318 11 33 10
741 776 12 22 20
741 353 10 7 10
741 1035 11 26 25
742 444 11 47 10
742 473 12 52 10
742 547 11 41 15
742 1124 10 21 25
742 352 10 27 10
743 426 11 38 10
743 128 10 43 5
745 1008 12 23 20
745 102 11 56 5
746 991 12 50 20
746 877 11 34 20
746 477 12 4 10
746 1207 11 38 25
746 1066 11 22 25
748 617 11 32 15
748 685 11 14 15
749 596 11 11 15
750 458 12 0 10
752 765 12 29 20
752 774 12 18 20
752 541 11 3 16
752 464 12 46 10
753 1150 11 33 25
753 684 11 0 15
754 865 11 46 20
754 997 12 43 20
754 899 11 34 21
754 292 11 12 11
755 1231 12 5 25
755 1101 11 33 25
755 1195 11 30 25
755 1224 12 44 26
756 391 11 25 10
756 883 10 12 21
756 277 12 5 10
757 544 11 52 16
757 661 11 42 15
758 856 10 48 21
758 738 12 8 15
758 97 11 30 5
758 243 12 31 11
759 726 12 42 15
759 44 11 26 6
759 715 11 1 16
759 659 11 5 15
759 937 11 58 20
760 196 11 15 6
760 801 11 8 21
760 642 10 50 16
761 1104 10 44 26
762 819 11 19 20
762 516 12 53 15
763 825 11 22 20
763 1125 10 52 26
763 1078 11 45 25
763 181 11 0 5
763 363 10 27 11
764 965 11 12 21
764 212 11 4 6
765 627 10 32 16
765 1181 11 45 26
765 920 10 35 21
766 895 10 8 21
766 937 11 3 21
767 383 10 39 11
767 568 11 5 16
767 462 11 47 11
767 552 11 21 16
768 155 10 45 6
768 454 11 55 11
769 871 10 43 21
770 1057 11 16 26
770 1154 10 30 26
771 534 11 9 16
772 269 11 17 11
772 244 12 27 6
773 527 11 59 16
774 665 10 32 16
774 245 12 27 6
774 1091 10 49 26
774 1179 10 8 26
775 741 12 46 16
775 314 10 34 11
776 1074 10 22 26
776 159 10 30 6
777 465 11 11 11
777 1243 12 23 26
777 1030 11 57 26
777 441 10 23 11
777 819 10 19 21
777 102 10 21 6
778 902 10 1 21
778 365 10 54 11
778 713 11 29 16
779 81 10 4 6
779 649 10 33 16
779 184 10 34 6
780 675 10 51 16
781 774 11 46 21
781 46 11 20 6
781 938 10 47 21
781 1150 10 29 26
781 625 10 28 16
782 1003 12 9 26
782 56 10 30 6
782 135 10 38 6
784 542 11 36 16
784 701 10 21 16
785 413 10 2 11
785 1196 10 55 26
786 358 10 2 11
786 1005 11 3 26
788 969 11 42 21
789 18 11 28 6
789 635 9 25 16
789 1118 9 4 26
790 1197 10 40 26
791 333 10 40 11
791 722 11 54 16
792 46 10 3 6
792 1236 11 0 26
793 317 10 15 11
793 740 11 56 16
793 955 10 54 21
794 179 10 37 6
794 709 10 0 16
794 1081 10 20 26
795 444 10 3 11
796 945 10 52 21
796 169 10 6 6
796 80 10 15 6
796 89 9 31 6
796 882 9 28 21
797 1013 11 36 26
797 573 10 40 16
797 713 10 50 16
797 557 10 14 16
797 347 9 8 11
798 465 10 4 11
798 951 10 8 21
798 1197 10 3 26
798 1218 11 58 26
798 586 9 11 16
798 992 11 37 21
798 555 10 27 16
798 1055 10 29 26
799 830 9 42 21
799 878 9 7 21
799 874 9 9 21
799 443 10 36 11
799 1033 10 2 26
799 527 11 1 16
799 404 9 51 11
800 106 9 59 6
800 402 9 48 11
800 996 11 20 26
801 412 9 59 11
801 1141 9 8 26
802 712 10 24 16
803 393 9 43 11
803 99 9 6 6
803 868 9 31 21
803 1029 10 14 26
804 108 9 26 6
804 395 9 7 11
804 852 9 46 21
805 57 10 9 6
806 466 10 21 11
806 674 9 54 16
806 786 10 13 21
807 539 10 30 16
807 689 10 50 16
809 417 9 11 11
809 936 9 33 21
809 913 9 27 21
810 387 9 38 11
810 389 9 2 11
810 590 9 9 16
811 1162 9 37 26
812 154 9 4 6
812 727 10 45 16
812 218 10 32 6
812 25 10 5 6
812 313 9 29 11
813 395 9 31 11
813 790 10 45 21
813 423 9 41 11
813 112 9 22 6
813 799 10 53 21
813 71 9 5 6
813 398 9 58 11
814 733 11 52 16
814 1234 11 29 26
814 285 10 12 11
814 79 9 18 6
814 147 9 36 6
815 146 9 59 6
816 540 10 19 16
817 677 9 50 16
817 550 10 45 16
818 666 9 32 16
819 569 9 12 16
819 528 10 35 16
820 1046 10 36 26
821 42 10 45 6
821 452 10 3 11
821 856 8 6 21
821 386 8 40 11
821 538 10 4 16
821 189 9 44 6
822 497 11 44 11
822 1229 10 50 26
822 647 8 8 16
823 1060 9 41 26
824 1023 10 11 26
825 771 10 39 21
825 764 11 27 16
826 878 8 52 21
826 708 10 53 16
826 1208 10 12 26
827 350 8 50 11
828 148 8 51 6
828 779 10 4 21
829 291 10 19 11
832 465 10 56 11
834 402 8 15 11
834 375 8 55 11
834 512 11 55 11
835 204 9 34 6
835 722 10 37 16
837 1094 8 32 26
837 502 11 59 11
837 116 8 49 6
837 424 9 0 11
838 906 8 27 21
838 869 8 35 21
838 721 10 3 16
838 199 9 33 6
838 94 8 15 6
838 200 9 7 6
839 478 10 9 11
839 411 8 51 11
840 74 9 49 6
840 1083 8 17 26
840 403 8 24 11
841 45 9 52 6
842 385 8 48 11
842 941 9 43 21
842 166 8 45 6
844 725 10 42 16
844 520 10 56 16
845 693 9 27 16
845 604 8 25 16
846 708 9 52 16
847 378 7 38 11
847 91 8 21 6
847 1175 8 59 26
847 482 10 25 11
848 896 8 8 21
849 731 10 34 16
849 436 9 3 11
850 979 10 41 21
850 182 9 25 6
851 876 7 52 21
851 72 8 41 6
851 206 9 52 6
851 217 10 27 6
851 90 8 36 6
851 1195 9 17 26
852 403 8 34 11
852 235 10 35 6
852 291 9 27 11
852 1041 9 17 26
853 832 8 25 21
853 29 10 36 6
855 590 8 42 16
855 365 7 17 11
856 590 8 25 16
856 389 7 25 11
857 684 9 54 16
857 616 7 59 16
857 378 7 13 11
858 747 11 21 16
858 553 9 24 16
858 935 9 6 21
859 937 9 51 21
860 910 8 46 21
860 446 9 5 11
861 318 8 17 11
861 879 7 46 21
862 776 10 31 21
863 10 10 20 6
863 735 10 27 16
863 434 9 48 11
863 1052 9 12 26
863 1047 9 0 26
863 576 8 40 16
864 130 7 32 6
864 788 9 36 21
865 207 9 50 6
866 243 10 58 6
866 654 8 12 16
866 288 9 17 11
867 1032 10 16 26
869 1060 9 29 26
869 294 9 45 11
870 1034 10 50 26
870 913 8 38 21
871 601 7 10 16
871 852 7 7 21
872 854 7 33 21
873 975 10 9 21
873 487 10 13 11
873 1092 8 46 26
873 1042 9 26 26
873 55 9 11 6
873 812 9 38 21
874 448 9 12 11
875 1031 10 16 26
875 1014 10 55 26
875 55 9 58 6
875 785 9 40 21
876 626 7 15 16
876 64 9 18 6
876 1186 9 28 26
876 844 8 19 21
876 968 10 10 21
877 184 8 1 6
877 384 7 51 11
877 679 8 39 16
877 433 8 51 11
878 935 9 42 21
878 1065 9 43 26
878 584 8 0 16
878 935 9 58 21
878 195 9 12 6
878 1122 7 45 26
878 1120 7 40 26
878 419 8 50 11
878 397 7 56 11
879 159 8 39 6
879 1229 10 15 26
879 849 7 57 21
880 773 10 44 21
880 342 8 54 11
881 514 10 15 16
882 1176 8 55 26
882 50 9 32 6
882 286 9 27 11
883 126 7 4 6
883 377 7 19 11
884 637 7 18 16
884 5 11 44 6
884 777 10 26 21
884 1097 7 28 26
884 1049 9 4 26
884 445 9 45 11
885 578 8 38 16
885 1248 11 5 26
885 789 9 29 21
885 644 7 9 16
887 527 10 48 16
887 711 9 11 16
887 369 7 52 11
887 586 8 48 16
889 497 11 1 11
889 25 10 4 6
890 36 10 26 6
890 1111 7 33 26
891 852 7 47 21
891 461 9 14 11
891 257 10 4 11
891 653 8 54 16
892 465 10 3 11
893 470 10 49 11
893 17 10 48 6
893 705 9 19 16
893 1182 8 44 26
893 389 7 12 11
894 434 9 38 11
895 1034 10 48 26
896 329 8 23 11
896 217 10 48 6
897 958 9 24 21
897 1186 9 41 26
897 953 9 16 21
897 625 7 29 16
898 121 7 27 6
898 1235 10 47 26
898 1199 9 26 26
898 150 8 48 6
899 280 10 56 11
900 528 10 7 16
900 413 8 51 11
900 876 7 49 21
900 1007 11 47 21
901 1157 8 44 26
901 359 8 45 11
901 974 10 13 21
902 877 7 17 21
902 1223 10 24 26
902 995 11 27 21
902 1163 8 13 26
902 409 8 11 11
902 600 8 31 16
902 349 8 2 11
902 811 9 59 21
903 738 10 50 16
903 290 9 39 11
904 472 10 4 11
904 555 9 20 16
905 831 8 19 21
905 336 8 27 11
906 775 10 9 21
907 1168 8 44 26
907 475 10 9 11
907 341 8 25 11
908 154 8 5 6
909 704 9 28 16
909 1122 8 4 26
909 1007 11 23 21
909 1069 9 8 26
909 937 9 53 21
910 1021 10 30 26
910 1086 8 51 26
910 160 8 34 6
911 823 9 10 21
911 103 8 35 6
911 747 11 19 16
912 253 11 23 6
913 863 8 52 21
913 695 9 36 16
913 610 8 43 16
913 758 11 5 16
914 705 9 47 16
915 1205 9 6 26
915 402 8 0 11
915 994 11 38 21
915 910 8 48 21
916 1109 8 39 26
916 1224 10 42 26
916 943 9 8 21
917 803 9 58 21
917 1140 8 2 26
917 559 9 17 16
918 661 8 34 16
919 370 8 3 11
919 412 8 35 11
919 1164 8 39 26
919 1108 8 23 26
920 303 9 39 11
921 1195 9 55 26
921 1040 10 23 26
921 900 8 32 21
922 462 10 17 11
922 492 11 14 11
922 417 9 6 11
922 1130 8 27 26
923 916 9 49 21
923 1215 10 18 26
923 1067 9 51 26
923 811 9 33 21
923 382 8 46 11
924 757 11 26 16
924 735 11 30 16
925 1030 10 33 26
926 156 8 32 6
926 525 10 30 16
926 1012 11 3 21
927 185 9 20 6
927 645 8 9 16
928 1092 9 46 26
928 781 10 20 21
928 306 9 0 11
929 969 10 40 21
929 924 9 38 21
929 363 8 34 11
930 1203 10 35 26
930 1096 9 13 26
931 193 9 6 6
931 1013 11 50 26
931 129 8 52 6
931 784 10 1 21
932 276 10 13 11
932 211 10 17 6
933 957 10 18 21
934 618 8 27 16
934 866 8 15 21
935 866 9 46 21
936 593 9 8 16
936 1221 10 33 26
937 1187 9 29 26
937 976 10 41 21
937 562 9 19 16
938 1171 9 47 26
938 621 9 11 16
939 135 9 44 6
939 193 10 19 6
939 1095 9 42 26
939 249 11 48 6
940 365 9 31 11
941 447 10 43 11
941 80 9 26 6
941 1033 10 51 26
942 589 9 35 16
943 37 10 58 6
943 745 11 29 16
944 858 9 10 21
944 837 9 33 21
945 891 9 34 21
945 789 10 8 21
945 383 9 23 11
946 1211 10 27 26
946 824 9 9 21
946 662 9 36 16
946 6 11 36 6
946 878 9 19 21
947 661 9 55 16
947 643 9 51 16
947 329 9 57 11
948 967 10 3 21
948 29 11 25 6
948 847 9 18 21
949 442 10 36 11
949 594 9 36 16
949 107 9 5 6
950 700 10 47 16
951 81 9 13 6
951 1031 11 16 26
952 1015 11 21 26
952 31 11 53 6
953 86 9 47 6
953 821 10 57 21
954 244 11 19 6
954 537 10 31 16
954 682 10 32 16
954 1057 10 17 26
957 338 9 0 11
957 1088 9 34 26
957 85 10 42 6
957 989 11 35 21
958 21 11 42 6
959 966 11 57 21
959 455 10 54 11
960 395 9 43 11
961 102 9 33 6
961 1176 10 30 26
962 929 10 3 21
963 107 9 20 6
963 799 10 21 21
964 580 10 52 16
964 1040 11 15 26
964 1016 11 38 26
965 548 10 11 16
965 63 10 51 6
965 1248 12 15 26
965 1054 10 8 26
965 514 11 30 16
965 151 10 20 6
965 714 11 25 16
966 649 10 44 16
966 795 11 13 21
966 248 12 4 11
966 1039 11 41 26
967 1053 10 32 26
967 849 10 35 21
967 81 10 5 6
967 380 10 41 11
968 1213 11 36 26
969 1216 11 40 26
969 78 10 15 6
969 520 11 3 16
970 1049 11 22 26
970 445 10 12 11
971 465 11 57 11
972 539 11 58 16
972 1227 11 37 26
973 347 10 19 11
973 356 10 1 11
973 765 11 57 21
974 814 10 40 21
974 235 11 45 6
974 721 11 4 16
975 701 11 11 16
975 296 11 48 11
975 78 10 55 6
975 1014 11 18 26
975 516 11 57 16
975 463 11 17 11
976 586 10 38 16
976 618 10 22 16
977 250 12 1 11
977 405 10 51 11
977 123 10 26 6
977 506 12 34 16
977 289 11 15 11
978 129 10 2 6
978 951 11 40 21
978 1228 11 48 26
979 364 10 30 11
979 663 10 12 16
980 679 10 3 16
981 753 12 25 16
981 765 12 34 16
981 955 11 15 21
981 781 11 14 21
981 906 10 24 21
982 91 10 52 6
982 245 12 33 6
984 1106 10 25 26
984 1016 12 41 21
984 766 12 5 16
984 1219 11 3 26
985 765 12 45 16
985 798 11 16 21
985 1206 11 51 26
985 96 10 32 6
985 344 10 34 11
985 525 11 48 16
985 222 11 49 6
985 330 10 4 11
986 705 11 2 16
986 410 10 51 11
986 589 10 55 16
986 913 10 21 21
987 555 11 17 16
987 928 11 2 21
987 714 11 15 16
987 1158 10 57 26
987 592 10 50 16
988 374 10 37 11
988 828 11 9 21
988 556 11 53 16
989 625 10 2 16
990 415 11 36 11
991 584 11 0 16
991 1039 11 16 26
992 1165 11 0 26
992 77 11 44 6
992 1123 10 49 26
993 1240 12 18 26
993 214 11 25 6
993 1116 10 46 26
993 579 11 13 16
994 90 11 10 6
994 85 11 55 6
995 377 11 4 11
995 486 12 34 11
996 582 11 21 16
996 298 11 45 11
996 434 11 24 11
996 159 11 26 6
997 939 11 39 22
997 340 11 7 11
997 743 12 13 16
998 336 11 0 11
998 552 11 24 16
998 1121 11 16 27
999 523 12 7 16
1000 1134 11 14 26
1000 955 11 58 21
1000 37 12 44 6
1000 1204 11 15 26
1000 625 11 44 16
1001 1177 11 46 26
1001 31 12 43 6
1001 1213 12 44 26
1002 597 11 2 16
1002 606 11 36 16
1003 1189 11 29 26
1003 1198 11 43 26
1003 11 12 46 6
1003 939 11 46 21
1003 841 11 22 21
1004 113 11 59 6
1004 227 12 49 6
1005 824 11 17 21
1006 650 11 55 16
1006 1004 12 23 26
1006 466 11 38 12
1006 637 10 40 17
1007 840 11 47 21
1007 599 11 56 16
1007 475 12 20 11
1007 828 11 46 21
1007 505 12 10 12
1008 1104 10 12 27
1009 177 11 3 7
1010 274 12 18 11
1011 183 11 20 6
1011 1159 10 17 27
1011 398 10 16 12
1012 1201 11 4 27
1013 461 11 24 12
1014 1080 10 0 27
1014 46 11 43 7
1014 775 11 8 22
1014 883 10 37 22
1015 1206 11 37 27
1016 329 10 44 12
1016 797 11 58 22
1016 156 10 21 7
1017 877 10 22 22
1017 997 12 44 27
1017 109 10 43 7
1017 662 10 21 17
1018 533 11 25 17
1018 349 10 52 12
1019 168 10 16 7
1019 822 10 49 22
1020 753 12 30 17
1020 908 10 49 22
1021 972 11 28 22
1022 429 10 27 12
1022 636 10 9 17
1023 8 12 7 7
1023 746 12 29 17
1024 1203 11 13 27
1024 245 12 10 7
1025 549 11 47 17
1025 171 10 33 7
1026 545 11 19 17
1026 1027 11 3 27
1026 962 11 30 22
1026 885 10 43 22
1027 739 12 56 22
1027 1113 10 13 27
1028 830 10 43 22
1028 19 11 25 7
1028 615 10 50 17
1028 346 10 27 12
1028 818 10 23 22
1028 13 11 3 7
1028 264 11 49 12
1029 624 10 59 17
1029 171 10 38 7
1030 347 10 2 12
1030 93 10 25 7
1030 1161 10 30 27
1031 820 10 11 22
1032 284 11 6 12
1032 525 11 53 17
1032 1069 10 0 27
1032 419 10 26 12
1032 480 11 20 12
1033 423 10 1 12
1033 643 10 33 17
1033 200 10 49 7
1033 331 10 14 12
1033 1236 11 43 27
1034 645 10 28 17
1034 282 11 40 12
1035 1006 11 2 27
1035 1096 10 23 27
1036 587 10 10 17
1036 1113 9 38 27
1036 35 11 19 7
1036 1111 10 15 27
1038 45 10 21 7
1038 960 11 36 22
1038 424 10 57 12
1038 520 11 41 17
1038 80 10 59 7
1038 66 10 53 7
1040 755 11 22 22
1040 1082 10 51 27
1040 955 10 31 22
1040 427 10 25 12
1042 949 10 16 22
1042 475 11 54 12
1042 1048 10 36 27
1043 134 9 14 7
1043 985 11 47 22
1044 476 11 28 12
1044 238 11 40 7
1045 547 10 59 17
1046 975 11 29 22
1046 275 11 14 12
1046 37 10 48 7
1046 297 10 43 12
1046 1151 9 49 27
1046 1167 9 16 27
1046 638 9 23 17
1048 1093 9 44 27
1048 274 11 39 12
1048 69 10 25 7
1049 37 10 22 7
1049 963 10 51 22
1049 1030 11 32 27
1051 1180 10 43 27
1052 207 10 27 7
1052 765 11 22 22
1052 1121 9 24 27
1053 1228 11 19 27
1053 344 9 15 12
1054 1011 11 47 27
1054 270 11 10 12
1054 49 10 38 7
1054 607 9 4 17
1055 482 11 18 12
1055 947 10 32 22
1055 1094 9 32 27
1055 339 9 32 12
1056 750 11 11 17
1056 142 9 0 7
1056 35 10 12 7
1056 524 11 10 17
1056 339 9 29 12
1057 1027 10 26 27
1058 661 9 58 17
1058 949 10 4 22
1058 164 9 8 7
1058 197 10 6 7
1059 649 9 28 17
1059 724 10 52 17
1059 1239 11 38 27
1060 100 9 45 7
1060 695 10 14 17
1060 899 9 29 22
1061 862 9 18 22
1062 206 10 49 7
1062 379 9 48 12
1063 174 9 32 7
1064 823 9 14 22
1064 926 9 7 22
1064 959 10 47 22
1064 788 10 53 22
1065 526 10 9 17
1065 227 10 25 7
1065 329 9 49 12
1067 180 9 27 7
1068 215 10 50 7
1068 316 9 21 12
1069 270 10 59 12
1069 218 10 1 7
1070 620 8 13 17
1070 1217 10 12 27
1070 949 10 12 22
1070 759 11 42 17
1072 901 8 30 22
1072 168 9 2 7
1072 901 8 38 22
1073 690 9 38 17
1073 1158 9 9 27
1073 239 11 58 7
1074 982 10 22 22
1074 146 8 39 7
1074 872 8 44 22
1074 486 11 36 12
1075 590 9 0 17
1075 854 8 54 22
1075 1196 9 26 27
1075 283 10 48 12
1076 1206 10 26 27
1076 944 9 32 22
1076 234 10 48 7
1077 1059 9 5 27
1078 192 9 17 7
1078 560 9 57 17
1078 82 9 22 7
1079 1180 9 6 27
1079 285 10 25 12
1080 432 9 12 12
1080 264 10 19 12
1080 818 9 16 22
1080 784 10 6 22
1080 413 8 32 12
1080 583 9 20 17
1080 659 8 18 17
1081 17 10 6 7
1081 615 8 43 17
1081 678 9 12 17
1081 798 9 44 22
1082 243 11 21 7
1083 108 8 13 7
1083 610 8 43 17
1083 912 8 44 22
1084 259 11 52 7
1085 750 11 19 17
1085 792 10 12 22
1086 1019 10 52 27
1086 3 11 5 7
1086 334 8 38 12
1086 245 11 41 7
1086 367 8 23 12
1087 1045 9 2 27
1087 1238 10 21 27
1087 313 9 28 12
1087 311 9 19 12
1087 189 9 18 7
1088 607 8 50 17
1088 349 8 25 12
1088 33 10 35 7
1088 1169 8 55 27
1089 380 8 36 12
1089 821 9 52 22
1089 442 9 1 12
1089 856 8 8 22
1090 1168 8 12 27
1091 696 9 11 17
1091 626 8 6 17
1091 1234 10 55 27
1092 682 9 23 17
1092 165 8 43 7
1093 433 9 9 12
1093 790 10 37 22
1093 551 9 18 17
1093 898 8 45 22
1094 850 8 29 22
1094 125 8 37 7
1094 408 8 49 12
1095 943 9 14 22
1095 668 8 34 17
1096 944 9 28 22
1096 300 9 47 12
1096 1211 10 57 27
1096 906 8 22 22
1096 280 10 8 12
1098 1021 10 25 27
1098 1172 8 42 27
1098 1183 9 26 27
1100 1100 8 7 27
1100 566 9 7 17
1100 81 8 54 7
1100 501 11 2 12
1100 781 10 36 22
1101 586 8 38 17
1101 630 7 3 17
1101 683 9 44 17
1102 696 9 50 17
1102 659 8 6 17
1102 94 8 43 7
1103 287 10 38 12
1104 898 8 30 22
1104 695 9 26 17
1104 1246 11 39 27
1105 903 8 7 22
1105 191 9 36 7
1106 685 9 16 17
1107 198 9 28 7
1108 129 7 13 7
1108 49 9 5 7
1108 188 9 34 7
1110 435 9 39 12
1110 52 9 25 7
1110 733 10 21 17
1110 1162 8 36 27
1111 1088 8 48 27
1112 1025 10 29 27
1112 154 8 53 7
1112 208 9 30 7
1113 911 8 48 22
1113 416 8 52 12
1113 20 10 29 7
1113 1067 8 34 27
1114 442 9 55 12
1115 581 8 5 17
1115 227 10 12 7
1115 468 10 50 12
1116 1138 7 42 27
1116 290 9 54 12
1117 472 10 57 12
1118 892 7 25 22
1118 348 7 32 12
1119 1081 8 19 27
1119 540 9 43 17
1120 621 7 3 17
1120 1046 9 18 27
1121 1046 9 19 27
1121 273 10 19 12
1121 318 8 38 12
1121 1059 9 24 27
1122 918 8 17 22
1122 1011 10 13 27
1123 375 7 3 12
1123 480 10 42 12
1123 986 10 34 22
1124 1172 8 31 27
1124 428 8 30 12
1124 68 8 56 7
1124 10 10 16 7
1124 453 9 52 12
1125 742 10 36 17
1126 756 10 8 22
1127 178 8 22 7
1127 15 10 10 7
1127 135 7 55 7
1128 658 8 19 17
1128 185 9 22 7
1128 1012 10 38 27
1128 203 9 1 7
1129 158 8 16 7
1129 204 9 27 7
1129 75 8 18 7
1129 788 9 41 22
1130 316 8 46 12
1130 798 9 53 22
1130 922 8 44 22
1131 580 8 56 17
1131 402 7 12 12
1131 231 10 56 7
1131 60 9 34 7
1131 141 7 28 7
1133 841 8 13 22
1133 914 8 47 22
1134 1050 9 23 27
1135 1002 11 55 27
1136 836 8 14 22
1136 914 8 54 22
1136 686 9 18 17
1137 115 7 10 7
1137 633 7 2 17
1137 1106 7 10 27
1138 151 7 46 7
1138 1184 9 11 27
1138 898 7 24 22
1140 658 8 48 17
1140 428 8 58 12
1140 439 9 44 12
1140 1128 7 10 27
1140 1210 9 36 27
1141 624 7 37 17
1142 574 8 26 17
1142 313 9 55 12
1142 227 10 48 7
1143 289 9 59 12
1144 551 9 41 17
1144 775 10 41 22
1144 1030 10 44 27
1145 541 9 37 17
1145 337 8 46 12
1146 906 8 32 22
1146 69 8 4 7
1146 464 10 14 12
1146 112 7 45 7
1146 582 8 51 17
1147 282 10 30 12
1147 691 9 32 17
1147 823 8 57 22
1147 372 7 16 12
1147 1069 9 50 27
1148 584 8 7 17
1148 309 9 19 12
1149 623 7 53 17
1149 78 8 45 7
1149 349 8 22 12
1149 1001 11 9 22
1150 136 7 25 7
1150 291 9 20 12
1150 409 8 45 12
1150 1144 8 35 27
1151 473 10 49 12
1152 318 9 23 12
1152 973 10 54 22
1153 343 8 44 12
1154 311 9 3 12
1154 1045 9 53 27
1154 1202 9 18 27
1154 1085 8 44 27
1155 964 10 29 22
1155 298 9 47 12
1155 989 10 22 22
1156 136 8 1 7
1157 121 8 51 7
1157 568 9 37 17
1157 1197 9 38 27
1157 601 8 43 17
1158 710 10 59 17
1158 1154 8 11 27
1158 37 10 40 7
1158 682 9 15 17
1159 1063 9 53 27
1159 257 11 40 7
1159 705 9 34 17
1160 1208 10 38 27
1160 568 9 17 17
1160 953 9 56 22
1161 662 8 48 17
1162 827 9 43 22
1162 141 8 9 7
1163 602 8 33 17
1163 1172 9 10 27
1163 655 8 58 17
1164 339 8 48 12
1165 757 11 4 17
1165 1164 8 42 27
1165 702 9 51 17
1165 1209 10 50 27
1166 679 9 52 17
1167 834 8 28 22
1167 877 8 11 22
1167 70 9 40 7
1168 524 10 50 17
1168 299 9 13 12
1169 297 9 31 12
1169 711 10 19 17
1169 317 9 51 12
1170 352 8 6 12
1170 427 9 18 12
1171 788 10 54 22
1171 1110 8 47 27
1172 525 10 34 17
1172 913 9 48 22
1173 673 9 19 17
1173 758 11 0 17
1174 1110 8 26 27
1175 232 10 28 7
1175 408 8 57 12
1175 770 10 6 22
1175 1078 9 11 27
1175 378 8 58 12
1176 1217 10 40 27
1176 478 10 22 12
1176 801 9 56 22
1177 734 11 20 17
1177 37 10 18 7
1177 582 9 30 17
1178 634 8 4 17
1178 304 9 0 12
1179 399 8 23 12
1179 628 8 32 17
1179 1243 11 12 27
1179 875 8 3 22
1179 89 9 14 7
1179 58 9 25 7
1179 1200 10 26 27
1180 51 10 26 7
1180 938 9 8 22
1181 720 10 33 17
1182 220 10 36 7
1182 917 9 55 22
1182 402 9 12 12
1182 558 9 2 17
1183 515 11 43 17
1183 338 9 31 12
1183 156 9 3 7
1184 589 9 1 17
1184 235 11 51 7
1186 110 9 52 7
1186 446 10 8 12
1186 750 11 3 17
1187 1198 10 50 27
1188 209 10 40 7
1188 984 11 17 22
1189 31 10 46 7
1189 166 9 0 7
1189 286 10 27 12
1189 540 10 8 17
1190 512 11 56 17
1190 89 9 28 7
1190 236 11 23 7
1191 608 9 20 17
1191 485 11 40 12
1192 1201 10 18 27
1192 386 9 35 12
1192 832 9 57 22
1194 1054 10 45 27
1194 1242 11 53 27
1194 434 10 57 12
1195 417 9 18 12
1195 430 9 29 12
1195 1128 9 52 27
1196 608 9 22 17
1196 216 10 32 7
1196 894 9 27 22
1196 323 9 53 12
1196 849 9 35 22
1197 470 10 21 12
1197 1017 11 36 27
1198 604 9 27 17
1198 204 10 21 7
1199 5 11 39 7
1199 652 9 9 17
1200 215 10 1 7
1200 863 9 48 22
1201 122 9 55 7
1201 382 9 53 12
1201 1237 11 8 27
1201 351 9 55 12
1202 845 9 50 22
1203 317 10 28 12
1203 525 11 19 17
1204 449 10 10 12
1205 709 10 0 17
1205 256 11 37 12
1205 399 9 37 12
1205 1010 11 49 27
1205 276 11 22 12
1206 942 10 30 22
1206 1245 11 46 27
1206 735 11 32 17
1206 965 11 0 22
1206 323 10 31 12
1207 1218 11 54 27
1207 668 10 24 17
1207 1096 9 50 27
1207 944 10 39 22
1208 14 11 59 7
1208 666 10 11 17
1208 852 9 16 22
1208 1008 11 18 27
1208 868 9 32 22
1208 1203 10 47 27
1211 966 11 27 22
1211 1064 10 25 27
1211 1044 10 28 27
1211 1193 10 14 27
1211 1217 11 19 27
1212 53 10 36 7
1212 877 9 9 22
1212 259 11 1 12
1213 578 10 56 17
1213 1014 11 20 27
1213 558 10 11 17
1213 780 11 56 22
1213 359 9 58 12
1214 1070 10 41 27
1214 605 10 45 17
1214 866 9 12 22
1214 741 11 11 17
1215 682 10 23 17
1215 873 10 37 22
1215 451 10 3 12
1217 386 10 54 12
1217 1054 10 31 27
1218 495 12 27 12
1218 910 10 37 22
1220 444 10 3 12
1220 487 11 18 12
1220 1154 10 48 27
1221 613 10 19 17
1222 1128 10 28 27
1222 1151 10 21 27
1222 1164 10 58 27
1222 1184 10 55 27
1223 988 11 46 22
1223 364 10 26 12
1225 763 12 1 17
1226 772 11 57 22
1226 518 11 54 17
1226 402 10 3 12
1226 242 12 58 12
1226 230 11 50 7
1227 1078 10 23 27
1228 480 11 2 12
1228 1175 10 38 27
1228 40 11 13 7
1229 968 11 43 22
1229 1181 10 15 27
1230 924 10 26 22
1231 272 11 46 12
1231 1171 10 39 27
1231 494 12 3 12
1232 630 10 50 17
1232 721 11 25 17
1232 500 12 26 12
1232 56 11 9 7
1234 1233 12 2 27
1234 574 11 29 17
1234 1053 11 20 27
1234 702 11 51 17
1235 876 10 40 22
1235 1217 11 48 27
1235 632 10 4 17
1235 929 11 39 22
1236 751 12 36 17
1236 256 12 42 12
1237 28 11 5 7
1238 49 11 37 7
1238 275 12 40 12
1238 161 10 52 7
1238 142 10 32 7
1238 1209 11 30 27
1238 510 12 42 12
1238 1114 10 56 27
1239 820 11 32 22
1239 28 11 13 7
1240 157 10 1 7
1240 873 10 7 22
1240 291 11 28 12
1240 674 11 19 17
1240 481 12 54 12
1241 184 11 7 7
1241 1140 10 22 27
1241 1003 12 36 22
1242 268 12 25 12
1243 549 11 41 17
1244 1235 12 37 27
1244 440 11 27 12
1245 1196 11 10 27
1245 747 12 57 17
1245 188 11 10 7
1245 16 12 43 7
1245 830 11 46 22
1246 727 12 14 17
1246 850 11 22 22
1246 819 11 22 22
1247 373 11 49 12
1247 167 11 19 7
1248 671 11 51 17
1248 347 11 21 12
1249 1092 11 11 27
1249 1162 11 24 27
1249 913 11 51 22
1249 1023 12 46 27
1249 481 12 12 12
1250 983 12 16 22
1250 1055 11 59 27
