SF7_COMM_RANGE = 30
VERTEX_NUM = 3200
MAP_WIDTH = 1250
MAP_LENGTH = 1250
Total links = 9066
Capital delta = 15
SF1112 % = 27.4688
# of outliers = 0
DATA PERIOD = 60
------------------------------
x  y  SF  phase which_gateway: 
1 812 11 5 18
1 503 12 35 8
1 142 11 26 3
1 802 11 49 18
2 254 12 42 8
2 934 11 12 18
2 405 11 15 8
3 403 11 13 8
3 52 11 40 3
4 967 12 5 18
4 134 11 22 3
5 829 11 1 18
5 281 12 5 8
5 718 12 57 13
5 368 11 1 8
6 822 11 24 18
6 115 10 12 3
6 583 11 8 13
7 806 11 41 18
7 971 12 28 18
7 888 10 6 18
8 797 11 22 18
8 1246 12 29 23
9 836 11 31 18
9 1190 11 18 23
9 936 11 2 18
9 508 12 48 8
10 1073 11 32 23
10 642 10 58 13
10 157 10 7 3
10 1138 10 10 23
10 689 11 3 13
10 510 12 34 13
10 382 10 28 8
10 1209 11 45 23
11 942 11 16 18
11 418 11 33 8
12 934 11 0 18
14 114 10 21 3
14 68 11 13 3
14 160 10 5 3
15 285 11 44 8
15 1005 12 6 23
15 1229 12 2 23
16 34 11 41 3
16 197 11 8 3
16 88 10 26 3
17 29 11 45 3
17 573 10 16 13
17 950 11 0 18
18 664 10 13 13
19 947 11 14 18
20 985 12 22 18
20 995 12 35 18
20 847 10 46 18
21 1034 11 40 23
21 604 10 29 13
21 567 10 26 13
21 64 11 4 3
22 1184 10 27 23
22 171 10 25 3
22 874 10 7 18
23 208 11 23 3
23 644 10 59 13
24 603 10 35 13
24 672 10 8 13
24 951 11 7 18
24 338 10 0 8
25 765 11 0 18
25 1220 11 28 23
25 1136 10 6 23
25 35 11 58 3
26 678 10 4 13
26 856 10 12 18
26 1232 11 0 23
28 833 10 37 18
28 633 10 20 13
28 819 10 27 18
28 922 10 14 18
29 623 10 37 13
30 920 10 19 18
30 743 12 20 13
30 1142 10 43 23
31 965 11 41 18
32 695 10 55 13
32 1084 10 29 23
33 280 11 13 8
33 274 11 24 8
34 321 10 47 8
34 160 10 17 3
34 259 11 51 8
35 872 10 12 18
36 897 10 16 18
36 1018 11 14 23
36 856 10 11 18
36 1129 9 44 23
37 841 10 14 18
37 562 10 10 13
37 423 10 44 8
38 81 10 15 3
38 1010 11 31 23
39 1093 10 50 23
39 344 10 13 8
39 971 11 35 18
40 971 11 3 18
40 948 10 13 18
41 395 9 5 8
41 889 9 23 18
41 812 10 32 18
42 612 9 19 13
42 648 9 52 13
43 147 9 51 3
43 953 10 39 18
44 274 11 36 8
45 729 11 24 13
45 1000 11 34 18
45 36 10 57 3
45 901 9 37 18
46 581 10 58 13
47 220 11 45 3
47 520 11 47 13
47 286 10 42 8
48 273 11 57 8
48 76 10 55 3
48 608 9 48 13
48 924 10 1 18
48 435 10 39 8
49 97 9 3 3
49 63 10 11 3
50 296 10 24 8
50 463 10 18 8
51 104 9 42 3
51 793 10 14 18
52 410 9 23 8
52 90 9 10 3
53 687 10 9 13
53 842 9 36 18
55 860 9 15 18
55 263 11 33 8
56 718 10 1 13
56 812 10 34 18
57 341 9 17 8
57 620 9 44 13
57 770 11 6 18
58 628 9 53 13
58 60 10 9 3
58 378 9 40 8
59 109 9 43 3
61 249 11 38 3
62 146 9 31 3
62 1198 10 28 23
63 504 11 17 8
64 1057 10 13 23
64 269 11 17 8
65 1095 9 13 23
65 416 9 1 8
65 207 10 10 3
65 253 11 52 3
65 36 10 56 3
66 1026 10 22 23
66 464 10 16 8
66 653 9 14 13
66 844 9 56 18
67 632 8 23 13
67 807 9 29 18
67 292 10 58 8
67 41 10 32 3
68 349 9 6 8
68 522 10 5 13
69 298 10 57 8
69 217 10 59 3
70 304 9 40 8
70 866 8 15 18
71 835 9 43 18
71 4 11 38 3
71 933 9 0 18
72 962 10 52 18
72 1160 9 18 23
73 90 9 43 3
73 668 9 23 13
74 1188 9 49 23
74 3 11 3 3
75 660 9 40 13
75 1010 11 54 18
75 659 9 21 13
75 755 11 53 13
75 730 10 48 13
75 953 10 31 18
76 1214 10 38 23
76 55 9 44 3
77 734 10 45 13
77 949 9 46 18
77 715 10 51 13
77 868 8 34 18
77 1181 9 9 23
78 999 11 20 23
78 19 10 32 3
79 1047 10 34 23
79 710 10 18 13
80 609 8 38 13
81 603 8 31 13
81 910 8 9 18
81 833 9 10 18
83 1015 10 38 23
83 119 8 53 3
84 570 9 48 13
84 864 8 39 18
84 1198 9 37 23
84 853 8 58 18
85 127 8 14 3
85 482 10 0 8
86 780 10 40 18
87 213 10 18 3
87 220 10 33 3
87 833 8 26 18
88 795 9 31 18
89 350 8 26 8
89 745 11 14 13
90 887 8 2 18
90 734 10 4 13
90 497 11 51 8
91 543 9 40 13
91 825 9 51 18
91 1141 8 34 23
91 924 8 6 18
92 1055 9 52 23
92 994 11 54 18
93 290 10 38 8
93 736 10 18 13
93 483 10 5 8
93 219 10 8 3
94 114 8 50 3
94 291 9 14 8
96 949 9 10 18
96 91 8 20 3
97 978 10 59 18
97 824 8 50 18
97 499 11 51 8
98 695 9 37 13
98 357 8 41 8
98 686 9 6 13
99 310 9 29 8
99 685 9 13 13
100 953 9 24 18
100 98 8 54 3
100 1153 8 39 23
100 691 9 55 13
100 90 8 21 3
101 855 8 54 18
101 80 8 49 3
101 674 8 17 13
101 1149 8 37 23
101 405 8 21 8
102 883 7 0 18
102 121 7 11 3
102 929 8 27 18
102 105 8 45 3
104 938 9 57 18
104 515 10 58 13
104 1060 9 3 23
105 125 7 2 3
105 100 8 58 3
106 544 9 45 13
106 385 7 9 8
107 130 7 1 3
107 78 8 6 3
108 266 10 8 8
108 14 10 43 3
108 1032 10 57 23
108 488 10 37 8
109 169 8 24 3
109 1177 8 55 23
110 483 10 59 8
110 1053 9 37 23
111 60 9 19 3
111 715 10 53 13
112 1090 8 17 23
113 793 9 6 18
113 1079 8 6 23
114 503 11 3 8
114 1015 10 48 23
114 823 8 24 18
114 938 9 32 18
114 677 8 1 13
115 277 10 16 8
115 18 10 43 3
115 203 9 29 3
116 236 10 53 3
117 459 9 40 8
118 160 8 19 3
118 70 8 57 3
119 293 9 43 8
119 364 7 17 8
119 884 7 34 18
120 268 10 44 8
121 973 10 18 18
121 17 10 40 3
121 1148 7 52 23
121 973 10 2 18
122 877 7 30 18
122 765 10 30 18
123 576 8 18 13
123 87 8 25 3
123 219 10 29 3
123 503 11 48 8
123 391 7 37 8
123 451 9 22 8
123 456 9 5 8
123 441 9 43 8
124 243 10 29 3
124 370 7 0 8
125 368 7 23 8
125 161 8 45 3
125 1230 10 32 23
126 496 11 25 8
126 1132 7 53 23
127 599 7 7 13
127 862 7 46 18
128 904 7 47 18
128 768 10 47 18
129 271 10 5 8
129 999 11 36 18
129 817 8 22 18
129 990 10 22 18
130 1095 8 10 23
131 1014 10 6 23
131 1216 10 33 23
132 1095 8 43 23
133 859 7 51 18
133 1212 9 27 23
133 596 8 13 13
133 958 9 21 18
133 672 8 37 13
134 532 10 38 13
134 683 8 42 13
134 804 9 25 18
135 295 9 7 8
135 1204 9 56 23
137 485 10 30 8
137 798 9 43 18
138 1136 7 17 23
139 160 8 22 3
139 623 7 6 13
139 1213 9 54 23
139 1167 8 46 23
139 710 9 23 13
140 104 7 48 3
141 400 7 53 8
141 669 8 9 13
142 670 8 27 13
142 1078 8 33 23
142 703 9 14 13
142 254 11 55 8
143 85 8 47 3
143 271 10 29 8
144 558 9 5 13
144 675 8 54 13
145 66 9 2 3
145 650 8 48 13
146 216 10 37 3
147 566 9 21 13
147 43 9 53 3
148 265 10 58 8
148 103 8 58 3
149 648 8 24 13
149 633 7 32 13
149 470 10 24 8
150 379 7 31 8
150 819 9 28 18
152 706 9 46 13
152 86 8 14 3
152 1172 8 46 23
152 330 8 1 8
152 13 10 13 3
152 261 10 32 8
153 116 7 47 3
153 203 9 36 3
153 608 8 20 13
154 398 8 33 8
155 762 10 46 18
155 378 8 39 8
155 896 8 6 18
155 1145 8 52 23
156 1091 8 34 23
156 150 8 53 3
157 1163 8 21 23
157 823 9 32 18
158 1107 8 39 23
158 359 8 15 8
158 54 9 12 3
159 243 11 16 3
160 213 10 36 3
160 1110 8 6 23
161 855 8 6 18
161 791 10 27 18
161 60 9 22 3
162 861 8 38 18
163 90 8 51 3
163 146 8 45 3
163 1129 8 59 23
163 205 9 29 3
163 426 9 0 8
164 141 8 37 3
164 678 9 30 13
164 436 9 5 8
164 383 8 9 8
166 795 9 18 18
166 772 10 33 18
166 384 8 22 8
166 285 10 43 8
167 457 10 11 8
167 371 8 53 8
168 15 10 41 3
168 949 9 4 18
169 697 9 28 13
170 749 11 26 18
171 970 10 17 18
171 68 9 52 3
171 213 10 6 3
171 199 9 33 3
172 902 8 4 18
172 521 10 14 13
172 1168 9 1 23
172 46 10 2 3
172 259 11 13 3
173 579 9 28 13
173 524 10 24 13
173 996 11 43 18
174 927 9 11 18
174 378 8 10 8
174 360 8 34 8
175 1128 8 41 23
175 1196 9 2 23
175 32 10 11 3
175 11 11 11 3
176 526 10 59 13
176 737 11 13 18
176 1181 9 21 23
177 1123 8 32 23
178 736 11 27 18
178 499 11 4 8
178 1229 10 36 23
178 855 8 20 18
178 123 8 45 3
178 681 9 40 13
179 447 9 40 8
179 707 10 12 13
179 427 9 57 8
179 271 10 32 8
179 9 11 10 3
179 1234 11 22 23
179 316 9 29 8
181 672 9 16 13
181 875 8 24 18
181 324 9 23 8
182 839 9 21 18
182 226 10 44 3
182 876 8 48 18
182 924 9 5 18
182 634 8 56 13
183 1152 9 50 23
184 597 9 39 13
184 1204 10 37 23
184 956 10 44 18
184 284 10 43 8
186 133 9 40 3
186 1201 10 35 23
187 95 9 56 3
187 494 11 2 8
187 929 9 59 18
187 289 10 15 8
187 903 9 58 18
188 1114 9 35 23
188 219 10 35 3
188 217 10 44 3
189 1133 9 15 23
189 334 9 8 8
190 392 9 48 8
190 786 10 5 18
190 257 11 32 8
192 378 9 50 8
193 809 10 27 18
193 192 10 1 3
193 961 10 58 18
194 1078 9 43 23
194 289 10 25 8
195 951 10 20 18
195 177 9 28 3
195 389 9 5 8
195 1070 9 25 23
195 36 10 16 3
195 145 9 47 3
196 619 9 56 13
198 573 9 53 13
198 266 11 23 8
198 1062 10 39 23
199 918 9 33 18
199 1129 9 58 23
199 588 9 27 13
199 1103 9 27 23
200 540 10 57 13
200 788 10 42 18
200 1176 10 26 23
201 730 11 25 13
201 706 10 10 13
202 662 9 2 13
202 764 11 40 18
202 193 10 10 3
203 384 9 42 8
204 569 10 37 13
204 1056 10 42 23
204 316 10 24 8
205 1091 9 57 23
205 798 10 36 18
205 780 11 22 18
205 437 10 32 8
206 157 9 1 3
207 103 9 34 3
207 71 10 52 3
207 145 9 58 3
208 1150 9 59 23
208 153 9 8 3
208 456 10 37 8
209 1185 10 48 23
209 6 11 53 3
209 469 11 0 8
209 502 11 19 13
210 238 11 27 3
210 401 9 50 8
210 179 10 47 3
211 176 10 46 3
211 45 10 39 3
212 690 10 21 13
212 1025 11 12 23
213 1045 10 4 23
213 569 10 23 13
213 1040 11 14 23
214 850 10 45 18
214 281 11 33 8
214 132 9 56 3
215 442 10 14 8
215 845 10 8 18
215 232 11 20 3
216 340 10 11 8
216 308 10 44 8
216 1206 11 35 23
217 150 10 44 3
217 743 11 37 13
218 390 10 9 8
218 273 11 36 8
218 402 10 35 8
218 606 10 1 13
218 353 10 37 8
219 1162 10 12 23
221 349 10 49 8
223 752 12 30 13
223 192 10 4 3
224 611 10 0 13
224 971 11 49 18
224 529 11 54 13
224 1076 10 39 23
225 329 10 36 8
225 995 12 33 18
226 619 10 53 13
227 886 10 48 18
227 196 11 38 3
227 1080 10 16 23
228 143 10 55 3
228 581 10 15 13
228 906 10 42 18
228 201 11 43 3
229 325 10 29 8
229 1220 11 50 23
229 667 10 4 13
230 168 10 33 3
230 795 11 34 18
230 415 10 31 8
231 526 11 9 13
231 275 11 11 8
233 1209 11 40 23
233 334 10 37 8
234 1212 11 38 23
234 1044 11 33 23
234 842 10 14 18
234 676 11 42 13
234 494 12 14 13
235 694 11 45 13
235 719 11 46 13
236 310 11 15 8
236 760 12 34 18
236 250 12 40 3
237 225 12 54 3
237 1135 10 10 23
237 186 11 13 3
237 342 10 47 8
237 523 12 51 13
237 553 11 43 13
237 570 11 56 13
238 799 11 46 18
238 689 11 58 13
239 179 11 30 3
240 22 12 29 4
240 1229 12 20 23
240 81 11 20 3
241 913 11 25 18
242 341 11 53 8
242 693 11 46 13
242 30 12 56 3
243 1228 12 54 23
243 242 12 49 3
243 1081 11 29 23
244 134 10 31 3
244 124 10 19 3
244 656 11 54 13
245 1152 11 46 23
246 451 11 1 8
246 301 11 9 8
246 179 11 23 3
247 784 12 47 18
247 76 11 16 3
247 628 11 57 13
248 618 11 19 13
248 1049 11 2 23
248 1076 11 0 23
249 1146 11 32 23
249 459 11 50 8
251 1219 12 51 23
251 428 11 8 8
251 9 12 38 3
252 1012 12 29 23
252 1225 12 58 23
252 468 12 8 9
252 303 11 58 8
253 708 11 18 14
253 863 11 20 18
253 1194 11 24 23
253 51 11 3 3
254 857 11 58 18
255 968 12 12 18
255 724 12 49 13
255 317 11 39 8
256 592 11 33 13
258 234 12 21 3
258 991 12 58 24
258 427 11 28 8
258 992 12 59 24
258 1206 11 51 24
258 202 11 29 4
259 839 11 22 18
259 348 10 38 9
260 139 10 45 4
260 619 10 11 14
261 1202 11 57 24
261 182 11 47 3
262 911 10 3 19
262 1120 10 21 24
263 359 10 29 9
264 140 10 54 4
264 772 12 21 18
265 488 12 59 14
266 1025 11 23 24
266 551 11 20 14
266 1107 10 59 24
266 539 11 14 14
266 288 11 30 9
266 946 11 19 19
266 791 11 38 19
267 580 10 34 14
267 424 10 9 9
268 977 11 42 19
268 422 10 23 9
269 1145 10 40 24
269 431 10 16 9
269 270 11 36 9
270 501 12 30 9
271 1157 10 36 24
271 924 10 35 19
272 887 10 21 19
272 38 11 5 4
273 153 10 49 4
273 1031 11 51 24
274 567 10 50 14
274 1220 11 1 24
274 1193 11 48 24
274 878 10 29 19
274 966 11 4 19
274 1010 12 2 19
275 761 12 59 19
275 1203 11 51 24
276 379 10 23 9
276 525 11 58 14
276 1059 10 6 24
277 509 12 35 9
278 1029 11 58 24
278 235 11 20 4
278 82 10 6 4
278 1174 10 9 24
279 742 12 50 14
280 169 10 40 4
281 974 11 11 19
281 510 11 33 14
281 939 10 55 19
281 741 11 51 14
281 137 10 41 4
281 804 10 32 19
282 219 11 14 4
282 716 11 17 14
282 830 10 59 19
283 326 10 35 9
283 805 10 22 19
283 939 10 49 19
283 466 11 27 9
284 157 10 4 4
284 428 10 42 9
284 759 11 7 19
284 1123 10 33 24
284 994 11 38 19
284 245 12 1 4
286 792 11 24 19
287 1130 9 21 24
287 209 11 17 4
287 734 11 15 14
288 211 11 20 4
288 881 9 52 19
288 772 11 5 19
290 297 10 40 9
291 315 10 58 9
292 498 11 14 9
292 563 10 23 14
292 839 10 38 19
293 1211 10 17 24
294 805 10 48 19
294 414 9 26 9
294 434 10 1 9
295 638 9 29 14
295 342 9 50 9
296 56 10 15 4
296 30 11 38 4
296 659 9 49 14
297 1249 11 50 24
297 1185 10 0 24
297 1075 10 30 24
298 350 9 9 9
299 490 11 56 9
299 761 11 4 19
300 873 9 9 19
301 1137 9 29 24
302 742 11 35 14
302 519 11 10 14
303 168 9 54 4
303 993 11 48 19
304 125 9 27 4
304 1120 9 1 24
304 1092 9 8 24
304 56 10 12 4
304 554 10 6 14
305 982 11 49 19
305 595 9 10 14
305 1143 9 12 24
305 202 10 4 4
305 841 9 41 19
305 595 9 30 14
305 884 9 52 19
306 1126 9 7 24
306 793 10 31 19
306 1120 9 21 24
307 794 10 49 19
307 44 10 38 4
307 799 10 59 19
307 494 11 30 9
307 520 11 28 14
308 106 9 51 4
308 1229 11 1 24
309 321 9 30 9
309 628 9 47 14
310 925 9 57 19
311 1038 10 31 24
311 1157 9 8 24
311 832 9 24 19
312 1202 10 41 24
312 417 9 54 9
313 882 9 13 19
313 655 9 1 14
313 953 10 55 19
313 973 10 21 19
313 1022 11 13 24
314 533 10 1 14
314 616 9 2 14
314 1051 10 15 24
314 428 9 14 9
315 602 9 6 14
316 924 9 56 19
317 1108 9 36 24
317 547 10 58 14
318 936 9 55 19
318 981 11 7 19
319 689 9 11 14
319 824 9 44 19
319 1078 9 45 24
320 1156 9 2 24
320 476 10 15 9
320 246 11 5 4
321 276 10 53 9
321 539 10 8 14
321 272 10 27 9
321 1034 10 32 24
321 402 9 5 9
321 524 10 58 14
321 1057 9 33 24
321 326 9 30 9
322 494 11 32 14
322 91 9 27 4
322 101 8 43 4
322 856 8 25 19
322 1010 11 23 19
322 154 9 56 4
323 600 8 30 14
323 191 9 16 4
323 385 8 59 9
323 1174 9 45 24
324 1083 9 30 24
325 385 8 5 9
326 40 10 42 4
326 473 10 58 9
327 1178 9 56 24
327 373 8 37 9
328 918 9 5 19
328 1077 9 7 24
329 292 10 22 9
329 231 10 42 4
329 888 8 2 19
330 216 10 37 4
330 1187 9 40 24
330 1090 8 47 24
330 973 10 37 19
330 14 10 7 4
331 500 11 20 14
331 1111 8 42 24
331 525 10 6 14
331 346 8 53 9
332 151 8 4 4
333 1122 8 30 24
333 111 8 12 4
333 636 8 39 14
335 748 11 55 14
335 19 10 35 4
335 835 8 36 19
335 876 8 25 19
336 110 8 44 4
336 1135 8 27 24
336 590 8 2 14
337 474 10 6 9
338 93 8 32 4
338 467 10 36 9
338 630 8 5 14
339 764 10 28 19
339 234 10 14 4
340 569 9 10 14
340 841 8 28 19
340 183 9 28 4
341 415 8 45 9
341 717 10 30 14
341 857 8 57 19
341 1035 10 25 24
342 289 10 17 9
342 1216 10 34 24
342 533 10 32 14
342 128 8 29 4
343 543 9 8 14
344 951 9 30 19
344 229 10 14 4
344 843 8 5 19
344 840 8 52 19
345 600 8 27 14
345 805 9 44 19
345 598 8 47 14
345 628 8 54 14
346 358 8 12 9
346 1128 7 4 24
346 1180 9 38 24
346 1012 10 39 24
346 212 10 59 4
346 480 10 45 9
346 513 10 4 14
347 947 9 35 19
347 419 8 50 9
348 337 8 24 9
348 164 8 49 4
348 426 8 52 9
349 1084 8 44 24
349 1054 9 9 24
350 1028 10 37 24
350 399 8 14 9
350 536 10 58 14
351 123 7 54 4
351 194 9 24 4
351 1171 8 24 24
352 977 10 27 19
353 84 8 45 4
353 415 8 33 9
353 42 9 49 4
353 611 7 0 14
354 28 10 38 4
354 411 8 34 9
355 80 8 19 4
356 199 9 14 4
356 67 9 13 4
358 1209 9 13 24
358 496 11 19 14
359 64 9 18 4
359 749 11 44 14
359 1199 9 58 24
359 124 7 17 4
359 331 8 29 9
359 1060 9 54 24
360 1101 7 44 24
360 136 7 11 4
360 62 9 19 4
361 213 9 34 4
361 513 10 3 14
362 1182 8 3 24
362 1240 10 35 24
362 632 7 33 14
362 743 10 10 14
363 786 9 26 19
363 1242 10 27 24
363 1227 10 26 24
364 799 9 50 19
364 985 10 46 19
365 51 9 3 4
365 787 9 15 19
365 283 10 28 9
365 597 7 3 14
365 1048 9 45 24
365 583 8 2 14
366 510 10 14 14
366 213 9 0 4
366 135 7 15 4
367 154 8 20 4
367 648 7 11 14
367 209 9 25 4
367 571 8 4 14
368 1166 8 9 24
368 38 9 34 4
368 749 11 33 14
368 107 7 56 4
371 449 9 19 9
371 646 7 44 14
371 82 8 15 4
372 926 8 45 19
373 751 11 39 14
373 539 9 10 14
373 853 7 20 19
374 701 9 12 14
375 683 8 12 14
375 223 10 46 4
375 1047 9 40 24
375 1199 9 38 24
375 644 7 29 14
376 969 10 18 19
376 465 10 42 9
376 1108 7 44 24
377 168 8 46 4
377 141 7 37 4
378 114 7 30 4
379 498 11 48 9
379 294 9 44 9
380 45 9 22 4
380 603 7 4 14
380 68 8 4 4
382 911 8 33 19
382 723 10 29 14
383 252 11 8 4
383 666 8 34 14
383 928 8 4 19
384 236 10 41 4
384 973 10 30 19
385 1057 9 23 24
385 818 8 17 19
385 1008 10 45 24
385 627 7 0 14
385 1097 7 56 24
385 689 9 48 14
387 1083 8 20 24
387 1158 8 1 24
387 118 7 0 4
388 537 9 59 14
388 752 11 41 19
388 1194 9 31 24
388 569 8 28 14
388 1042 9 51 24
388 890 7 13 19
389 1052 9 4 24
390 1218 10 38 24
390 950 9 42 19
390 1234 10 34 24
390 63 9 26 4
390 318 8 26 9
390 200 9 56 4
390 566 9 22 14
391 1192 9 30 24
391 903 8 21 19
391 578 8 44 14
392 264 10 38 9
392 649 7 56 14
392 715 10 40 14
392 736 10 11 14
393 786 10 26 19
393 870 7 55 19
393 1064 9 20 24
393 946 9 4 19
394 989 10 55 19
395 755 11 17 19
395 769 10 44 19
396 690 9 7 14
396 1248 11 10 24
397 249 11 44 4
397 1215 10 6 24
398 738 10 43 14
399 1011 10 15 24
399 323 8 26 9
400 741 10 34 14
400 189 9 20 4
400 195 9 31 4
400 518 10 12 14
400 1237 10 55 24
401 581 8 57 14
401 1040 9 39 24
401 1158 8 21 24
402 1102 8 46 24
402 753 11 53 14
402 1161 8 44 24
402 128 7 7 4
402 286 10 37 9
402 814 9 14 19
402 839 8 3 19
403 183 9 9 4
403 1248 11 18 24
404 547 9 22 14
405 746 11 4 19
405 119 8 38 4
405 223 10 18 4
405 422 8 59 9
406 1135 8 47 24
406 17 10 2 4
406 404 8 59 9
407 627 8 57 14
407 424 8 46 9
408 1121 8 5 24
408 999 11 40 19
408 1135 8 54 24
408 631 8 24 14
408 6 11 15 4
408 1011 10 6 24
409 263 10 47 9
409 260 10 27 9
410 1238 10 1 24
410 357 8 44 9
410 91 8 58 4
411 99 8 15 4
412 1233 10 30 24
412 626 8 44 14
412 963 10 59 19
412 1161 8 30 24
412 672 8 13 14
413 188 9 5 4
413 337 8 25 9
413 789 10 23 19
413 417 8 23 9
414 557 9 47 14
414 228 10 27 4
415 552 9 54 14
416 1083 8 5 24
416 181 9 19 4
416 284 10 41 9
416 1195 9 7 24
416 669 9 18 14
416 111 8 39 4
416 981 10 46 19
417 638 8 15 14
418 785 10 11 19
418 668 9 40 14
419 778 10 39 19
419 760 11 26 14
419 813 9 46 19
420 207 10 26 4
420 1145 8 46 24
420 323 9 40 9
420 152 8 3 4
422 1163 9 36 24
422 1125 8 55 24
423 235 11 33 4
423 488 11 20 9
424 352 8 46 9
424 1206 10 55 24
424 1027 10 34 24
424 369 8 51 9
424 435 9 21 9
424 532 10 49 14
425 1125 8 7 24
425 995 11 0 19
426 1007 11 8 19
427 960 10 1 19
427 1157 9 6 24
427 192 9 27 4
428 135 8 34 4
429 63 9 5 4
429 122 8 37 4
429 1050 10 5 24
430 728 10 43 14
430 250 11 45 4
431 869 8 17 19
431 205 10 23 4
431 972 10 24 19
431 877 8 35 19
432 819 9 2 19
432 479 10 43 9
433 1110 8 21 24
434 735 11 42 14
434 275 10 46 9
434 1089 9 50 24
434 814 9 29 19
435 558 9 11 14
435 259 11 2 4
436 281 10 15 9
436 706 10 59 14
437 939 9 36 19
437 756 11 58 14
437 535 10 20 14
438 398 9 17 9
438 1086 9 57 24
438 425 9 20 9
439 266 11 26 9
439 187 9 50 4
439 326 9 18 9
440 273 11 53 9
440 677 9 25 14
441 287 10 16 9
442 251 11 23 4
442 643 9 22 14
442 874 9 59 19
443 989 11 8 19
443 231 11 39 4
443 519 11 15 14
444 734 11 24 14
445 1164 9 15 24
445 608 9 17 14
445 344 9 7 9
445 460 10 28 9
445 1196 10 51 24
445 680 9 45 14
446 1016 11 18 24
446 709 10 12 14
446 468 10 57 9
446 1216 10 21 24
446 691 10 19 14
447 450 10 56 9
448 948 10 49 19
448 52 10 9 4
448 1106 9 8 24
449 611 9 7 14
449 995 11 7 19
449 1130 9 20 24
450 389 9 33 9
450 784 10 49 19
450 464 10 31 9
450 1078 9 18 24
451 707 10 6 14
451 453 10 47 9
451 64 10 33 4
451 1152 9 29 24
451 40 10 46 4
451 225 11 41 4
452 962 10 0 19
453 175 10 53 4
453 294 10 6 9
453 21 11 15 4
454 963 10 10 19
454 295 10 5 9
454 406 9 36 9
454 679 10 53 14
454 98 9 51 4
456 874 9 46 19
456 264 11 57 9
456 16 11 40 4
456 399 9 59 9
456 266 11 16 9
456 948 10 28 19
457 1210 10 41 24
457 89 9 26 4
457 248 11 36 4
457 224 11 40 4
457 970 11 25 19
458 898 9 48 19
458 293 10 13 9
458 1009 11 14 24
459 1195 10 19 24
459 107 9 23 4
459 387 9 13 9
460 975 11 6 19
461 758 11 57 19
462 836 10 42 19
462 16 11 45 4
463 129 9 38 4
464 271 11 42 9
464 131 9 38 4
464 1244 11 36 24
464 304 10 50 9
465 800 10 41 19
465 677 10 42 14
465 1035 11 18 24
466 1114 10 26 24
466 4 12 33 4
467 1014 11 4 24
468 335 10 24 9
468 166 10 5 4
468 1193 10 4 24
469 546 11 40 14
470 503 12 33 9
470 892 10 37 19
470 116 10 58 4
471 499 12 1 9
471 921 10 17 19
472 851 10 23 19
472 248 12 49 4
472 633 10 22 14
473 670 10 30 14
474 162 10 9 4
474 358 10 45 9
474 206 11 43 4
475 800 11 15 19
475 26 11 34 4
475 611 10 25 14
477 950 11 52 19
477 990 12 5 19
478 967 11 59 19
479 922 10 31 19
479 385 10 41 9
479 758 12 41 19
480 178 10 12 4
480 1244 12 15 24
480 1225 11 59 24
481 883 10 38 19
481 400 10 48 9
481 393 10 4 9
482 873 10 54 19
482 672 10 45 14
482 448 11 0 9
483 983 12 35 19
483 569 11 18 14
483 1229 11 37 24
486 52 11 25 4
486 1037 11 19 24
486 83 10 54 4
487 382 10 49 9
487 455 11 9 9
487 1132 10 16 24
488 907 10 11 19
488 392 10 10 9
488 1222 11 53 24
488 753 12 54 14
489 702 11 17 14
489 947 11 28 19
489 1204 11 11 24
489 734 12 10 14
489 16 12 33 4
490 489 12 2 9
490 598 10 41 14
490 653 10 6 14
491 633 10 44 14
491 1176 11 45 24
491 474 12 22 9
491 763 12 43 19
491 531 11 15 14
492 215 11 2 4
493 864 10 39 19
494 1031 12 10 24
494 606 11 48 14
494 406 11 39 9
494 207 11 37 4
495 1209 11 6 24
495 406 11 8 9
495 378 11 54 10
495 133 11 18 4
497 105 11 2 4
498 41 11 43 4
498 874 11 27 19
498 1086 11 10 24
499 331 11 46 9
499 710 12 29 14
499 898 11 4 19
500 1043 11 40 24
500 795 11 46 20
500 545 11 32 14
500 901 11 43 19
501 1074 11 56 24
501 586 11 57 14
501 729 12 46 14
502 496 12 29 9
502 497 12 3 9
502 509 12 22 14
502 52 11 6 4
502 1151 11 25 24
502 341 11 5 9
503 1135 11 14 24
503 377 11 28 9
503 981 12 45 19
504 277 12 24 10
504 298 11 16 10
504 886 11 16 19
504 729 12 53 14
505 742 12 14 14
505 534 12 25 15
505 66 11 47 4
505 413 11 32 9
505 464 11 27 10
506 654 11 23 14
506 305 11 51 9
506 571 11 30 14
506 313 11 9 9
506 440 11 20 9
506 655 11 34 14
508 388 10 42 10
508 43 11 59 5
508 221 12 58 4
510 893 10 25 20
510 1243 12 47 24
510 1125 10 55 25
511 641 10 3 15
511 331 11 17 9
511 108 10 58 5
512 228 12 25 4
512 178 11 15 4
513 111 10 16 5
513 1122 10 23 25
513 733 12 29 14
513 1155 10 44 25
513 646 10 0 15
515 534 11 45 15
515 648 10 52 15
515 407 10 16 10
515 908 10 38 20
516 662 10 6 15
516 1152 10 33 25
516 586 10 18 15
517 679 11 31 15
517 480 12 53 9
517 660 10 33 15
517 93 10 22 5
517 479 11 23 10
518 356 10 42 10
518 293 11 35 10
519 227 11 57 5
520 636 10 16 15
520 366 10 34 10
520 414 10 55 10
520 752 12 34 15
521 259 12 21 10
522 1098 10 42 25
522 979 11 37 20
522 416 10 30 10
522 957 11 40 20
523 13 12 55 5
523 981 11 46 20
523 360 10 48 10
523 533 11 18 15
523 1126 10 7 25
524 1002 12 24 20
524 721 11 10 15
524 437 10 53 10
525 31 11 16 5
525 834 10 26 20
525 931 10 23 20
525 544 11 15 15
525 788 11 0 20
526 150 10 41 5
527 363 10 46 10
527 363 10 53 10
527 1193 10 14 25
527 716 11 0 15
528 1048 11 16 25
528 1058 10 49 25
529 627 10 35 15
529 626 10 5 15
530 1108 10 5 25
530 1081 10 9 25
530 26 11 52 5
530 392 10 31 10
531 1006 12 31 20
531 427 10 34 10
531 368 10 9 10
531 1031 11 1 25
531 1190 10 14 25
532 754 12 56 15
532 701 11 39 15
533 459 11 3 10
533 1078 10 6 25
533 355 10 47 10
534 10 11 19 5
534 1139 10 16 25
535 630 10 32 15
535 670 10 36 15
537 623 9 42 15
537 34 11 55 5
538 70 10 43 5
538 586 10 34 15
538 744 11 29 15
539 849 9 21 20
539 55 10 19 5
539 741 11 35 15
540 566 10 21 15
541 995 11 27 20
542 88 10 24 5
542 294 10 57 10
542 51 10 32 5
542 1189 10 22 25
543 877 9 58 20
543 336 10 24 10
545 1105 9 53 25
545 952 10 29 20
545 997 11 58 20
546 654 9 54 15
546 252 11 23 5
547 308 10 5 10
548 701 10 50 15
548 617 9 54 15
549 1048 10 0 25
549 371 9 48 10
549 1148 9 41 25
550 26 11 19 5
550 438 10 4 10
550 577 9 13 15
552 590 9 47 15
552 427 9 39 10
552 254 11 1 5
552 219 10 30 5
553 921 9 13 20
553 162 9 30 5
554 139 9 43 5
554 913 9 25 20
554 1075 9 5 25
555 888 9 5 20
555 1243 11 52 25
555 1013 11 22 25
556 903 9 54 20
556 1162 9 25 25
557 950 10 44 20
557 1220 10 44 25
558 793 10 41 20
558 668 9 29 15
559 305 10 6 10
559 996 11 40 20
559 474 10 24 10
560 977 11 29 20
560 499 11 37 10
562 830 9 6 20
562 812 9 15 20
562 1113 9 37 25
562 1002 11 55 20
562 1190 10 57 25
562 294 10 56 10
563 1009 11 59 20
564 536 10 2 15
565 650 9 36 15
567 164 9 30 5
567 660 9 3 15
567 227 10 6 5
567 833 9 36 20
567 1127 8 25 25
568 1158 9 42 25
568 396 9 1 10
569 478 10 31 10
571 1228 10 47 25
572 342 9 53 10
572 277 10 45 10
572 853 8 33 20
573 1113 8 10 25
573 1036 10 29 25
573 23 10 17 5
574 742 11 52 15
578 265 10 50 10
578 790 10 15 20
579 342 8 24 10
579 127 8 6 5
579 351 8 36 10
579 128 8 1 5
580 1059 9 13 25
580 168 9 52 5
580 291 10 38 10
580 258 11 0 5
581 596 8 41 15
582 861 8 26 20
583 782 10 51 20
583 274 10 43 10
584 1088 8 2 25
584 157 8 22 5
584 222 10 39 5
585 1080 9 1 25
585 298 9 50 10
585 594 8 56 15
585 1013 10 43 25
586 139 8 51 5
586 998 11 27 20
586 94 8 22 5
586 587 8 36 15
586 611 8 12 15
588 724 10 47 15
589 507 11 47 10
589 258 11 33 5
589 715 10 56 15
590 613 8 31 15
590 916 8 16 20
590 282 10 12 10
590 973 10 47 20
590 1030 10 22 25
591 236 10 48 5
591 732 10 48 15
592 438 9 27 10
592 1133 8 40 25
592 897 8 18 20
592 894 8 27 20
594 630 8 21 15
594 582 8 36 15
594 722 10 11 15
595 770 10 57 20
595 262 10 39 10
595 860 8 33 20
596 480 10 28 10
596 1239 10 32 25
596 404 8 23 10
597 342 8 24 10
597 894 8 15 20
598 664 8 6 15
598 751 11 44 15
598 385 7 29 10
598 638 7 42 15
599 339 8 48 10
599 911 8 16 20
600 562 9 21 15
601 539 9 14 15
602 576 8 12 15
602 646 8 44 15
603 596 8 30 15
603 759 10 24 20
604 91 8 31 5
604 37 10 52 5
605 565 9 13 15
605 1044 9 11 25
605 27 10 12 5
606 235 10 45 5
606 541 9 29 15
606 338 8 39 10
606 618 7 59 15
606 808 9 58 20
607 1243 10 50 25
608 386 7 56 10
608 124 7 29 5
610 1027 10 15 25
611 958 9 16 20
611 402 8 1 10
612 1107 7 30 25
612 167 8 40 5
613 1067 8 8 25
613 551 9 36 15
613 1185 9 16 25
614 8 10 37 5
615 851 7 11 20
616 407 8 5 10
616 715 10 45 15
616 883 7 24 20
617 732 10 19 15
617 449 9 57 10
618 1172 8 9 25
618 523 10 41 15
619 72 8 14 5
619 250 11 32 5
620 637 7 25 15
620 809 9 19 20
620 589 8 44 15
620 727 10 37 15
621 93 8 4 5
621 541 9 5 15
621 844 8 17 20
621 275 10 3 10
622 615 7 55 15
623 1203 9 59 25
623 807 9 51 20
623 157 8 24 5
623 368 7 7 10
623 497 11 7 10
623 136 7 25 5
624 1098 7 37 25
624 1181 8 40 25
625 413 8 25 10
626 983 10 6 20
626 456 9 56 10
626 1138 7 54 25
626 1112 7 9 25
626 803 9 53 20
627 773 10 39 20
627 1090 8 25 25
628 1044 9 12 25
629 76 8 29 5
629 653 7 26 15
630 951 9 45 20
630 51 9 43 5
631 37 9 59 5
633 744 10 11 15
634 888 7 54 20
634 1080 8 35 25
635 776 10 48 20
636 160 8 58 5
637 720 10 32 15
637 50 9 57 5
638 1239 10 54 25
638 550 9 28 15
638 496 11 49 10
639 164 8 45 5
639 623 7 52 15
639 86 8 56 5
640 588 8 45 15
640 557 9 10 15
640 579 8 25 15
640 923 8 25 20
641 993 10 35 20
641 725 10 23 15
641 946 9 13 20
642 1091 8 30 25
642 952 9 24 20
642 159 8 7 5
643 1109 7 1 25
643 55 9 50 5
643 872 7 11 20
643 652 8 30 15
643 973 10 16 20
643 1114 7 57 25
645 681 8 5 15
646 266 10 7 10
646 968 10 0 20
646 1009 10 59 25
646 207 9 34 5
646 705 9 40 15
646 362 7 50 10
647 1183 9 7 25
647 585 8 38 15
648 778 10 44 20
648 104 8 27 5
648 112 7 19 5
649 624 7 21 15
650 577 8 11 15
650 461 9 15 10
652 1136 7 58 25
652 1084 8 21 25
652 96 8 32 5
653 619 7 15 15
653 487 10 49 10
653 333 8 48 10
653 60 9 29 5
654 313 9 19 10
654 238 10 12 5
655 54 9 36 5
655 91 8 20 5
655 1177 9 2 25
656 888 8 39 20
656 70 9 43 5
656 517 10 11 15
656 235 10 36 5
656 1054 9 48 25
657 185 9 10 5
657 229 10 28 5
659 469 10 48 10
659 881 8 45 20
659 1040 10 9 25
660 60 9 38 5
660 142 8 44 5
660 951 9 39 20
660 562 9 14 15
660 699 9 11 15
660 133 8 58 5
660 1218 10 35 25
661 961 10 22 20
661 1193 9 5 25
661 705 9 26 15
661 710 10 36 15
661 533 10 37 15
662 850 8 41 20
662 1018 10 25 25
662 854 8 25 20
662 140 8 10 5
662 400 8 36 10
662 667 8 30 15
663 667 8 38 15
663 1063 9 48 25
664 217 10 24 5
664 247 11 18 5
664 403 8 31 10
664 107 8 35 5
664 864 8 46 20
664 816 9 20 20
665 193 9 46 5
665 125 8 15 5
665 1041 10 0 25
666 167 8 23 5
666 193 9 24 5
666 514 10 38 15
667 465 10 7 10
667 17 10 3 5
668 872 8 44 20
668 350 8 18 10
668 1164 8 53 25
669 190 9 19 5
669 209 10 32 5
670 893 8 58 20
671 505 11 45 10
671 93 8 8 5
673 119 8 27 5
673 10 11 27 5
675 895 8 25 20
675 651 8 45 15
675 610 8 29 15
676 713 10 1 15
676 352 8 15 10
676 132 8 8 5
677 134 8 50 5
677 180 9 39 5
678 947 9 26 20
678 459 10 21 10
679 946 9 7 20
680 1006 11 4 20
680 80 9 33 5
681 964 10 45 20
681 650 9 19 15
681 942 9 33 20
682 1201 10 8 25
682 28 10 35 5
682 896 9 3 20
683 1180 9 7 25
683 68 9 30 5
684 160 9 47 5
684 507 11 17 10
684 510 11 23 10
685 972 10 7 20
687 403 9 49 10
688 1187 9 21 25
689 170 9 44 5
689 98 9 50 5
689 804 10 49 20
690 1190 10 3 25
691 316 9 15 10
691 417 9 34 10
691 754 11 25 15
691 1159 9 9 25
691 947 10 41 20
692 356 9 33 10
693 1207 10 59 25
693 1182 9 12 25
695 607 9 51 15
695 936 10 12 20
695 935 10 19 20
696 564 10 55 15
696 849 9 46 20
696 1094 9 56 25
697 946 10 7 20
697 621 9 19 15
697 571 9 56 15
697 220 10 42 5
697 721 10 23 15
698 1116 9 3 25
698 863 9 5 20
698 881 9 2 20
698 969 10 20 20
698 1186 10 28 25
698 1187 10 1 25
698 1056 10 2 25
699 1236 11 42 25
699 1016 11 46 25
699 240 11 52 5
699 813 10 23 20
700 878 9 41 20
700 28 11 59 5
701 512 11 49 15
701 251 11 6 10
701 322 10 0 10
701 1220 11 30 25
701 132 9 31 5
702 133 9 59 5
702 329 9 34 10
703 699 10 22 15
705 180 10 4 5
705 984 11 54 20
705 856 9 10 20
705 886 9 50 20
705 226 11 42 5
707 437 10 17 10
707 310 10 1 10
708 70 10 39 5
708 777 11 51 20
708 1003 11 16 25
709 1161 10 42 25
709 830 10 56 20
709 1012 11 19 25
710 85 10 55 5
711 1197 10 17 25
711 1123 9 20 25
711 984 11 57 20
711 823 10 51 20
713 576 10 58 15
713 1006 11 41 25
713 799 10 14 20
713 144 10 32 5
716 555 10 32 15
716 352 10 55 10
717 1230 11 38 25
717 101 10 33 5
717 367 10 17 10
718 732 11 10 15
719 750 12 24 20
719 5 12 51 5
719 1171 10 24 25
720 145 10 28 5
720 679 10 45 15
720 546 11 34 15
720 174 10 10 5
721 1066 10 20 25
721 82 10 51 5
722 945 10 4 20
722 660 10 59 15
723 393 10 43 10
724 15 11 20 5
725 721 11 33 15
725 698 11 31 15
726 268 11 31 10
727 1017 11 28 25
728 121 10 48 5
728 447 11 52 10
729 261 12 25 5
730 961 11 31 20
731 1218 11 42 25
731 899 10 58 20
731 808 11 45 20
732 800 11 14 20
732 970 11 31 20
732 349 10 40 10
733 779 11 45 20
733 1124 10 56 25
733 772 11 49 20
734 54 11 55 5
734 982 12 20 25
735 1181 11 41 25
735 484 12 11 10
735 264 12 41 5
735 866 10 18 20
736 322 11 46 10
736 225 11 43 5
736 244 12 38 10
736 963 11 37 20
736 1057 11 47 25
737 914 10 37 20
737 1087 10 12 25
737 525 12 0 15
737 454 11 3 10
738 639 10 36 15
738 209 11 31 5
740 103 10 31 5
740 322 11 16 10
740 913 11 15 20
741 700 11 49 15
741 368 10 48 10
742 1241 12 58 25
743 718 12 47 15
743 717 11 33 15
743 306 11 12 10
743 1020 12 10 25
744 890 10 6 20
744 452 11 57 10
744 1219 12 6 25
745 306 11 55 10
745 940 11 44 20
745 465 11 19 10
745 718 12 28 15
746 659 11 56 15
746 1223 12 52 25
746 545 11 47 15
747 1076 11 34 25
748 398 11 35 10
749 448 11 25 10
749 56 11 11 5
749 754 12 23 15
750 109 11 55 5
750 980 12 16 20
750 685 11 15 15
750 200 11 58 5
751 972 12 52 20
751 3 12 46 5
752 552 11 29 15
753 3 12 0 5
753 34 12 2 5
755 574 11 10 15
755 1100 11 48 26
755 194 11 52 5
755 285 11 58 11
756 556 11 14 15
756 697 11 4 15
757 31 12 8 6
758 959 11 20 21
758 741 12 54 15
758 260 12 7 10
759 976 12 7 20
760 1105 10 30 26
761 875 10 18 21
761 294 11 28 11
761 789 11 18 21
762 418 11 10 10
762 411 10 15 11
762 2 12 52 6
763 820 11 45 20
764 1102 10 40 26
765 1001 12 56 21
765 815 11 0 21
766 548 11 27 16
767 694 11 12 16
767 150 10 15 6
769 982 12 25 26
769 1028 11 56 26
769 864 10 54 21
769 325 10 47 11
770 1005 12 56 21
770 1250 12 48 26
770 1021 11 57 26
771 557 11 45 16
771 9 12 40 6
771 1040 11 47 26
772 590 10 51 16
772 1196 11 36 26
772 1044 11 48 26
772 120 10 3 6
772 1004 12 30 21
773 301 11 55 11
774 542 11 10 16
774 631 10 53 16
774 294 11 13 11
774 918 10 30 21
775 371 10 11 11
775 1235 11 15 26
775 805 11 45 21
776 836 10 4 21
776 277 11 0 11
776 599 10 18 16
777 234 11 0 6
777 60 10 53 6
777 498 12 45 11
777 914 10 4 21
778 320 10 0 11
778 349 10 3 11
779 274 11 52 11
780 92 10 46 6
780 294 11 50 11
780 454 11 40 11
780 50 11 34 6
781 629 10 39 16
781 789 11 17 21
781 722 11 14 16
781 56 10 27 6
782 618 10 8 16
782 950 10 51 21
782 961 11 15 21
783 896 10 11 21
783 885 10 13 21
783 181 10 2 6
784 896 10 14 21
784 856 10 6 21
784 986 11 15 21
784 670 10 44 16
785 1119 10 10 26
785 634 10 30 16
785 454 10 30 11
786 466 11 6 11
786 876 9 22 21
787 1193 10 40 26
787 1015 11 58 26
787 587 10 7 16
788 1022 11 25 26
788 1059 10 2 26
788 95 10 0 6
788 965 11 20 21
788 337 10 46 11
789 251 12 46 6
789 631 9 10 16
790 1097 9 26 26
790 790 11 21 21
790 347 9 42 11
790 262 11 44 11
790 677 10 35 16
790 513 11 9 16
791 1147 9 44 26
793 625 9 18 16
794 1140 9 16 26
795 817 10 56 21
795 206 10 32 6
795 1053 10 18 26
795 1099 9 2 26
795 1040 10 30 26
795 971 11 25 21
796 857 9 46 21
796 249 11 40 11
796 421 10 47 11
797 359 9 8 11
798 44 10 38 6
798 673 10 1 16
799 196 10 48 6
799 196 10 36 6
799 505 11 9 16
799 259 11 6 11
800 886 9 30 21
800 1050 10 1 26
801 1000 11 26 21
801 1249 11 16 26
801 425 9 47 11
803 991 11 29 21
803 268 11 35 11
803 268 11 8 11
804 566 10 11 16
804 970 10 11 21
804 106 9 36 6
804 517 11 12 16
805 139 9 55 6
806 1096 9 54 26
807 466 10 28 11
807 474 11 43 11
807 116 9 26 6
808 333 9 38 11
808 646 9 45 16
808 965 10 49 21
808 716 10 3 16
809 545 10 24 16
810 1048 10 21 26
810 154 9 42 6
810 19 11 32 6
810 990 11 0 21
810 123 9 43 6
810 1024 11 13 26
811 859 9 36 21
811 845 9 44 21
811 862 9 19 21
812 1244 11 7 26
812 921 9 45 21
812 907 9 45 21
813 220 10 15 6
813 1012 11 33 26
813 445 10 14 11
814 3 11 42 6
814 1193 10 33 26
814 953 10 25 21
815 275 10 53 11
816 1236 11 9 26
816 1010 11 37 21
816 585 9 41 16
816 1146 9 4 26
817 105 9 57 6
817 1170 9 24 26
817 111 8 22 6
817 101 9 35 6
818 54 10 2 6
818 795 10 11 21
819 931 9 30 21
820 937 9 26 21
820 3 11 33 6
821 481 10 12 11
821 480 10 58 11
821 997 11 33 26
821 1101 8 56 26
821 364 8 11 11
822 964 10 1 21
822 1216 10 40 26
823 756 11 22 16
824 769 10 0 21
824 1192 9 18 26
824 755 11 8 16
824 204 10 8 6
825 184 9 51 6
825 619 8 22 16
826 730 10 50 16
826 405 8 16 11
826 951 10 40 21
827 483 10 44 11
827 609 8 26 16
827 509 11 9 16
827 766 10 25 21
828 292 10 30 11
828 1175 9 59 26
828 1033 10 41 26
828 703 10 52 16
829 1061 9 34 26
829 185 9 43 6
830 140 8 56 6
830 699 9 5 16
831 954 10 9 21
831 1122 8 29 26
831 631 8 17 16
832 1037 10 0 26
832 833 9 54 21
832 1104 8 5 26
832 133 8 3 6
834 852 8 55 21
834 572 9 38 16
834 655 8 26 16
834 46 9 56 6
835 496 11 56 11
835 210 10 34 6
835 187 9 4 6
835 978 10 39 21
836 1203 9 48 26
836 53 9 54 6
836 1093 8 55 26
837 843 8 20 21
837 1193 9 30 26
837 348 8 21 11
838 291 10 22 11
839 561 9 47 16
839 1095 8 43 26
839 427 9 21 11
839 1 11 29 6
840 132 8 28 6
840 1140 8 55 26
840 115 8 12 6
840 41 10 24 6
841 757 11 52 16
841 751 11 14 16
842 1057 9 45 26
842 535 10 2 16
842 89 8 14 6
843 121 8 39 6
843 773 10 7 21
844 106 8 9 6
845 173 8 34 6
845 517 10 45 16
846 129 7 35 6
846 428 9 22 11
846 772 10 33 21
846 969 10 1 21
847 355 8 18 11
847 1025 10 4 26
847 813 9 50 21
847 786 10 5 21
847 1121 7 0 26
848 917 8 2 21
848 890 8 35 21
849 1151 8 13 26
851 268 10 24 11
851 91 8 23 6
852 223 10 49 6
852 347 8 37 11
854 901 8 44 21
854 188 9 9 6
854 1130 7 25 26
855 959 9 48 21
855 50 9 33 6
855 199 9 17 6
856 649 8 2 16
857 943 9 18 21
857 149 7 11 6
858 994 11 8 21
858 12 10 49 6
859 1003 11 19 21
860 770 10 18 21
860 846 8 23 21
860 533 10 56 16
860 836 8 45 21
860 411 8 38 11
860 230 10 22 6
861 121 7 47 6
861 922 8 56 21
861 503 11 26 11
861 1115 7 29 26
862 364 7 1 11
862 866 7 26 21
862 589 8 23 16
863 363 7 29 11
863 520 10 32 16
863 382 7 48 11
864 518 10 44 16
864 206 9 13 6
864 374 7 17 11
865 230 10 28 6
866 107 7 22 6
866 1248 11 42 26
866 1095 8 16 26
866 315 9 47 11
867 1206 9 52 26
867 384 7 11 11
867 255 11 5 6
867 303 9 3 11
867 1133 7 19 26
867 1175 8 46 26
867 924 8 22 21
867 152 7 29 6
868 914 8 1 21
868 790 9 11 21
868 127 7 15 6
869 108 7 39 6
869 1200 9 33 26
870 797 9 54 21
871 964 9 28 21
871 717 10 59 16
872 997 11 23 21
873 237 10 29 6
873 524 10 18 16
873 768 10 46 21
874 1206 9 50 26
874 319 8 42 11
875 554 9 26 16
875 390 7 34 11
875 563 9 55 16
875 521 10 44 16
876 1016 10 54 26
876 23 10 9 6
876 219 10 18 6
879 867 7 11 21
879 24 10 56 6
879 202 9 10 6
879 248 11 22 6
880 580 8 53 16
880 1147 7 14 26
880 482 10 33 11
881 183 8 39 6
881 772 10 28 21
881 857 7 3 21
882 662 8 40 16
883 22 10 39 6
883 47 9 10 6
883 117 7 20 6
883 560 9 4 16
883 791 9 4 21
883 949 9 48 21
884 369 7 56 11
884 409 8 19 11
884 694 9 9 16
885 526 10 6 16
885 515 10 57 16
886 695 9 52 16
886 188 9 48 6
886 593 8 16 16
887 759 10 18 21
887 155 8 35 6
887 831 8 0 21
888 667 8 13 16
888 297 9 44 11
888 846 8 10 21
889 13 10 16 6
889 603 7 32 16
889 430 8 21 11
889 185 9 30 6
890 66 9 25 6
891 660 8 35 16
891 590 8 3 16
892 372 7 4 11
892 1155 8 55 26
892 133 7 58 6
892 745 11 36 16
892 436 9 27 11
892 412 8 0 11
892 925 8 48 21
893 811 9 31 21
893 782 10 4 21
893 419 8 28 11
893 676 8 27 16
894 530 10 15 16
895 15 10 30 6
895 1205 9 25 26
895 814 9 5 21
895 961 9 22 21
896 981 10 13 21
896 272 10 21 11
897 919 8 40 21
897 137 7 40 6
897 479 10 13 11
897 914 8 53 21
897 227 10 16 6
897 1066 9 23 26
898 277 10 1 11
898 38 9 48 6
898 964 10 44 21
899 436 9 31 11
899 531 10 5 16
899 301 9 11 11
899 780 10 35 21
900 428 8 9 11
900 350 8 7 11
900 1007 11 25 21
901 34 10 38 6
902 437 9 34 11
902 64 9 26 6
902 364 7 26 11
902 1074 8 57 26
903 1050 9 22 26
903 219 10 55 6
904 62 9 25 6
905 1009 10 38 26
905 390 8 25 11
906 207 9 42 6
906 760 10 43 21
906 1102 8 39 26
907 948 9 56 21
908 1225 10 56 26
909 711 10 19 16
909 498 11 28 11
909 902 8 9 21
910 430 9 5 11
910 1182 9 45 26
910 282 10 32 11
911 677 9 6 16
915 33 10 25 6
916 754 11 17 16
916 992 11 38 21
917 1178 9 31 26
917 890 8 20 21
918 1005 11 5 21
918 1113 8 32 26
919 1124 8 27 26
920 394 8 22 11
920 845 8 10 21
920 725 10 53 16
921 827 9 48 21
922 1190 9 29 26
922 149 8 51 6
923 426 9 11 11
923 652 8 24 16
924 856 8 8 21
924 234 10 41 6
924 1017 10 41 26
924 510 11 50 11
925 1208 10 16 26
925 783 10 20 21
926 122 8 38 6
926 953 10 12 21
927 546 10 31 16
927 305 9 7 11
928 649 8 21 16
928 1222 10 28 26
928 775 10 44 21
929 50 10 45 6
929 224 10 35 6
929 104 8 9 6
929 922 9 54 21
931 1247 11 5 26
931 433 9 32 11
931 411 9 15 11
932 979 10 2 21
932 604 9 5 16
933 202 10 34 6
933 1144 9 24 26
934 909 9 7 21
935 1177 9 28 26
935 253 11 13 6
935 318 9 36 11
935 566 9 19 16
935 870 9 16 21
935 348 9 52 11
935 249 11 27 11
936 20 11 57 6
936 921 9 33 21
936 400 9 9 11
936 836 9 5 21
936 964 10 45 21
936 436 9 48 11
936 761 11 17 21
938 682 9 9 16
938 563 9 47 16
939 834 9 30 21
939 349 9 37 11
940 839 9 31 21
940 105 9 15 6
941 353 9 12 11
941 1210 10 32 26
942 1222 10 10 26
942 849 9 9 21
944 1106 9 57 26
944 552 10 17 16
944 154 9 3 6
944 1175 9 2 26
945 200 10 51 6
945 332 9 28 11
946 131 9 9 6
946 995 11 19 21
946 611 9 33 16
947 663 9 38 16
948 691 10 30 16
949 1029 11 41 26
949 854 9 30 21
949 195 10 57 6
949 309 10 30 11
949 621 9 56 16
950 560 10 59 16
951 910 9 35 21
951 992 11 33 21
951 1039 10 39 26
951 961 10 44 21
952 1100 9 42 26
952 521 11 26 16
952 963 10 6 21
952 1122 9 20 26
953 682 10 49 16
953 460 10 21 11
953 1136 9 24 26
955 183 10 13 6
955 287 10 23 11
955 965 11 26 21
955 1124 9 10 26
955 15 11 40 6
956 1040 10 29 26
956 51 10 4 6
956 63 10 24 6
956 420 10 49 11
957 1021 11 6 26
958 513 11 43 16
958 673 10 14 16
958 546 10 44 16
958 968 11 14 21
959 45 10 55 6
960 250 12 14 6
960 7 11 3 6
960 320 10 25 11
961 876 9 2 21
961 366 9 2 11
961 930 10 52 21
961 89 10 36 6
961 73 10 41 6
962 94 10 28 6
962 510 11 18 16
963 897 10 59 21
963 354 10 34 11
963 397 10 38 11
963 321 10 48 11
964 634 9 48 16
964 1197 10 55 26
964 284 11 54 11
965 234 11 11 6
965 810 10 21 21
965 1168 10 4 26
965 1244 11 44 26
965 707 11 50 16
966 438 10 9 11
966 1203 10 8 26
967 737 11 40 16
967 452 10 15 11
967 513 11 43 16
968 1026 11 46 26
968 1227 11 51 26
969 829 10 57 21
970 708 11 42 16
971 1041 11 57 26
973 1011 12 53 21
973 269 11 59 11
973 1108 10 0 26
974 932 10 47 21
974 760 12 44 16
974 764 11 28 21
974 549 11 21 16
974 1193 11 12 26
975 717 11 46 16
976 320 10 20 11
976 248 12 39 6
977 1076 10 17 26
977 745 12 1 16
977 59 11 27 6
978 301 11 12 11
978 188 11 55 6
978 591 10 30 16
978 692 11 33 16
979 517 11 59 16
980 1240 12 6 26
980 899 10 15 21
980 521 11 0 16
980 330 10 6 11
981 168 10 47 6
981 898 10 7 21
981 203 11 50 6
981 1084 10 34 26
981 818 11 58 21
982 1178 10 39 26
982 120 10 16 6
982 251 12 56 11
983 982 12 24 21
983 77 10 7 6
984 20 12 48 6
984 318 11 12 11
984 248 12 43 6
984 95 10 16 6
985 1192 11 33 26
985 32 11 56 6
986 770 12 2 21
987 952 11 45 21
988 760 12 35 21
988 899 10 11 21
989 1207 11 46 26
989 744 12 54 16
990 232 12 23 6
990 474 12 33 11
990 1085 11 24 26
990 938 11 48 21
990 728 12 25 16
991 337 11 31 11
992 969 12 4 21
992 780 12 25 21
992 362 10 37 11
993 124 10 43 6
994 60 11 33 6
994 872 10 19 21
995 817 11 17 21
995 6 12 23 6
995 173 11 59 6
996 30 12 25 6
996 213 11 19 6
996 538 11 23 16
997 645 11 33 17
997 133 11 59 6
998 1026 12 27 26
998 436 11 16 11
998 731 12 15 16
998 994 12 0 22
999 586 11 4 16
999 338 11 10 11
999 722 12 38 16
999 554 11 31 16
1000 248 12 21 6
1000 519 12 16 16
1000 895 11 25 21
1001 976 12 37 21
1002 624 11 50 16
1002 908 11 50 21
1003 488 12 17 11
1003 419 11 15 11
1003 138 11 13 6
1003 349 11 13 11
1005 163 11 40 6
1005 977 12 50 21
1006 1039 11 57 27
1006 764 12 5 21
1007 335 11 2 11
1007 1046 11 14 27
1008 843 11 29 21
1009 732 12 1 16
1009 492 12 40 11
1010 876 10 40 22
1010 9 12 16 6
1011 999 12 5 27
1012 181 11 40 6
1012 670 11 44 16
1012 1202 11 13 27
1012 1003 12 47 27
1014 474 11 36 12
1014 816 11 18 22
1014 217 11 57 7
1014 544 11 14 17
1014 923 11 49 21
1015 613 10 19 17
1015 1216 11 31 27
1016 1214 11 7 27
1016 126 10 48 7
1016 1068 11 13 27
1016 848 10 57 22
1017 604 10 5 17
1017 1095 10 28 27
1017 137 10 2 7
1018 5 12 19 7
1018 425 10 0 12
1018 191 11 44 7
1019 1001 12 16 22
1019 656 10 58 17
1019 536 11 46 17
1020 1152 10 30 27
1020 870 10 27 22
1020 105 10 47 7
1020 630 10 2 17
1022 805 11 59 22
1022 578 10 56 17
1022 538 11 7 17
1022 1052 11 31 27
1023 506 12 40 12
1024 808 11 21 22
1024 1055 11 19 27
1024 178 10 8 7
1024 371 10 31 12
1024 59 11 16 7
1025 18 11 23 7
1025 347 10 12 12
1025 772 11 27 22
1026 953 11 46 22
1026 258 12 19 7
1027 382 10 7 12
1027 655 10 59 17
1027 817 10 8 22
1027 1147 10 13 27
1028 1229 11 19 27
1028 266 11 10 12
1029 728 11 32 17
1029 428 10 19 12
1029 1207 11 55 27
1030 578 10 40 17
1030 1234 11 17 27
1030 946 10 41 22
1030 1171 10 2 27
1030 316 10 36 12
1030 333 10 21 12
1031 229 11 5 7
1031 1078 10 28 27
1031 982 11 17 22
1031 362 10 4 12
1031 770 11 51 22
1032 335 10 57 12
1032 607 10 17 17
1032 644 10 10 17
1033 1101 10 57 27
1033 259 11 48 12
1035 211 11 19 7
1035 532 11 20 17
1036 384 9 53 12
1037 436 10 38 12
1037 1026 11 58 27
1038 1039 11 12 27
1038 1092 10 46 27
1038 864 9 49 22
1038 946 10 21 22
1039 97 10 59 7
1039 1135 9 8 27
1039 943 10 31 22
1039 432 10 23 12
1040 816 10 20 22
1040 1006 11 18 27
1040 564 10 55 17
1041 1184 10 29 27
1041 908 10 0 22
1041 1205 10 57 27
1041 802 10 6 22
1041 3 11 21 7
1041 182 10 54 7
1041 6 11 26 7
1041 696 10 38 17
1042 163 10 51 7
1042 65 10 17 7
1043 244 11 27 7
1043 452 10 8 12
1043 691 10 20 17
1043 217 11 24 7
1045 1174 10 49 27
1045 1215 11 31 27
1045 347 9 37 12
1047 657 9 42 17
1047 1160 9 9 27
1047 511 11 27 17
1048 23 11 46 7
1048 261 11 55 12
1048 659 9 17 17
1048 459 10 7 12
1048 954 10 46 22
1049 68 10 17 7
1049 616 9 31 17
1050 116 9 1 7
1051 1076 9 37 27
1052 264 11 49 12
1052 168 9 48 7
1053 601 9 7 17
1053 926 9 49 22
1053 557 10 38 17
1053 1187 10 5 27
1053 336 9 2 12
1053 176 9 32 7
1054 418 9 23 12
1055 367 9 32 12
1055 975 11 15 22
1056 384 9 40 12
1056 794 10 59 22
1056 904 9 16 22
1056 690 10 52 17
1056 174 9 16 7
1057 354 9 5 12
1059 1211 10 23 27
1059 236 11 45 7
1059 845 9 39 22
1059 1164 9 33 27
1060 510 11 12 12
1060 639 9 25 17
1060 1237 11 20 27
1060 1059 10 29 27
1061 992 11 25 22
1061 1180 9 59 27
1061 1066 9 47 27
1061 116 9 56 7
1061 135 9 52 7
1062 675 9 24 17
1062 199 10 37 7
1062 497 11 41 12
1063 621 9 23 17
1063 910 9 19 22
1064 672 9 19 17
1064 61 9 20 7
1064 333 9 21 12
1065 274 10 43 12
1065 50 10 43 7
1066 296 10 46 12
1066 598 9 59 17
1066 980 11 24 22
1066 1154 9 45 27
1067 647 9 15 17
1067 921 9 16 22
1068 264 11 53 12
1068 186 9 12 7
1069 437 9 32 12
1071 1119 8 38 27
1071 1180 9 43 27
1071 1006 11 5 22
1072 813 9 51 22
1072 1076 9 0 27
1072 24 10 17 7
1073 20 10 12 7
1073 1002 11 17 22
1073 339 9 8 12
1073 756 11 59 22
1074 546 10 5 17
1074 922 9 1 22
1074 290 10 16 12
1074 856 8 43 22
1075 210 10 42 7
1075 998 11 31 27
1075 189 9 2 7
1075 206 10 53 7
1075 468 10 52 12
1076 1245 11 15 27
1077 717 10 36 17
1078 960 10 35 22
1080 1186 9 1 27
1080 513 11 27 12
1080 456 10 51 12
1080 98 8 39 7
1080 615 8 34 17
1082 14 10 8 7
1082 535 10 24 17
1082 384 8 38 12
1082 1069 9 32 27
1083 601 8 3 17
1083 396 8 21 12
1084 264 10 37 12
1085 343 8 46 12
1085 975 10 14 22
1086 18 10 46 7
1086 680 9 50 17
1086 327 9 31 12
1086 806 9 55 22
1086 604 8 50 17
1086 512 10 37 17
1086 905 8 56 22
1087 611 8 58 17
1087 1201 9 20 27
1088 730 10 30 17
1088 794 9 21 22
1088 265 10 14 12
1088 311 9 15 12
1089 516 10 13 17
1089 1234 10 21 27
1089 50 9 51 7
1089 543 9 49 17
1089 989 10 15 22
1090 519 10 11 17
1090 528 10 32 17
1091 291 10 46 12
1091 102 8 45 7
1091 1075 9 32 27
1091 176 9 10 7
1091 705 9 24 17
1091 408 8 4 12
1091 1041 10 5 27
1092 493 11 37 12
1093 738 10 41 17
1093 863 8 43 22
1094 229 10 51 7
1094 907 8 20 22
1095 781 10 34 22
1095 670 8 23 17
1096 596 8 15 17
1096 349 8 16 12
1096 1148 8 0 27
1097 244 11 3 12
1097 901 8 14 22
1098 614 7 12 17
1098 5 11 33 7
1098 128 7 27 7
1098 210 9 18 7
1099 1140 8 48 27
1101 1080 8 41 27
1101 997 11 39 22
1101 716 10 31 17
1101 138 7 22 7
1102 521 10 46 17
1102 789 9 42 22
1102 882 7 54 22
1102 1 11 32 7
1102 419 8 20 12
1103 907 8 27 22
1103 1169 8 35 27
1103 927 8 44 22
1103 1161 8 31 27
1104 108 7 40 7
1104 764 10 21 22
1105 1128 7 5 27
1105 137 7 24 7
1105 86 8 5 7
1106 499 11 25 12
1106 696 9 58 17
1106 1240 10 28 27
1106 771 10 32 22
1107 597 8 14 17
1107 275 10 28 12
1108 43 9 35 7
1108 548 9 20 17
1109 946 9 32 22
1109 333 8 0 12
1110 8 10 39 7
1110 566 9 50 17
1111 98 8 40 7
1111 1042 9 20 27
1111 54 9 21 7
1111 926 8 3 22
1112 213 9 34 7
1112 997 11 8 27
1112 639 7 38 17
1112 168 8 21 7
1113 438 9 32 12
1113 210 9 58 7
1113 998 11 40 22
1113 1125 7 7 27
1113 605 7 34 17
1113 278 10 3 12
1114 812 9 48 22
1115 374 7 55 12
1115 329 8 8 12
1115 181 8 4 7
1116 874 7 52 22
1116 610 7 25 17
1116 1105 7 2 27
1116 647 7 20 17
1117 277 10 49 12
1117 154 8 8 7
1117 1048 9 40 27
1118 638 7 24 17
1118 299 9 20 12
1118 421 8 12 12
1118 1228 10 16 27
1118 1012 10 59 27
1119 1113 7 54 27
1119 751 11 56 17
1119 454 9 12 12
1119 852 7 16 22
1121 334 8 0 12
1121 74 8 46 7
1121 644 7 24 17
1121 355 7 38 12
1122 1132 7 59 27
1122 19 10 56 7
1123 419 8 28 12
1123 779 10 39 22
1123 495 11 56 17
1123 372 7 2 12
1123 846 7 43 22
1123 695 9 44 17
1124 291 9 49 12
1124 719 10 43 17
1124 343 8 48 12
1125 1044 9 42 27
1125 433 8 1 12
1125 918 8 42 22
1125 116 7 2 7
1126 681 8 50 17
1126 809 9 42 22
1126 554 9 35 17
1126 292 9 7 12
1126 131 7 54 7
1127 783 10 47 22
1127 801 9 23 22
1127 836 8 45 22
1127 1075 8 34 27
1128 1189 9 12 27
1128 714 9 57 17
1128 241 10 50 7
1128 631 7 4 17
1129 854 7 36 22
1129 663 8 6 17
1132 904 7 42 22
1132 454 9 35 12
1132 883 7 54 22
1133 215 10 2 7
1133 146 7 15 7
1133 822 8 50 22
1133 477 10 4 12
1133 832 8 58 22
1133 274 10 26 12
1133 1150 7 45 27
1134 332 8 41 12
1134 331 8 14 12
1134 953 9 27 22
1134 622 7 42 17
1134 400 7 48 12
1135 619 7 22 17
1135 714 9 25 17
1135 1240 10 22 27
1136 898 7 57 22
1137 663 8 32 17
1137 522 10 16 17
1137 689 9 36 17
1137 941 9 47 22
1138 171 8 2 7
1139 561 9 10 17
1139 434 9 59 12
1139 816 9 51 22
1139 551 9 0 17
1139 648 7 3 17
1139 1018 10 27 27
1140 247 11 58 7
1140 606 7 37 17
1140 1210 9 3 27
1140 771 10 53 22
1141 871 7 39 22
1141 1188 9 10 27
1141 168 8 43 7
1142 1134 7 35 27
1142 1127 7 0 27
1142 103 7 2 7
1143 1129 7 21 27
1143 189 9 33 7
1143 780 10 16 22
1144 594 8 48 17
1144 805 9 8 22
1144 1011 10 57 27
1145 1170 8 2 27
1145 301 9 33 12
1146 24 10 19 7
1146 1183 9 59 27
1146 888 7 5 22
1147 669 8 28 17
1147 555 9 28 17
1147 877 7 44 22
1148 18 10 22 7
1149 481 10 38 12
1149 843 8 44 22
1150 665 8 13 17
1151 772 10 31 22
1151 128 7 47 7
1152 443 9 33 12
1153 450 9 29 12
1154 31 10 17 7
1154 106 8 28 7
1155 565 9 14 17
1155 298 9 48 12
1155 1174 8 38 27
1156 246 11 50 7
1156 666 8 24 17
1156 143 8 30 7
1156 538 10 52 17
1156 325 8 45 12
1156 137 8 3 7
1157 359 8 0 12
1157 326 8 25 12
1158 1244 11 11 27
1158 480 10 57 12
1158 247 11 28 7
1158 1010 10 44 27
1159 280 10 9 12
1159 490 10 19 12
1159 933 9 41 22
1161 676 9 29 17
1162 486 10 47 12
1162 806 9 26 22
1163 875 8 51 22
1163 579 8 26 17
1164 327 9 10 12
1164 549 9 56 17
1164 399 8 49 12
1164 1232 10 49 27
1165 172 9 29 7
1166 617 8 18 17
1166 879 8 58 22
1166 546 9 49 17
1166 232 10 25 7
1166 51 9 47 7
1167 1153 8 19 27
1168 1095 8 15 27
1168 708 10 11 17
1169 1160 8 49 27
1170 393 8 7 12
1170 581 9 48 17
1170 212 10 53 7
1171 1096 8 7 27
1171 907 8 13 22
1172 1201 9 4 27
1172 773 10 57 22
1172 351 8 33 12
1172 409 8 41 12
1173 124 8 58 7
1173 103 8 53 7
1174 1210 10 22 27
1174 602 8 27 17
1175 987 11 32 22
1175 100 8 40 7
1175 995 11 10 22
1177 903 8 50 22
1177 620 8 42 17
1177 605 8 6 17
1177 597 8 39 17
1177 1209 10 32 27
1178 28 10 28 7
1178 344 9 50 12
1178 767 11 22 22
1178 157 9 17 7
1178 1038 10 15 27
1179 419 9 9 12
1179 58 9 29 7
1180 675 9 22 17
1180 107 8 12 7
1180 572 9 18 17
1181 988 11 29 22
1181 56 9 0 7
1181 50 10 11 7
1181 693 9 28 17
1181 357 8 6 12
1182 672 9 8 17
1182 177 9 17 7
1182 554 10 39 17
1182 309 9 49 12
1183 596 9 15 17
1183 525 10 24 17
1184 946 10 11 22
1184 9 11 42 7
1185 1155 9 57 27
1186 539 10 52 17
1186 511 11 44 12
1186 730 11 47 17
1186 1213 10 34 27
1186 814 9 51 22
1187 553 10 19 17
1187 569 9 58 17
1187 1127 9 11 27
1188 861 9 9 22
1188 293 10 13 12
1189 602 9 20 17
1189 1137 9 16 27
1190 322 9 22 12
1190 78 9 49 7
1191 500 11 38 12
1191 363 9 35 12
1192 874 9 8 22
1193 1191 10 59 27
1193 672 9 27 17
1193 73 9 11 7
1193 238 11 19 7
1194 493 11 33 12
1194 556 10 19 17
1195 836 9 37 22
1196 1233 11 13 27
1196 1101 9 8 27
1196 1031 10 52 27
1197 904 9 29 22
1197 918 9 12 22
1197 511 11 27 17
1197 383 9 18 12
1197 354 9 56 12
1197 106 9 11 7
1198 828 9 58 22
1198 270 11 22 12
1198 192 10 54 7
1199 782 10 17 22
1199 267 11 13 12
1199 1129 9 57 27
1199 941 10 18 22
1199 134 9 26 7
1199 245 11 10 7
1200 743 11 26 17
1201 766 11 48 22
1201 277 11 59 12
1201 693 10 4 17
1201 1012 11 15 27
1201 985 11 59 22
1202 348 9 55 12
1202 125 9 43 7
1203 671 10 11 17
1204 1230 11 14 27
1204 1123 9 8 27
1205 331 10 22 12
1206 442 10 51 12
1206 681 10 13 17
1206 39 10 31 7
1206 1134 9 36 27
1206 988 11 43 22
1206 140 9 35 7
1207 437 10 3 12
1207 647 9 1 17
1207 333 10 31 12
1207 1228 11 6 27
1207 504 11 59 17
1208 1178 10 53 27
1209 166 10 53 7
1209 226 11 8 7
1209 368 9 6 12
1209 1041 10 50 27
1209 726 11 26 17
1209 1188 10 24 27
1210 495 11 0 12
1211 1034 11 52 27
1212 411 10 13 12
1212 523 11 52 17
1212 1093 10 48 27
1213 544 10 20 17
1213 788 11 51 22
1214 93 10 43 7
1214 1017 11 55 27
1214 783 11 54 22
1214 1104 10 58 27
1215 1094 10 4 27
1215 748 12 17 22
1216 1051 10 41 27
1216 1153 10 17 27
1217 61 10 40 7
1217 456 11 17 12
1218 285 11 0 12
1218 689 10 15 17
1218 515 11 20 17
1219 992 12 54 27
1219 539 11 38 17
1219 414 10 19 12
1219 1216 11 45 27
1219 286 11 23 12
1220 762 11 12 22
1221 641 10 54 17
1221 61 10 22 7
1222 418 10 54 12
1222 1046 11 12 27
1222 925 10 46 22
1223 278 11 47 12
1223 459 11 5 12
1223 420 10 59 12
1224 1082 10 39 27
1224 662 10 45 17
1224 328 10 12 12
1224 58 10 22 7
1225 621 10 29 17
1225 918 10 7 22
1226 118 10 17 7
1226 73 10 19 7
1227 1166 10 3 27
1227 378 10 26 12
1228 736 12 0 17
1228 198 11 13 7
1228 934 10 58 22
1229 664 10 18 17
1230 718 11 5 17
1230 56 11 5 7
1231 861 10 30 22
1232 1219 11 59 27
1232 32 11 43 7
1232 208 11 49 7
1232 897 10 45 22
1232 557 11 6 17
1233 967 11 53 22
1233 131 10 31 7
1233 239 12 28 7
1233 590 10 48 17
1234 837 10 43 22
1234 654 10 15 17
1234 729 12 35 17
1235 11 12 48 7
1235 855 10 6 22
1235 1177 11 6 27
1235 445 11 26 12
1236 703 11 10 17
1236 24 12 28 7
1236 502 12 55 12
1237 265 12 10 7
1237 873 10 37 22
1237 129 10 6 7
1237 82 10 13 7
1237 786 11 55 22
1238 1207 11 6 27
1239 294 11 18 12
1240 1002 12 45 22
1240 305 11 16 12
1241 934 11 24 22
1242 296 11 50 12
1243 823 11 47 22
1243 803 11 23 22
1244 237 12 33 7
1244 1015 12 28 27
1244 1244 12 0 27
1245 920 11 32 22
1245 1210 11 14 27
1245 1064 11 31 27
1245 950 11 52 22
1247 834 11 2 22
1247 513 12 15 17
1248 905 11 59 22
1248 573 11 29 17
1249 1234 12 55 27
1249 985 12 58 22
