SF7_COMM_RANGE = 30
VERTEX_NUM = 2800
MAP_WIDTH = 1250
MAP_LENGTH = 1250
Total links = 6813
Capital delta = 15
SF1112 % = 28.5357
# of outliers = 0
DATA PERIOD = 60
------------------------------
x  y  SF  phase which_gateway: 
1 236 12 36 3
1 448 11 24 8
1 682 11 33 13
2 330 11 15 8
2 81 11 8 3
2 848 11 40 18
2 858 11 42 18
2 507 12 15 13
3 997 12 12 18
3 175 11 5 3
3 511 12 27 13
3 3 12 32 3
3 298 11 30 8
4 338 11 45 8
4 123 11 8 3
4 658 11 28 13
5 1156 11 41 23
6 396 11 32 8
7 540 11 39 13
7 85 11 23 3
8 1239 12 30 23
8 176 11 53 3
9 1037 11 21 23
9 108 10 6 3
10 1165 11 56 23
10 439 11 1 8
10 1150 10 22 23
10 536 11 39 13
11 606 10 24 13
11 126 10 58 3
12 46 11 42 3
12 730 12 0 13
12 755 12 14 13
13 314 11 7 8
13 938 11 16 18
14 849 10 22 18
15 349 10 47 8
15 1176 11 58 23
15 1027 11 29 23
16 936 11 52 18
17 1182 11 55 23
17 569 11 48 13
17 1015 12 24 23
18 1148 10 17 23
19 24 11 26 3
19 729 11 33 13
19 614 10 45 13
19 1228 11 7 23
20 833 10 57 18
20 868 10 24 18
20 597 10 23 13
20 338 10 19 8
20 1051 11 10 23
21 732 11 36 13
21 1006 12 18 18
22 438 11 6 8
22 905 10 37 18
22 197 11 40 3
22 787 11 46 18
22 1080 10 1 23
22 216 11 30 3
23 1141 10 20 23
23 1166 10 2 23
23 783 11 44 18
23 911 10 27 18
23 1035 11 10 23
24 1076 10 6 23
24 235 11 6 3
24 745 12 0 13
26 1029 11 27 23
26 118 10 58 3
27 1135 10 56 23
27 160 10 16 3
27 556 10 23 13
28 862 10 13 18
28 684 10 42 13
28 107 10 48 3
29 394 10 51 8
29 611 10 41 13
30 259 11 37 8
30 300 11 15 8
30 261 11 4 8
31 1085 10 57 23
31 30 11 17 3
32 1011 11 32 23
33 132 10 15 3
33 889 10 24 18
33 184 10 2 3
33 743 11 47 13
33 818 10 2 18
34 222 11 3 3
35 695 10 18 13
36 554 10 14 13
36 151 10 57 3
37 644 10 2 13
37 144 10 41 3
38 226 11 59 3
39 52 10 1 3
39 551 10 39 13
39 766 11 0 18
40 438 10 28 8
40 1128 9 38 23
40 1125 9 48 23
41 1074 10 36 23
42 1245 11 53 23
42 707 10 1 13
42 69 10 10 3
42 680 10 33 13
42 174 10 44 3
42 896 9 52 18
43 892 9 10 18
44 207 10 0 3
44 863 9 48 18
44 656 9 7 13
45 381 9 9 8
46 552 10 13 13
46 302 10 14 8
46 1182 10 33 23
48 622 9 15 13
49 827 9 2 18
49 412 9 27 8
50 1230 11 18 23
50 305 10 20 8
50 985 11 41 18
51 1061 10 8 23
51 909 9 14 18
51 1061 10 14 23
52 463 10 7 8
53 781 10 15 18
54 239 11 54 3
56 683 10 59 13
56 220 10 36 3
56 958 10 24 18
58 686 10 47 13
58 395 9 4 8
58 864 9 17 18
58 835 9 41 18
59 352 9 15 8
60 961 10 42 18
60 388 9 17 8
61 618 9 59 13
61 1118 9 52 23
62 343 9 9 8
62 1158 9 39 23
63 93 9 52 3
63 1031 10 19 23
63 439 9 52 8
63 1148 9 6 23
63 64 9 52 3
64 410 9 7 8
64 1165 9 8 23
64 249 11 20 8
65 883 9 18 18
66 961 10 20 18
66 264 11 53 8
66 353 9 26 8
67 315 9 27 8
67 1137 8 8 23
67 1126 8 25 23
68 525 10 34 13
68 788 10 2 18
68 878 8 17 18
68 796 10 10 18
69 538 10 18 13
69 999 11 56 18
69 521 10 7 13
70 1030 10 35 23
70 551 10 29 13
70 183 9 14 3
71 313 9 17 8
71 855 8 47 18
71 972 10 13 18
71 1184 9 1 23
71 306 9 56 8
71 527 10 52 13
71 374 8 53 8
72 267 11 15 8
72 263 11 45 8
73 1218 10 0 23
73 317 9 0 8
74 1145 8 44 23
76 535 10 0 13
76 423 9 12 8
76 291 10 2 8
76 1184 9 13 23
76 1008 11 5 18
76 558 9 20 13
77 219 10 40 3
77 565 9 5 13
77 23 10 38 3
77 566 9 14 13
78 397 8 7 8
79 656 8 55 13
80 360 8 17 8
80 14 10 17 3
80 1026 10 43 23
80 1217 10 24 23
81 538 10 52 13
81 1238 11 13 23
81 767 10 38 18
82 917 9 1 18
82 513 10 0 13
82 865 8 43 18
82 423 9 55 8
82 615 8 48 13
82 318 9 27 8
82 184 9 48 3
82 1069 9 4 23
82 920 9 4 18
83 1184 9 40 23
85 217 10 56 3
86 440 9 49 8
86 942 9 33 18
86 975 10 8 18
86 2 11 51 3
87 639 8 46 13
87 491 11 5 8
88 695 9 4 13
88 350 8 18 8
88 315 9 11 8
89 969 10 42 18
90 531 10 32 13
90 525 10 10 13
90 799 9 37 18
91 443 9 41 8
92 338 8 28 8
92 1103 8 20 23
92 1054 9 5 23
93 320 9 12 8
93 674 8 25 13
95 1226 10 35 23
95 3 11 6 3
96 440 9 17 8
96 747 11 10 13
96 1205 9 1 23
96 77 8 6 3
97 78 8 38 3
97 1191 9 41 23
97 287 10 2 8
97 835 8 42 18
97 386 8 22 8
98 105 8 58 3
99 575 8 23 13
99 381 7 47 8
99 69 9 58 3
100 105 8 7 3
101 769 10 33 18
101 780 10 3 18
102 187 9 11 3
102 77 8 51 3
102 798 9 6 18
102 865 7 53 18
103 1000 11 15 18
103 580 8 17 13
104 318 9 22 8
104 160 8 57 3
105 534 10 37 13
105 1187 9 34 23
105 90 8 54 3
106 712 9 49 13
107 1012 10 0 23
107 159 8 22 3
107 104 7 47 3
108 1202 9 17 23
108 705 9 32 13
110 951 9 48 18
110 999 11 23 23
110 515 10 2 13
111 216 10 22 3
111 53 9 25 3
111 701 9 45 13
111 958 9 36 18
111 921 8 15 18
111 1063 9 0 23
111 160 8 23 3
112 575 8 13 13
113 1228 10 7 23
113 788 9 48 18
114 1 11 17 3
115 394 7 18 8
116 778 10 39 18
116 497 11 23 13
117 753 11 11 13
118 1118 7 46 23
118 1083 8 32 23
118 274 10 25 8
118 201 9 43 3
118 583 8 9 13
119 755 11 0 18
119 26 10 38 3
120 991 10 51 18
120 93 8 52 3
121 262 10 0 8
121 1222 10 38 23
121 1104 7 1 23
124 154 7 24 3
124 814 9 19 18
125 42 9 17 3
125 359 7 27 8
125 555 9 41 13
126 488 10 34 8
126 992 10 4 18
126 1078 8 17 23
126 968 10 50 18
127 503 11 4 8
128 467 10 32 8
128 318 8 3 8
128 213 9 12 3
128 697 9 20 13
129 130 7 12 3
130 774 10 22 18
130 1043 9 59 23
130 722 10 28 13
131 278 10 26 8
131 1133 7 37 23
132 554 9 0 13
132 420 8 51 8
132 621 7 21 13
133 321 8 2 8
134 858 7 43 18
134 715 10 51 13
134 1231 10 53 23
134 817 8 35 18
135 152 7 43 3
135 10 10 31 3
136 1159 8 37 23
136 833 8 7 18
136 848 7 50 18
137 739 10 54 13
137 394 7 26 8
137 818 8 23 18
138 1095 8 28 23
139 382 7 30 8
140 11 10 32 3
141 625 7 10 13
141 13 10 27 3
141 263 10 4 8
142 433 9 14 8
142 1065 9 39 23
143 397 7 24 8
143 853 7 18 18
143 1103 7 53 23
144 1122 7 15 23
144 620 7 46 13
145 143 7 19 3
145 885 7 53 18
145 67 9 39 3
145 211 9 11 3
146 1185 9 6 23
146 946 9 41 18
148 183 9 54 3
150 1140 7 57 23
150 550 9 34 13
151 83 8 22 3
151 300 9 32 8
151 787 10 57 18
152 1066 9 51 23
152 142 8 39 3
153 752 11 40 13
154 84 8 37 3
154 51 9 58 3
154 946 9 3 18
154 666 8 57 13
154 603 8 28 13
154 222 10 36 3
154 354 8 8 8
155 92 8 55 3
155 328 8 40 8
156 147 8 14 3
156 751 11 26 13
157 1227 10 57 23
158 410 8 32 8
159 707 9 20 13
159 787 10 12 18
160 1006 11 11 18
161 1189 9 31 23
162 306 9 57 8
163 1185 9 50 23
163 1170 8 34 23
164 929 9 3 18
164 1208 10 31 23
164 399 8 21 8
164 762 10 52 18
165 22 10 57 3
165 476 10 43 8
165 614 8 24 13
165 1102 8 54 23
166 556 9 26 13
166 924 9 56 18
166 533 10 26 13
167 224 10 3 3
168 137 8 54 3
168 1163 8 30 23
169 951 9 52 18
169 180 9 14 3
170 446 9 58 8
170 437 9 0 8
170 1049 9 2 23
170 1240 11 30 23
171 576 9 6 13
171 191 9 28 3
171 1127 8 27 23
171 770 10 39 18
171 92 8 40 3
172 877 8 32 18
172 839 8 50 18
172 1007 11 4 18
172 314 9 29 8
173 915 9 32 18
173 873 8 38 18
173 246 11 25 3
173 971 10 3 18
173 622 8 59 13
173 85 9 17 3
174 655 8 52 13
175 1205 10 42 23
175 104 8 34 3
175 1083 9 46 23
176 800 10 0 18
176 1187 9 30 23
176 147 8 5 3
177 807 9 3 18
178 304 9 16 8
178 553 9 35 13
179 690 9 48 13
180 86 9 30 3
180 991 11 33 18
180 242 11 48 8
180 673 9 32 13
180 742 11 55 13
180 345 9 55 8
181 613 8 53 13
181 1069 9 23 23
182 607 8 26 13
182 1020 10 25 23
183 553 10 47 13
183 943 9 8 18
184 865 8 29 18
184 804 10 8 18
185 301 10 40 8
185 87 9 0 3
185 1156 9 33 23
186 980 11 35 18
186 825 9 59 18
186 152 9 43 3
186 1221 10 27 23
187 770 11 34 18
187 1095 9 9 23
187 1194 10 5 23
188 124 9 34 3
188 1202 10 31 23
188 1167 9 10 23
189 598 9 30 13
189 626 9 47 13
190 565 9 37 13
190 1211 10 18 23
191 377 9 9 8
191 1176 9 2 23
191 519 11 58 13
191 288 10 34 8
192 238 11 58 3
192 23 11 45 3
192 649 9 27 13
193 1002 11 13 18
193 80 9 3 3
193 1244 11 44 23
194 228 11 0 3
194 414 9 11 8
195 30 10 6 3
195 57 10 8 3
196 777 11 43 18
196 195 10 6 3
196 925 9 34 18
196 197 10 18 3
196 95 9 57 3
196 1179 9 9 23
198 961 10 37 18
198 595 9 31 13
198 787 10 18 18
199 444 10 43 8
199 971 11 58 18
199 610 9 41 13
199 992 11 45 18
200 553 10 28 13
200 586 9 28 13
201 1060 10 23 23
201 1134 9 38 23
201 432 10 29 8
201 54 10 25 3
202 899 9 36 18
202 879 9 3 18
202 121 9 23 3
202 1191 10 14 23
202 900 9 22 18
203 578 10 36 13
204 957 10 17 18
205 379 9 59 8
205 221 11 36 3
206 68 10 21 3
206 484 11 5 8
206 1192 10 37 23
206 31 11 4 3
206 490 11 3 8
207 133 9 3 3
207 336 10 15 8
207 310 10 0 8
208 613 9 12 13
209 595 9 44 13
211 7 11 24 3
211 900 9 22 18
211 1203 10 27 23
211 620 9 22 13
211 781 11 3 18
212 831 10 5 18
212 563 10 42 13
212 270 11 23 8
213 308 10 28 8
213 749 12 12 13
214 1244 11 52 23
214 444 10 53 8
214 905 10 48 18
215 525 11 56 13
216 830 10 9 18
216 872 10 54 18
217 911 10 10 18
218 393 10 45 8
219 385 10 12 8
219 943 10 9 18
219 813 10 14 18
219 1236 11 33 23
219 445 10 6 8
220 103 10 43 3
220 678 10 29 13
221 269 11 9 8
221 1109 10 46 23
221 392 10 36 8
221 187 10 2 3
223 612 10 50 13
223 1060 10 21 23
223 988 11 26 18
224 188 10 12 3
224 4 12 40 3
224 146 10 40 3
225 379 10 7 8
225 841 10 45 18
225 186 10 22 3
226 143 10 30 3
226 945 11 5 18
227 64 10 34 3
228 441 11 22 8
228 352 10 51 8
230 750 12 14 13
231 873 10 10 18
232 1204 11 0 23
234 699 11 1 13
234 69 11 21 3
235 19 12 37 3
235 624 10 13 13
235 54 11 22 3
235 112 10 43 3
236 688 11 38 13
237 161 10 29 3
238 1120 10 18 23
238 1028 11 59 23
238 961 11 38 18
238 841 10 56 18
239 851 10 28 18
239 719 11 32 13
239 864 10 46 18
241 340 11 49 8
241 28 12 58 3
241 139 10 50 3
241 935 11 21 18
242 927 11 38 18
242 928 11 57 18
242 1168 11 59 23
242 303 11 52 8
242 418 11 27 8
243 870 10 4 18
243 1054 11 18 23
243 659 11 42 13
243 350 11 55 9
243 491 12 25 13
244 687 11 52 13
245 439 11 47 8
245 37 11 26 3
246 900 11 5 18
246 877 11 17 18
246 297 11 39 8
247 650 11 28 13
247 1060 11 0 23
247 506 12 9 8
247 1 12 57 3
247 687 11 19 13
247 409 11 0 8
249 489 12 27 8
249 1031 12 15 24
250 1144 11 28 23
250 1086 11 0 23
250 1053 11 54 23
250 382 11 17 8
251 957 11 58 19
252 1010 12 44 23
252 1081 11 31 23
252 907 11 29 18
253 1040 11 42 24
253 428 11 30 9
253 716 12 21 13
254 1144 11 1 23
254 647 11 26 13
255 342 11 32 8
256 1191 11 43 23
256 479 12 14 8
258 406 11 57 8
258 429 11 36 8
259 431 11 1 8
259 1165 11 23 23
259 900 10 41 19
259 709 11 18 14
260 939 11 54 18
261 655 10 9 14
261 735 12 11 13
262 166 11 55 3
262 594 10 58 14
263 38 11 22 4
263 170 11 55 3
263 1185 11 26 24
263 1004 12 29 19
264 1011 12 24 19
264 847 10 26 19
264 861 10 23 19
264 258 12 33 9
265 916 10 24 19
265 701 11 0 14
266 1196 11 4 24
266 1044 11 45 24
266 446 11 42 9
266 124 10 34 4
267 956 11 59 19
267 711 11 35 14
267 460 11 1 9
268 1153 10 31 24
268 686 11 19 14
268 950 11 7 19
268 1157 10 28 24
270 428 10 55 9
271 3 12 8 4
271 728 11 43 14
271 775 11 28 19
272 25 11 19 4
272 1111 10 29 24
273 947 11 30 19
273 102 10 30 4
273 638 10 24 14
274 179 10 28 4
275 190 10 44 4
275 967 11 19 19
276 1074 10 46 24
276 830 10 13 19
277 441 10 43 9
277 3 12 12 4
278 269 11 37 9
279 543 11 17 14
279 603 10 29 14
280 593 10 37 14
281 472 11 21 9
281 525 11 14 14
281 869 10 11 19
282 1023 11 48 24
282 1047 11 13 24
283 718 11 46 14
283 309 10 41 9
284 269 11 36 9
285 1049 10 5 24
285 1148 10 48 24
285 1126 10 56 24
286 670 10 52 14
286 1199 10 56 24
286 855 10 39 19
287 836 10 13 19
288 1076 10 7 24
289 260 11 8 9
290 148 9 35 4
291 1027 11 29 24
291 675 10 32 14
292 938 10 55 19
292 196 10 13 4
292 451 10 44 9
292 14 11 42 4
293 969 11 27 19
294 1155 9 27 24
294 106 9 54 4
294 516 11 56 14
294 1230 11 44 24
294 612 9 23 14
294 579 10 25 14
295 950 10 58 19
296 190 10 30 4
296 764 11 36 19
297 60 10 46 4
297 714 10 35 14
298 89 9 14 4
298 1044 10 27 24
299 644 9 12 14
299 798 10 12 19
300 1122 9 7 24
300 114 9 8 4
300 398 9 56 9
300 476 11 3 9
301 851 9 40 19
301 161 9 9 4
302 1016 11 3 24
302 218 10 40 4
302 870 9 36 19
302 332 9 32 9
303 702 10 5 14
305 424 9 32 9
305 51 10 46 4
305 979 11 49 19
306 913 9 14 19
307 366 9 13 9
307 78 9 8 4
307 292 10 8 9
307 739 11 1 14
307 958 10 45 19
307 1051 10 24 24
307 414 9 26 9
308 824 9 43 19
308 38 10 54 4
309 756 11 54 14
309 798 10 29 19
309 1052 10 29 24
309 652 9 8 14
311 647 9 48 14
312 575 9 33 14
312 219 10 20 4
312 314 9 55 9
313 633 9 34 14
314 553 10 17 14
314 376 9 50 9
315 975 10 6 19
315 883 9 18 19
316 614 9 53 14
317 550 10 38 14
317 783 10 55 19
318 362 8 26 9
318 1234 11 43 24
320 1157 9 19 24
320 831 9 4 19
320 96 9 24 4
320 104 8 33 4
320 787 10 17 19
321 993 11 25 19
321 432 9 33 9
324 745 11 10 14
324 891 8 10 19
325 860 8 57 19
325 687 9 36 14
327 1186 9 53 24
327 1098 8 43 24
328 803 9 30 19
329 578 9 14 14
330 284 10 13 9
330 12 11 38 4
332 974 10 54 19
333 114 8 38 4
333 124 8 51 4
333 825 9 49 19
333 1189 9 12 24
333 299 9 0 9
333 164 8 31 4
334 759 11 18 14
334 1024 10 10 24
335 1116 8 25 24
335 256 11 57 4
335 812 9 57 19
336 326 9 43 9
336 683 9 32 14
336 286 10 16 9
336 315 9 47 9
337 231 10 49 4
337 764 10 49 19
337 998 11 56 19
338 1109 8 14 24
338 16 10 23 4
338 159 8 6 4
338 454 9 24 9
339 102 8 12 4
339 1147 8 42 24
340 799 9 9 19
340 1055 9 56 24
340 829 8 4 19
341 289 10 23 9
342 922 8 1 19
342 908 8 34 19
343 1050 9 17 24
344 951 9 39 19
344 1072 9 25 24
344 179 9 58 4
345 823 9 44 19
345 398 8 17 9
346 899 8 29 19
347 823 8 2 19
347 726 10 28 14
348 99 8 46 4
349 1184 9 51 24
350 538 10 17 14
350 654 8 29 14
350 506 11 24 14
351 80 8 34 4
351 804 9 8 19
351 317 9 5 9
352 529 10 15 14
352 1029 10 4 24
353 1214 10 19 24
353 817 9 30 19
353 823 8 2 19
354 587 8 35 14
354 70 8 43 4
356 492 10 36 9
356 134 7 44 4
356 1168 8 31 24
356 132 7 40 4
357 804 9 59 19
358 485 10 24 9
358 1222 10 15 24
359 57 9 8 4
360 1112 7 3 24
360 1 11 32 4
360 271 10 6 9
361 71 8 47 4
361 1150 7 42 24
362 546 9 27 14
362 598 7 42 14
363 813 9 10 19
363 108 7 14 4
363 36 9 33 4
363 123 7 19 4
365 232 10 35 4
365 15 10 49 4
365 60 9 53 4
366 1151 7 44 24
366 591 8 46 14
366 1113 7 1 24
366 923 8 40 19
367 463 9 5 9
368 215 10 31 4
368 112 7 43 4
368 199 9 32 4
368 923 8 6 19
368 502 11 11 9
368 622 7 8 14
368 265 10 29 9
368 629 7 52 14
368 328 8 59 9
369 471 10 53 9
369 332 8 59 9
369 1150 7 7 24
369 273 10 57 9
370 852 7 31 19
370 61 9 5 4
370 2 11 36 4
373 1076 8 13 24
373 613 7 25 14
373 761 10 10 19
373 662 8 15 14
376 753 11 39 19
377 682 8 36 14
377 270 10 27 9
377 418 8 6 9
377 1132 7 25 24
378 12 10 20 4
379 327 8 42 9
379 974 10 12 19
380 224 10 13 4
380 538 9 23 14
380 1181 8 9 24
381 850 7 45 19
382 1167 8 58 24
382 1206 9 34 24
383 851 7 43 19
384 1074 8 9 24
384 544 9 42 14
384 813 9 13 19
384 1215 10 53 24
385 766 10 42 19
385 357 7 6 9
386 680 8 52 14
387 925 8 41 19
387 36 9 55 4
387 1159 8 16 24
388 918 8 39 19
388 585 8 24 14
388 1231 10 21 24
388 234 10 4 4
389 895 7 34 19
389 336 8 37 9
390 559 9 35 14
390 853 7 10 19
390 871 7 56 19
390 1159 8 41 24
390 649 7 28 14
391 218 10 16 4
391 160 8 24 4
392 253 11 32 9
392 1048 9 22 24
392 751 11 39 14
392 815 9 41 19
393 1085 8 7 24
393 71 8 37 4
393 824 8 7 19
394 618 7 42 14
394 260 10 38 9
395 99 8 50 4
395 86 8 55 4
396 250 11 32 4
396 429 8 24 9
396 489 10 54 9
398 651 8 24 14
398 550 9 57 14
398 988 10 41 19
398 173 8 40 4
398 1226 10 36 24
398 791 9 5 19
399 711 9 2 14
399 115 7 40 4
400 957 9 40 19
400 917 8 31 19
400 1236 10 15 24
401 1173 8 42 24
401 43 9 27 4
401 927 8 49 19
403 896 8 10 19
404 339 8 35 9
404 614 8 13 14
404 437 9 42 9
406 1181 9 57 24
407 205 9 52 4
408 1178 9 16 24
408 271 10 56 9
408 572 9 21 14
409 748 11 23 19
409 1106 8 39 24
411 1232 10 59 24
411 339 8 5 9
411 744 11 26 14
411 132 8 23 4
411 478 10 29 9
412 105 8 12 4
412 765 10 48 19
412 1122 8 19 24
413 292 10 54 9
413 563 9 20 14
413 497 11 55 9
413 1056 9 51 24
413 399 8 14 9
414 192 9 28 4
415 253 11 23 4
415 205 9 37 4
416 1050 9 35 24
416 706 10 6 14
417 923 9 4 19
417 1139 8 24 24
418 627 8 8 14
418 1026 10 32 24
419 872 8 29 19
421 117 8 51 4
421 1222 10 21 24
421 1243 11 13 24
422 570 9 59 14
422 282 10 18 9
423 1002 11 34 24
423 920 9 22 19
424 196 9 49 4
424 733 10 26 14
424 1243 11 28 24
425 221 10 7 4
425 454 10 49 9
427 470 10 49 9
427 929 9 12 19
428 1130 8 29 24
428 48 10 8 4
428 789 10 58 19
428 230 10 42 4
428 253 11 56 4
428 654 9 49 14
429 351 8 56 9
430 708 10 24 14
431 662 9 5 14
431 246 11 34 4
432 499 11 59 9
433 215 10 11 4
433 1167 9 30 24
436 236 11 16 4
437 77 9 11 4
437 922 9 2 19
439 357 9 45 9
439 573 9 2 14
439 730 11 24 14
440 1027 10 51 24
440 285 10 53 9
441 479 11 34 9
441 741 11 25 14
442 1184 9 16 24
442 59 10 15 4
444 594 9 43 14
444 985 11 36 19
445 121 9 22 4
445 994 11 25 19
446 139 9 17 4
446 793 10 26 19
446 1250 11 46 24
446 54 10 26 4
447 1231 11 24 24
447 857 9 28 19
447 190 10 22 4
447 570 10 6 14
448 219 10 17 4
449 174 9 38 4
449 898 9 11 19
450 1124 9 43 24
450 488 11 29 9
451 396 9 14 9
451 402 9 13 9
451 1145 9 45 24
451 266 11 25 9
452 658 9 8 14
452 930 10 23 19
452 77 10 20 4
453 412 9 24 9
454 1010 11 14 24
455 1073 10 13 24
455 1139 9 58 24
455 1120 9 31 24
456 414 9 21 9
457 863 9 5 19
457 299 10 7 9
457 721 11 57 14
458 242 11 19 4
458 102 9 32 4
459 16 11 15 4
459 649 9 46 14
459 344 9 18 9
460 855 9 33 19
460 77 10 10 4
460 472 11 39 9
461 462 11 47 9
461 872 9 8 19
462 437 10 56 9
462 342 10 25 9
463 1112 9 19 24
463 287 11 39 9
463 1204 10 46 24
463 818 10 25 19
464 928 10 44 19
464 1075 10 24 24
464 300 10 51 9
464 245 11 52 4
464 370 9 39 9
465 1013 11 11 24
465 876 10 16 19
467 1212 11 53 24
467 531 11 16 14
467 1080 10 6 24
467 1196 10 16 24
469 362 10 38 9
469 685 10 3 14
469 138 10 23 4
470 607 10 27 14
470 319 10 23 9
470 754 12 47 14
470 827 10 34 19
470 751 12 9 14
471 486 11 6 9
471 1204 11 7 24
471 857 10 11 19
471 873 10 45 19
472 657 10 46 14
473 1143 10 20 24
473 563 10 33 14
474 905 10 3 19
474 17 11 31 4
474 446 11 4 9
474 39 11 50 4
475 629 10 57 14
476 1228 11 48 24
476 399 10 14 9
476 1023 11 40 24
477 536 11 41 14
477 365 10 53 9
478 428 10 43 9
478 869 10 49 19
478 435 10 38 9
478 340 10 59 9
480 589 10 48 14
480 586 10 54 14
480 440 11 29 9
481 924 10 51 19
483 491 12 10 9
483 537 11 57 14
483 592 10 14 14
484 1182 11 57 24
484 259 12 31 9
484 1249 12 15 24
485 489 12 55 9
485 528 11 31 14
485 626 10 19 14
486 367 10 32 9
486 1092 10 17 24
486 585 10 31 14
487 472 11 5 9
487 174 11 21 4
487 1146 10 2 24
487 840 10 1 19
488 59 11 11 4
488 1109 10 51 24
488 275 12 50 9
489 780 11 17 19
491 629 10 31 14
491 102 10 23 4
491 1026 12 2 24
491 1067 11 14 24
492 1027 12 12 25
492 1056 11 40 24
493 1123 10 14 24
495 1152 11 52 24
495 184 11 26 4
495 1166 11 35 24
495 710 11 36 14
496 154 11 28 4
497 303 11 32 9
497 129 11 42 4
498 906 11 26 19
498 374 11 56 9
499 272 12 58 9
500 1166 11 13 24
501 937 11 27 19
501 835 11 17 19
502 1014 12 46 24
502 63 11 44 4
503 740 12 48 14
503 640 11 43 14
503 125 11 57 4
504 602 11 42 14
506 501 12 45 10
506 884 10 8 20
508 238 12 34 4
508 355 10 35 10
508 284 11 17 10
509 69 11 57 4
509 355 10 58 10
509 924 11 19 19
509 332 11 12 9
510 963 11 2 20
510 624 10 51 15
511 412 10 18 10
511 34 11 47 5
512 307 11 18 10
512 976 12 53 19
513 763 12 23 15
514 429 11 38 9
514 781 11 18 20
514 575 11 5 15
515 129 10 4 5
515 363 10 14 10
515 766 12 3 19
516 687 11 10 15
516 622 10 41 15
516 535 11 12 15
517 112 10 56 5
517 30 11 17 5
517 236 12 52 5
517 225 11 39 5
517 638 10 15 15
518 955 11 27 20
518 1126 10 16 25
518 99 10 15 5
518 1203 11 53 25
519 451 11 51 10
519 686 11 25 15
520 86 10 50 5
520 458 11 41 10
520 75 10 44 5
521 453 11 54 10
521 955 11 36 20
521 344 10 28 10
522 1049 11 12 25
522 599 10 23 15
522 859 10 38 20
522 336 10 58 10
523 967 11 46 20
525 775 11 16 20
525 1099 10 16 25
525 11 12 51 5
525 1073 10 13 25
525 748 12 22 15
526 965 11 47 20
527 196 11 23 5
527 441 10 55 10
530 994 12 51 20
530 1007 12 19 20
531 839 10 12 20
531 652 10 36 15
532 78 10 50 5
532 909 10 19 20
533 607 10 3 15
533 357 10 7 10
533 557 10 27 15
533 1032 11 48 25
534 462 11 50 10
534 895 10 52 20
536 4 12 38 5
537 256 11 32 10
537 1071 10 28 25
537 1199 10 33 25
538 1095 10 8 25
538 840 10 56 20
538 58 10 37 5
539 394 9 23 10
539 569 10 34 15
541 149 9 27 5
541 902 9 9 20
541 361 9 51 10
542 688 10 43 15
543 977 11 52 20
543 970 11 4 20
547 393 9 57 10
548 366 9 31 10
549 604 9 19 15
551 1088 9 52 25
552 470 10 15 10
552 177 9 38 5
552 971 11 5 20
553 336 9 51 10
553 515 11 20 15
554 150 9 16 5
554 1248 11 46 25
556 1020 11 27 25
556 451 10 43 10
557 442 10 34 10
558 732 11 10 15
558 1009 11 27 20
559 1238 11 4 25
559 101 9 42 5
560 304 10 56 10
560 748 11 37 15
561 271 11 42 10
561 734 11 52 15
561 521 11 7 15
561 405 9 57 10
562 1043 10 27 25
563 1097 9 34 25
563 99 9 6 5
563 555 10 10 15
564 1236 11 10 25
564 502 11 50 10
564 493 11 14 10
564 472 10 7 10
564 1240 11 22 25
564 704 10 33 15
564 394 9 0 10
565 73 9 29 5
567 490 11 3 15
567 557 9 57 15
567 621 8 20 15
568 826 9 23 20
568 210 10 5 5
569 986 11 58 20
571 102 8 43 5
571 758 11 49 15
571 975 10 32 20
573 433 9 53 10
573 1153 8 16 25
574 334 9 36 10
574 530 10 27 15
575 634 8 12 15
575 1172 9 6 25
576 622 8 1 15
576 486 11 57 10
576 515 11 13 10
577 1181 9 58 25
577 27 10 24 5
577 614 8 39 15
579 260 11 56 5
579 1065 9 34 25
580 278 10 49 10
580 29 10 46 5
580 520 10 40 15
581 596 8 49 15
581 1143 8 0 25
581 161 8 5 5
581 598 8 41 15
582 745 11 21 20
583 204 9 8 5
584 739 11 38 15
585 657 8 41 15
585 592 8 23 15
585 1159 8 43 25
585 1058 9 31 25
586 593 8 58 15
586 429 9 24 10
586 486 10 3 10
586 1199 9 43 25
587 1040 10 33 25
587 1096 8 32 25
588 60 9 2 5
588 205 9 37 5
588 1124 8 30 25
590 418 8 3 10
590 765 10 34 20
592 961 10 35 20
592 81 8 53 5
592 24 10 58 5
593 422 8 14 10
593 53 9 49 5
593 58 9 24 5
593 726 10 56 15
593 1062 9 28 25
594 1205 9 4 25
594 444 9 45 10
595 326 8 20 10
595 181 9 1 5
595 1239 10 18 25
595 537 10 42 15
596 1156 8 9 25
596 823 8 56 20
596 515 10 15 15
596 522 10 25 15
596 958 9 31 20
596 392 8 47 10
598 174 8 23 5
599 183 9 48 5
599 874 7 42 20
599 1250 11 7 25
600 169 8 21 5
600 478 10 6 10
600 345 8 9 10
601 887 7 58 20
602 341 8 36 10
603 433 9 5 10
604 1195 9 33 25
605 956 9 3 20
605 507 10 58 15
605 156 8 23 5
606 80 8 10 5
607 188 9 40 5
610 231 10 48 5
610 847 8 6 20
610 243 10 0 5
610 426 8 44 10
611 892 7 43 20
611 699 9 12 15
611 552 9 38 15
611 53 9 1 5
611 1197 9 46 25
612 302 9 47 10
612 540 9 49 15
612 488 10 2 10
612 257 10 4 10
613 584 8 12 15
613 885 7 41 20
613 333 8 28 10
614 707 9 0 15
614 829 8 15 20
614 987 10 27 20
615 1024 10 21 25
615 423 8 22 10
616 1248 11 28 25
617 737 10 12 15
618 836 8 50 20
618 880 7 33 20
618 83 8 37 5
618 1227 10 54 25
620 999 11 24 20
620 1164 8 0 25
621 110 7 4 5
621 732 10 56 15
622 1228 10 40 25
623 798 9 2 20
623 594 8 48 15
624 197 9 17 5
624 761 10 45 20
625 525 10 0 15
626 838 8 55 20
627 1137 7 38 25
628 908 8 47 20
628 500 11 34 15
629 326 8 19 10
629 1069 8 41 25
629 416 8 39 10
630 353 7 31 10
630 117 7 14 5
630 505 11 59 10
630 484 10 32 10
630 259 10 29 10
630 370 7 26 10
631 161 8 45 5
632 561 9 43 15
632 441 9 54 10
633 736 10 49 15
633 459 9 34 10
634 187 9 20 5
635 1006 10 26 25
635 933 8 20 20
635 243 10 36 5
635 1114 7 27 25
635 543 9 24 15
635 184 8 32 5
637 860 7 59 20
637 489 10 26 10
637 1065 9 12 25
638 259 10 16 10
638 377 7 3 10
639 445 9 12 10
639 585 8 11 15
639 1096 8 33 25
639 103 7 51 5
639 47 9 38 5
640 269 10 52 10
640 237 10 24 5
641 175 8 17 5
642 157 8 15 5
642 23 10 30 5
642 906 8 16 20
643 753 11 39 15
643 1162 8 0 25
643 805 9 34 20
644 449 9 17 10
644 997 11 43 20
645 411 8 20 10
647 1216 10 6 25
647 402 8 9 10
647 750 11 40 15
647 836 8 33 20
648 1084 8 29 25
649 848 8 8 20
650 892 8 52 20
651 93 8 45 5
653 759 10 32 20
653 233 10 51 5
653 54 9 3 5
653 459 9 44 10
653 686 9 0 15
653 1099 8 58 25
654 578 8 49 15
654 423 8 3 10
654 127 7 31 5
654 995 11 32 25
655 818 9 41 20
656 673 8 15 15
656 1155 8 57 25
656 216 10 58 5
657 376 8 23 10
658 166 8 27 5
658 1052 9 6 25
659 147 8 2 5
660 764 10 19 20
660 439 9 40 10
661 1249 11 19 25
661 200 9 55 5
662 313 9 1 10
662 39 10 18 5
663 94 8 4 5
663 444 9 33 10
663 1015 10 43 25
664 638 8 26 15
665 1000 11 42 20
666 990 11 35 20
666 590 8 11 15
666 681 9 14 15
668 449 9 18 10
668 696 9 15 15
668 193 9 59 5
669 684 9 18 15
669 765 10 5 20
670 1103 8 48 25
670 423 9 22 10
671 1148 8 29 25
671 809 9 12 20
672 87 9 3 5
673 766 10 44 20
673 183 9 9 5
675 478 10 54 10
675 1158 8 7 25
676 378 8 29 10
676 816 9 52 20
677 772 10 2 20
678 125 8 40 5
678 972 10 33 20
678 1058 9 13 25
679 857 8 35 20
679 637 8 26 15
679 531 10 31 15
680 949 10 32 20
680 359 8 59 10
682 1122 8 14 25
682 120 8 50 5
682 11 11 41 5
683 207 10 41 5
684 737 11 53 15
684 1170 9 48 25
685 55 10 0 5
685 45 10 0 5
685 551 10 47 15
686 995 11 18 20
687 293 10 6 10
687 33 10 27 5
687 1222 10 32 25
687 524 10 35 15
688 806 10 39 20
688 226 10 28 5
688 569 9 19 15
688 608 9 41 15
689 34 10 22 5
689 963 10 19 20
689 56 10 2 5
689 892 9 14 20
689 1245 11 13 25
691 320 9 42 10
692 342 9 39 10
692 403 9 26 10
692 372 9 10 10
693 898 9 5 20
693 814 10 58 20
693 997 11 34 20
694 178 9 5 5
694 839 9 4 20
695 345 9 16 10
695 776 11 38 20
696 96 9 46 5
696 324 9 9 10
696 572 9 26 15
696 876 9 46 20
696 1121 9 10 25
697 1188 10 5 25
697 1028 11 56 25
698 1165 9 16 25
698 1136 9 24 25
698 1160 9 29 25
698 933 10 51 20
699 958 10 56 20
699 959 10 57 20
699 572 10 2 15
700 287 10 37 10
700 215 10 11 5
700 595 9 13 15
700 238 11 31 5
701 927 10 17 20
701 632 9 26 15
702 618 9 5 15
702 871 9 49 20
702 18 11 45 5
703 278 11 7 10
704 640 9 54 15
704 867 9 43 20
704 968 11 33 20
704 537 10 51 15
704 451 10 39 10
704 480 11 49 10
705 39 10 22 5
705 646 9 25 15
705 229 11 59 5
705 763 11 48 20
706 805 10 3 20
706 410 9 9 10
706 1160 9 46 25
706 92 9 0 5
707 275 11 17 10
709 1093 9 10 25
710 741 11 21 15
711 520 11 0 15
711 599 9 6 15
711 263 11 18 10
711 268 11 54 10
711 1022 11 35 25
711 653 10 21 15
713 728 11 8 15
713 340 10 58 10
714 284 11 30 10
714 905 10 26 20
714 382 9 4 10
715 506 11 19 15
715 450 10 11 10
715 844 10 3 20
716 1242 11 6 25
716 870 10 46 20
716 484 11 37 10
716 656 10 57 15
716 94 10 18 5
716 749 12 26 20
717 494 12 19 10
718 658 10 43 15
718 1187 10 25 25
718 805 10 0 20
719 1070 10 47 25
719 938 10 26 20
719 71 10 38 5
719 265 11 39 10
719 648 10 43 15
720 295 11 48 10
720 725 11 0 15
720 702 11 43 15
721 276 11 47 10
721 1221 11 10 25
721 171 10 38 5
722 1059 10 14 25
722 660 10 31 15
723 555 11 38 15
723 271 11 13 10
723 473 11 53 10
725 607 10 56 15
725 444 11 9 10
725 62 10 13 5
726 560 11 0 15
726 74 10 12 5
727 356 10 19 10
727 298 11 46 10
728 752 12 49 20
728 1155 10 8 25
729 156 10 4 5
729 127 10 8 5
729 606 10 20 15
729 644 10 40 15
730 708 11 33 15
730 501 12 20 10
731 1237 12 19 25
732 348 10 52 10
732 701 11 58 15
733 979 11 58 20
733 842 10 27 20
733 549 11 38 15
733 1011 12 58 20
734 385 10 3 10
735 243 12 17 5
736 760 12 8 15
736 422 11 33 10
737 514 12 24 15
737 197 11 31 5
737 817 11 11 20
737 589 10 29 15
738 637 10 24 15
740 737 12 59 20
741 110 10 38 5
742 413 11 37 10
742 1040 11 59 25
742 120 10 42 5
742 529 12 48 15
743 290 11 38 10
743 864 10 32 20
744 216 11 49 5
744 1097 11 34 25
744 207 11 32 5
745 875 10 9 20
745 306 11 14 10
745 33 12 5 5
745 499 12 29 10
747 16 12 33 5
748 249 12 49 10
748 622 11 19 15
748 1236 12 31 25
749 478 12 17 10
749 641 11 49 15
750 1153 11 29 25
750 572 11 20 16
750 9 12 59 5
751 443 11 29 10
752 1175 11 53 25
753 377 11 23 10
753 40 11 0 6
754 812 11 56 20
755 487 12 52 10
755 825 11 25 20
755 1021 12 55 25
755 1028 12 22 26
755 426 11 54 10
755 1224 12 55 25
757 197 11 4 6
757 650 11 35 15
758 905 11 33 20
758 1122 10 28 26
758 141 10 24 6
758 454 11 7 11
759 372 10 0 11
759 896 10 33 21
760 174 11 14 5
760 1025 12 58 25
760 932 11 54 20
760 186 11 47 5
761 303 11 47 11
761 252 12 5 6
762 596 10 11 16
762 780 11 4 21
763 1073 11 46 25
763 399 10 32 11
763 1092 10 24 26
764 466 11 45 11
764 760 12 2 16
764 397 10 9 11
765 834 10 8 21
766 957 11 2 21
766 218 11 5 6
767 1103 10 52 26
767 1003 12 19 21
768 221 11 1 6
768 613 10 14 16
769 556 11 6 16
769 344 10 48 11
769 662 10 19 16
770 834 10 41 21
770 914 10 13 21
771 953 11 47 21
771 230 11 5 6
772 1202 11 20 26
772 188 11 48 6
772 585 10 30 16
772 934 10 26 21
772 818 10 38 21
772 300 11 24 11
773 787 11 14 21
773 1169 10 25 26
773 1074 10 21 26
774 412 10 17 11
774 1180 10 22 26
775 253 12 7 6
775 939 10 49 21
776 277 11 46 11
777 725 11 53 16
778 572 10 51 16
779 220 11 48 6
779 765 11 53 21
779 453 11 46 11
779 701 11 45 16
780 809 10 46 21
781 1023 11 57 26
782 703 11 46 16
782 200 10 0 6
782 295 11 3 11
783 55 10 26 6
784 923 10 11 21
785 726 11 36 16
786 559 10 39 16
786 1224 11 51 26
787 1093 10 41 26
787 666 10 52 16
787 950 10 31 21
787 528 11 3 16
788 272 11 18 11
788 504 11 9 16
789 1080 10 27 26
789 1240 11 24 26
792 348 9 34 11
793 691 10 48 16
793 516 11 41 16
793 806 10 56 21
795 1249 11 56 26
795 1102 9 31 26
795 808 10 35 21
795 284 11 41 11
796 1024 11 14 26
796 1204 10 23 26
796 695 10 34 16
796 480 11 52 11
797 103 9 0 6
797 1021 11 12 26
797 474 11 42 11
798 950 10 39 21
800 907 9 13 21
800 101 9 45 6
800 728 11 5 16
801 109 9 16 6
801 1010 11 22 26
801 1146 9 37 26
801 1068 10 7 26
801 973 11 55 21
802 469 10 29 11
802 269 11 38 11
802 669 9 59 16
804 956 10 47 21
805 1178 9 47 26
805 303 10 18 11
805 318 10 4 11
805 678 9 14 16
805 1215 10 59 26
806 210 10 45 6
806 1206 10 10 26
806 938 10 47 21
806 108 9 8 6
806 557 10 37 16
808 540 10 28 16
808 888 9 15 21
808 967 10 52 21
809 478 11 54 11
809 147 9 7 6
810 1198 10 53 26
810 186 9 7 6
811 789 10 41 21
811 1215 10 32 26
811 605 9 12 16
812 911 9 27 21
813 1139 9 37 26
813 161 9 28 6
814 763 11 41 21
814 372 9 14 11
814 59 9 28 6
815 214 10 28 6
815 843 9 35 21
815 1240 11 6 26
816 1092 9 19 26
817 594 9 15 16
817 504 11 46 16
817 376 8 30 11
818 422 9 19 11
818 297 10 0 11
818 1069 9 29 26
819 661 9 4 16
819 347 9 10 11
820 270 10 8 11
820 1223 10 5 26
821 442 9 40 11
821 708 10 36 16
822 96 9 20 6
822 1083 9 32 26
823 226 10 22 6
823 447 9 19 11
824 1107 8 25 26
824 156 8 29 6
824 1076 9 1 26
825 1011 11 57 21
826 332 9 33 11
826 81 9 20 6
826 853 8 27 21
826 336 9 54 11
826 1162 9 53 26
827 130 8 33 6
827 1075 9 22 26
827 712 10 21 16
828 738 11 9 16
828 856 8 20 21
828 254 11 33 6
829 943 9 24 21
829 975 10 6 21
831 912 8 3 21
832 503 11 43 11
833 1056 9 6 26
834 76 9 24 6
835 750 11 39 16
835 1238 10 9 26
836 1018 10 32 26
837 263 10 44 11
837 1048 9 49 26
838 77 9 0 6
839 130 8 4 6
840 179 9 13 6
840 1100 8 22 26
840 1215 10 16 26
840 1212 10 39 26
840 515 10 44 16
841 1196 9 17 26
841 1 11 28 6
841 83 8 9 6
841 779 10 37 21
841 207 9 47 6
842 1042 9 3 26
842 1061 9 30 26
843 956 9 21 21
843 940 9 17 21
844 549 9 43 16
844 884 8 22 21
844 169 8 38 6
844 1026 10 16 26
845 996 11 46 26
845 740 10 44 16
847 533 10 11 16
847 204 9 21 6
848 497 11 43 11
849 450 9 35 11
849 807 9 52 21
849 824 8 44 21
849 649 8 7 16
851 1019 10 37 26
851 696 9 33 16
851 915 8 7 21
851 273 10 33 11
851 831 8 38 21
851 50 9 22 6
852 354 8 49 11
852 1124 7 9 26
852 402 8 6 11
852 258 10 58 11
852 119 7 38 6
852 755 11 15 21
852 104 8 35 6
853 157 8 17 6
853 881 7 11 21
854 1033 10 57 26
854 990 10 38 21
854 303 9 28 11
854 1010 10 41 26
855 239 10 0 6
855 319 8 6 11
855 441 9 49 11
855 624 7 38 16
855 295 9 43 11
856 1017 10 1 26
856 152 8 51 6
857 94 8 26 6
857 925 8 36 21
857 921 8 44 21
858 689 9 10 16
858 470 10 36 11
858 511 10 13 16
859 415 8 35 11
859 158 8 43 6
860 308 9 38 11
860 150 7 13 6
861 1074 8 57 26
862 112 7 20 6
862 1068 8 23 26
863 1007 10 3 26
863 558 9 18 16
864 78 8 53 6
864 9 10 11 6
864 678 8 46 16
864 74 8 10 6
864 684 9 22 16
865 226 10 43 6
865 754 11 41 16
865 1234 10 50 26
865 970 10 16 21
866 1147 7 33 26
866 149 7 49 6
866 1145 7 58 26
867 829 8 4 21
867 154 8 32 6
868 387 7 59 11
869 220 10 55 6
869 735 10 50 16
869 550 9 27 16
869 577 8 31 16
870 1085 8 52 26
871 106 7 55 6
871 705 9 36 16
871 119 7 19 6
872 1136 7 31 26
872 1210 9 15 26
873 567 8 32 16
873 512 10 28 16
873 694 9 27 16
874 1023 10 47 26
874 277 10 24 11
874 932 8 45 21
875 328 8 32 11
876 889 7 35 21
876 610 7 31 16
876 118 7 35 6
876 982 10 49 21
876 607 7 7 16
877 19 10 16 6
877 761 10 31 21
878 1010 10 15 26
878 1069 8 49 26
879 446 9 20 11
879 466 10 13 11
879 389 7 53 11
879 847 7 44 21
880 1193 9 4 26
880 524 10 41 16
880 180 8 26 6
880 1158 8 24 26
881 306 9 4 11
882 114 7 18 6
882 436 9 19 11
883 940 9 41 21
883 567 8 37 16
883 526 10 42 16
883 1173 8 48 26
883 1214 9 2 26
883 795 9 11 21
884 1233 10 15 26
885 757 10 41 21
885 1238 10 35 26
886 959 9 52 21
886 1071 8 6 26
887 229 10 2 6
888 756 10 16 21
888 84 8 41 6
888 341 8 51 11
889 239 10 23 6
889 14 10 57 6
890 987 10 22 21
890 134 7 30 6
890 445 9 38 11
891 488 10 35 11
892 990 10 36 21
892 81 8 24 6
892 525 10 11 16
893 46 9 32 6
894 1131 7 5 26
894 200 9 30 6
895 968 10 48 21
895 205 9 9 6
895 21 10 48 6
897 142 7 0 6
897 510 10 42 16
898 395 8 18 11
898 1222 10 42 26
898 923 8 30 21
898 1181 9 12 26
899 986 10 53 21
899 437 9 37 11
900 286 10 45 11
901 47 9 20 6
902 798 9 30 21
902 882 7 51 21
904 59 9 22 6
904 458 9 38 11
904 540 9 32 16
904 191 9 13 6
905 145 8 1 6
906 611 8 21 16
906 30 10 28 6
906 626 8 23 16
907 238 10 0 6
907 1072 9 55 26
908 13 10 59 6
908 816 9 16 21
908 586 8 58 16
908 119 8 24 6
909 1241 11 13 26
910 806 9 28 21
910 485 10 12 11
910 294 9 14 11
911 1235 10 9 26
911 434 9 12 11
912 768 10 57 21
912 44 9 19 6
912 229 10 47 6
913 313 9 19 11
913 1165 8 31 26
913 342 8 40 11
914 1079 9 49 26
914 544 9 8 16
915 1000 11 1 21
915 1158 8 19 26
916 449 9 0 11
916 1067 9 23 26
916 505 11 57 11
916 578 9 24 16
918 1241 11 29 26
919 452 9 50 11
919 326 9 46 11
920 165 9 49 6
921 296 10 5 11
922 683 9 38 16
923 1114 8 36 26
923 887 8 57 21
923 57 9 46 6
924 155 8 34 6
924 996 11 21 21
924 317 9 59 11
925 625 8 55 16
925 400 8 25 11
926 905 8 13 21
927 345 9 4 11
927 332 9 30 11
927 1243 11 10 26
929 999 11 23 21
930 89 9 17 6
930 705 10 22 16
930 364 8 46 11
931 1016 11 49 26
932 765 11 11 21
932 483 11 54 11
933 171 9 50 6
933 64 9 22 6
933 151 9 46 6
934 206 10 6 6
935 426 9 11 11
936 404 9 11 11
936 729 11 27 16
936 760 11 53 16
936 1102 9 49 26
936 1 11 16 6
937 254 11 58 11
938 512 11 19 16
939 613 9 44 16
940 112 9 55 6
940 1193 10 5 26
941 1063 10 18 26
941 1163 9 8 26
942 1002 11 4 21
942 1156 9 5 26
943 495 11 26 11
943 69 9 17 6
944 172 9 9 6
944 356 9 56 11
945 803 10 28 21
945 875 9 24 21
945 737 11 5 16
946 769 11 42 21
946 878 9 2 21
947 846 9 54 21
947 1099 9 53 26
947 729 11 49 16
948 393 9 37 11
948 536 10 15 16
948 289 10 35 11
948 142 9 35 6
949 710 10 26 16
949 308 10 38 11
950 666 9 2 16
950 201 10 11 6
951 485 11 27 11
951 983 11 10 21
952 602 9 9 16
953 802 10 46 21
953 930 10 54 21
954 740 11 57 16
954 1123 9 51 26
954 661 9 4 16
954 845 9 57 21
954 1082 9 55 26
954 771 11 10 21
955 1113 9 23 26
956 767 11 5 21
956 1142 9 11 26
956 598 9 11 16
956 1135 9 25 26
956 724 11 28 16
956 260 11 16 11
957 967 11 7 21
958 567 10 30 16
959 151 9 3 6
959 1017 11 0 26
959 793 10 19 21
959 872 9 40 21
960 612 9 7 16
960 950 10 47 21
961 1207 10 15 26
961 307 10 25 11
962 557 10 25 16
962 810 10 9 21
962 21 11 36 6
962 5 11 45 6
963 1173 10 19 26
963 247 12 37 6
963 997 12 31 26
963 1017 11 5 26
964 660 10 34 16
964 739 11 15 16
964 765 11 1 21
964 1083 10 24 26
964 1175 10 2 26
965 515 11 11 16
965 577 10 47 16
966 463 11 7 11
966 580 10 15 16
966 478 11 51 11
967 1227 11 32 26
967 169 10 43 6
968 578 10 7 16
968 1224 11 31 26
968 871 10 13 21
970 314 10 10 11
972 510 12 31 11
973 120 10 25 6
973 775 11 42 21
973 143 10 30 6
973 64 10 4 6
973 269 11 57 11
973 425 10 55 11
974 446 11 29 11
974 681 10 58 16
975 932 10 23 21
976 934 10 14 21
977 675 10 17 16
977 876 10 1 21
977 1077 10 38 26
979 647 10 14 16
979 42 11 27 6
979 658 10 53 16
979 841 10 16 21
980 1003 12 51 21
981 742 12 47 16
982 672 10 19 16
982 535 11 31 16
983 554 11 55 16
983 376 10 34 11
983 1110 10 14 26
983 424 10 19 11
983 199 11 17 6
984 294 11 21 11
985 321 11 51 11
985 883 10 23 21
986 481 12 24 11
986 623 10 14 16
987 343 10 48 11
987 668 10 58 16
988 1088 10 45 26
988 750 12 52 16
989 620 10 48 16
989 410 10 32 11
989 550 11 13 16
990 44 11 46 6
990 1045 11 48 26
990 1236 12 20 26
990 626 10 56 16
990 280 11 49 11
990 433 11 58 11
991 543 11 10 16
991 930 11 8 21
991 580 11 43 16
992 56 11 26 6
992 1020 12 52 26
992 613 10 30 16
992 532 11 38 16
993 1192 11 15 26
993 779 12 17 21
993 91 11 12 6
994 1063 11 29 26
994 230 12 29 6
994 332 11 30 11
994 1031 12 42 26
994 1059 11 20 26
995 114 11 53 6
995 915 11 58 21
996 997 12 34 21
996 121 11 33 6
996 1142 11 57 26
996 35 12 11 7
997 385 11 17 11
997 821 11 45 21
997 1210 11 36 26
998 499 12 30 11
999 954 11 23 21
999 615 11 24 16
999 461 12 50 11
1000 71 11 19 6
1000 663 11 5 16
1001 606 11 40 17
1002 459 11 30 12
1002 367 11 13 11
1003 193 11 23 6
1003 827 11 48 21
1003 1244 12 57 26
1003 204 11 46 7
1004 391 11 26 11
1004 215 12 12 6
1005 340 11 55 11
1005 729 12 31 16
1005 890 11 33 21
1006 995 12 24 21
1006 905 11 53 21
1007 324 11 16 11
1007 498 12 44 12
1008 144 10 38 7
1008 126 10 14 7
1008 19 12 11 6
1009 1234 12 11 26
1011 563 11 3 16
1011 580 11 14 16
1012 1200 11 28 27
1014 320 11 40 11
1014 890 10 50 22
1014 1037 11 58 27
1015 314 11 4 12
1015 699 11 14 17
1016 1066 11 41 27
1016 579 10 23 17
1016 268 12 19 7
1016 785 11 21 22
1017 1155 10 53 27
1017 306 11 25 12
1019 162 10 37 7
1019 604 10 34 17
1020 292 11 14 12
1020 989 12 23 22
1020 891 10 52 22
1020 1202 11 19 27
1021 1000 12 10 22
1022 950 11 23 22
1022 236 12 52 12
1023 679 10 35 17
1023 481 11 16 12
1024 163 10 8 7
1024 1140 10 11 27
1025 238 12 54 7
1025 1207 11 15 27
1026 402 10 14 12
1026 962 11 57 22
1026 279 11 18 12
1027 497 12 29 12
1028 651 10 17 17
1029 1181 10 51 27
1030 952 11 19 22
1030 429 10 8 12
1030 82 10 55 7
1030 1108 10 26 27
1031 91 10 49 7
1032 1093 10 18 27
1032 238 11 37 7
1033 840 10 10 22
1033 1203 11 4 27
1033 221 11 54 7
1033 29 11 39 7
1033 1178 10 38 27
1033 361 10 9 12
1033 1113 10 2 27
1033 454 11 30 12
1033 1069 10 20 27
1034 779 11 13 22
1035 254 12 46 7
1036 345 10 12 12
1037 230 11 40 7
1037 379 9 54 12
1037 811 10 13 22
1037 968 11 51 22
1038 1026 11 49 27
1038 76 10 28 7
1038 404 10 6 12
1038 493 11 38 12
1038 989 11 38 22
1039 960 11 27 22
1039 84 10 56 7
1039 319 10 29 12
1040 847 9 46 22
1040 906 10 4 22
1040 19 11 16 7
1040 786 11 4 22
1041 357 9 53 12
1041 1035 11 35 27
1041 24 11 42 7
1041 51 10 55 7
1042 1092 9 39 27
1042 772 11 28 22
1042 946 10 35 22
1042 886 9 9 22
1042 609 9 37 17
1043 1128 9 29 27
1043 466 11 31 12
1047 800 10 57 22
1047 1129 9 34 27
1048 282 11 17 12
1048 655 9 2 17
1049 527 11 14 17
1049 131 9 12 7
1049 1165 9 15 27
1050 1224 11 58 27
1050 1105 9 53 27
1050 4 11 35 7
1050 131 9 56 7
1051 216 10 31 7
1051 1247 11 5 27
1052 831 9 23 22
1052 528 11 27 17
1053 891 9 27 22
1054 804 10 1 22
1054 771 11 31 22
1054 793 10 43 22
1054 556 10 6 17
1056 1162 9 16 27
1056 933 10 10 22
1057 251 11 40 7
1058 529 10 4 17
1059 220 10 49 7
1059 222 10 8 7
1059 429 9 31 12
1060 181 9 50 7
1060 1028 10 38 27
1061 945 10 0 22
1061 1150 9 22 27
1061 732 11 27 17
1062 565 9 35 17
1062 1169 9 39 27
1063 955 10 29 22
1063 364 9 41 12
1063 999 11 43 22
1064 87 9 36 7
1064 449 10 31 12
1064 631 9 36 17
1064 444 10 3 12
1064 477 10 27 12
1065 29 10 0 7
1065 68 9 9 7
1065 178 9 50 7
1065 291 10 27 12
1066 28 10 28 7
1066 1012 11 52 22
1066 1227 10 51 27
1067 1050 10 11 27
1067 229 10 58 7
1068 206 10 59 7
1068 916 9 22 22
1069 82 9 38 7
1069 188 9 3 7
1070 273 10 3 12
1070 379 8 38 12
1072 635 8 34 17
1072 119 8 54 7
1073 858 8 16 22
1073 399 8 27 12
1073 577 9 8 17
1074 698 9 44 17
1075 485 11 54 12
1075 1098 8 47 27
1075 252 11 13 12
1075 1198 9 27 27
1075 440 9 23 12
1076 20 10 42 7
1076 97 8 59 7
1076 640 8 59 17
1076 791 10 45 22
1077 539 10 26 17
1078 558 9 59 17
1078 170 9 46 7
1078 993 11 17 22
1079 295 10 19 12
1080 182 9 14 7
1080 297 10 1 12
1080 428 9 2 12
1080 1238 11 18 27
1080 609 8 51 17
1081 95 8 1 7
1083 1175 9 32 27
1083 879 8 21 22
1083 760 11 57 17
1083 369 8 27 12
1085 329 9 59 12
1085 323 9 23 12
1086 821 9 21 22
1086 820 9 16 22
1086 358 8 50 12
1087 1183 9 29 27
1087 1040 10 0 27
1088 911 8 36 22
1088 802 9 9 22
1089 323 9 5 12
1090 424 9 4 12
1090 650 8 32 17
1090 59 9 47 7
1091 393 8 3 12
1091 829 8 23 22
1091 152 8 25 7
1091 619 8 29 17
1092 680 9 23 17
1092 1035 10 11 27
1093 213 10 38 7
1093 864 8 34 22
1094 233 10 26 7
1095 516 10 39 17
1095 1001 11 36 22
1096 1096 8 36 27
1096 497 11 30 12
1097 580 8 37 17
1097 1145 8 8 27
1098 987 10 43 22
1099 164 8 26 7
1099 678 8 35 17
1099 91 8 43 7
1099 1153 8 50 27
1100 1229 10 49 27
1100 632 7 59 17
1103 1039 9 32 27
1103 715 10 10 17
1103 1172 8 51 27
1103 1050 9 9 27
1103 706 9 11 17
1103 296 9 48 12
1105 389 7 13 12
1105 610 7 35 17
1106 1011 10 28 27
1106 787 10 16 22
1106 33 10 59 7
1107 138 7 53 7
1107 109 7 37 7
1107 537 9 14 17
1108 248 11 4 7
1108 608 7 8 17
1108 9 10 48 7
1109 24 10 22 7
1109 733 10 39 17
1110 993 10 16 22
1110 151 8 58 7
1110 699 9 2 17
1111 805 9 45 22
1111 1012 10 58 27
1112 885 7 45 22
1112 940 9 12 22
1112 617 7 26 17
1113 61 9 28 7
1113 811 9 54 22
1113 890 7 7 22
1113 855 7 19 22
1114 1118 7 26 27
1114 252 11 9 7
1114 886 7 2 22
1114 761 10 35 22
1115 884 7 21 22
1115 607 7 51 17
1115 514 10 40 17
1116 261 10 48 12
1117 319 8 11 12
1117 839 8 48 22
1118 236 10 47 7
1118 918 8 4 22
1119 1098 7 18 27
1120 518 10 53 17
1120 1097 7 0 27
1122 1149 7 26 27
1123 922 8 33 22
1123 96 7 23 7
1123 243 10 5 7
1126 680 8 49 17
1127 1098 7 13 27
1127 1183 8 7 27
1127 913 8 27 22
1129 853 7 12 22
1129 982 10 45 22
1130 735 10 39 17
1130 52 9 30 7
1130 1189 9 5 27
1131 677 8 33 17
1131 483 10 37 12
1132 212 9 25 7
1133 895 7 51 22
1133 341 8 46 12
1133 847 7 19 22
1134 720 10 19 17
1134 883 7 59 22
1135 472 10 2 12
1136 1187 9 59 27
1137 821 8 48 22
1137 798 9 13 22
1138 38 9 48 7
1138 768 10 27 22
1138 348 7 9 12
1138 46 9 6 7
1139 41 9 13 7
1141 648 7 10 17
1141 331 8 32 12
1142 512 10 46 17
1142 797 9 25 22
1142 1134 7 29 27
1143 781 10 28 22
1143 925 8 38 22
1143 133 7 29 7
1143 886 7 55 22
1143 607 7 42 17
1144 221 10 14 7
1144 1125 7 26 27
1144 812 9 4 22
1145 1155 8 19 27
1145 1250 11 51 27
1145 742 10 41 17
1146 1133 7 36 27
1146 884 7 42 22
1146 68 9 20 7
1146 796 9 48 22
1148 1194 9 1 27
1148 564 9 11 17
1149 317 9 50 12
1149 244 11 53 7
1149 5 11 51 7
1150 159 8 4 7
1150 656 8 41 17
1150 893 8 19 22
1150 1104 8 13 27
1151 1048 9 39 27
1151 1118 7 32 27
1152 522 10 15 17
1152 1230 10 3 27
1152 135 7 10 7
1152 168 8 40 7
1153 332 8 32 12
1153 674 8 30 17
1153 978 10 11 22
1153 892 8 53 22
1153 846 8 25 22
1153 789 10 45 22
1153 162 8 59 7
1154 358 8 43 12
1154 524 10 50 17
1154 609 8 11 17
1155 535 10 26 17
1155 1061 9 23 27
1155 206 9 39 7
1155 1021 10 9 27
1156 290 10 43 12
1156 842 8 27 22
1158 26 10 2 7
1158 484 10 55 12
1158 543 9 18 17
1159 316 9 47 12
1159 478 10 46 12
1159 1130 8 14 27
1159 47 9 28 7
1159 376 8 57 12
1159 577 8 19 17
1160 968 10 7 22
1160 129 8 21 7
1161 1214 10 35 27
1161 728 10 2 17
1162 157 8 32 7
1162 716 10 7 17
1162 718 10 27 17
1163 671 8 54 17
1163 56 9 18 7
1163 1184 9 20 27
1164 1170 8 20 27
1164 82 8 4 7
1165 303 9 20 12
1166 199 9 55 7
1166 993 11 46 22
1166 766 10 23 22
1167 1193 9 22 27
1167 60 9 9 7
1167 16 10 2 7
1168 1237 10 23 27
1170 709 10 53 17
1170 507 11 30 12
1171 423 9 17 12
1171 150 8 40 7
1172 87 9 40 7
1172 959 10 5 22
1172 126 8 18 7
1173 1217 10 54 27
1173 409 8 25 12
1173 265 11 8 7
1173 541 10 13 17
1175 188 9 25 7
1175 111 8 29 7
1175 246 11 40 12
1176 816 9 27 22
1176 295 10 53 12
1176 690 9 48 17
1176 477 10 54 12
1177 851 8 48 22
1177 760 11 58 17
1177 301 10 7 12
1178 824 9 0 22
1178 924 9 54 22
1178 163 9 19 7
1179 1064 9 47 27
1179 912 9 40 22
1179 599 8 42 17
1180 1048 10 9 27
1180 1192 9 50 27
1181 595 9 44 17
1182 406 9 24 12
1182 684 9 35 17
1183 881 8 6 22
1185 1178 9 42 27
1186 722 10 7 17
1186 266 11 46 12
1186 351 9 39 12
1187 1062 9 25 27
1187 1171 9 40 27
1187 554 10 4 17
1188 1149 9 33 27
1188 64 9 46 7
1189 1111 9 21 27
1189 236 11 55 7
1191 1086 9 26 27
1192 4 11 49 7
1192 1023 11 48 27
1193 389 9 6 12
1193 1020 11 35 27
1193 907 9 28 22
1194 234 11 5 7
1194 333 9 42 12
1195 825 9 28 22
1196 1056 10 51 27
1196 296 10 1 12
1197 1109 9 16 27
1197 12 11 32 7
1197 1045 10 35 27
1197 939 10 17 22
1197 1233 11 14 27
1197 810 10 12 22
1199 569 10 42 17
1199 563 10 49 17
1199 251 11 18 12
1200 309 10 16 12
1200 146 9 56 7
1200 144 9 5 7
1201 292 10 47 12
1201 404 9 13 12
1202 971 11 37 22
1204 997 11 43 22
1205 412 9 39 12
1205 597 9 23 17
1205 680 10 5 17
1205 816 10 34 22
1207 78 10 42 7
1208 1206 10 46 27
1209 263 11 14 12
1209 801 10 40 22
1210 785 11 21 22
1210 743 11 43 17
1210 952 10 45 22
1211 609 9 56 17
1211 980 11 3 22
1211 1057 10 29 27
1211 114 9 49 7
1211 789 11 11 22
1212 466 11 1 12
1212 1129 9 25 27
1212 1077 10 21 27
1213 246 11 7 7
1213 1163 10 37 27
1214 726 11 55 17
1214 1112 9 56 27
1215 957 11 47 22
1216 30 11 11 7
1216 40 11 44 7
1217 180 10 44 7
1218 1009 11 50 27
1218 1140 10 57 27
1218 342 10 22 12
1218 541 11 33 17
1219 26 11 36 7
1219 586 10 37 17
1219 409 10 38 12
1220 371 10 2 12
1221 296 11 11 12
1221 955 11 24 22
1223 884 10 17 22
1223 637 10 52 17
1223 468 11 46 12
1223 120 10 52 7
1224 695 11 29 17
1224 791 11 34 22
1224 274 11 47 12
1225 710 11 58 17
1225 597 10 23 17
1225 803 11 59 22
1225 462 11 51 12
1225 271 11 48 12
1225 617 10 20 17
1226 383 10 58 12
1226 515 11 17 17
1226 873 10 15 22
1227 109 10 46 7
1227 735 12 5 22
1227 1206 11 18 27
1227 15 12 30 7
1227 773 11 49 22
1228 623 10 8 17
1228 72 10 20 7
1229 217 11 3 7
1229 659 10 41 17
1229 319 10 48 12
1229 13 12 33 7
1230 848 10 12 22
1230 568 10 51 17
1231 1102 10 44 27
1231 468 11 36 12
1231 23 11 0 7
1233 238 12 28 12
1234 1250 12 14 27
1234 338 10 44 12
1234 1227 11 58 27
1234 85 10 48 7
1235 218 11 31 7
1235 1096 10 48 27
1236 187 11 4 7
1236 1225 11 22 27
1236 206 11 40 7
1236 37 11 44 7
1237 520 12 34 17
1237 540 11 30 17
1237 23 12 2 7
1237 279 11 41 12
1238 499 12 17 12
1238 675 11 59 17
1239 1136 10 51 27
1240 558 11 39 17
1240 641 10 40 17
1241 499 12 59 12
1241 453 11 59 12
1242 466 11 44 12
1242 1141 10 33 27
1242 903 11 40 22
1243 569 11 17 17
1243 582 11 37 17
1243 691 11 23 17
1243 1035 11 53 27
1245 955 11 13 22
1245 642 11 15 17
1245 92 11 22 7
1246 269 12 20 12
1246 430 11 59 12
1246 839 11 20 22
1247 724 12 0 17
1248 876 11 22 22
1249 1018 12 8 27
1249 1066 11 4 27
1249 680 11 45 17
1250 226 12 40 7
1250 708 12 49 17
