SF7_COMM_RANGE = 30
VERTEX_NUM = 2850
MAP_WIDTH = 1250
MAP_LENGTH = 1250
Total links = 7322
Capital delta = 15
SF1112 % = 26.807
# of outliers = 0
DATA PERIOD = 60
------------------------------
x  y  SF  phase which_gateway: 
1 425 11 34 8
2 195 11 11 3
3 998 12 55 18
3 786 12 46 18
3 244 12 0 8
4 567 11 55 13
5 239 12 1 3
5 636 11 30 13
6 3 12 24 3
6 307 11 41 8
6 1023 12 16 23
6 1151 11 7 23
6 1128 10 55 23
7 1047 11 14 23
7 1057 11 34 23
7 985 12 3 18
7 870 10 35 18
7 797 11 40 18
8 206 11 40 3
8 714 11 3 13
9 627 10 21 13
9 613 10 14 13
10 816 11 36 18
10 1129 10 5 23
10 1087 11 47 23
11 748 12 42 13
11 758 12 40 13
11 515 12 46 13
11 135 10 58 3
11 1170 11 34 23
11 382 10 43 8
12 205 11 32 3
12 893 10 45 18
12 536 11 39 13
12 203 11 10 3
12 833 11 38 18
13 853 10 26 18
13 904 10 3 18
14 527 11 8 13
14 416 10 50 8
14 739 12 45 18
14 166 10 16 3
15 797 11 49 18
15 750 12 32 13
15 126 10 30 3
15 616 10 23 13
15 964 11 35 18
16 542 11 5 13
16 211 11 56 3
16 379 10 7 8
16 763 12 8 13
16 1004 12 9 18
17 808 11 22 18
18 815 11 37 18
19 571 10 6 13
19 39 11 1 3
19 424 10 19 8
20 339 10 46 8
20 142 10 47 3
20 804 11 17 18
20 779 11 20 18
21 595 10 22 13
21 1212 11 42 23
21 437 11 57 8
21 1205 11 53 23
21 1109 10 52 23
22 115 10 35 3
22 134 10 20 3
25 1088 10 56 23
25 678 10 44 13
26 617 10 2 13
26 259 12 33 3
26 131 10 52 3
27 957 11 44 18
27 750 12 5 13
28 981 11 23 18
28 577 10 59 13
28 121 10 32 3
28 638 10 20 13
28 1212 11 47 23
28 32 11 40 3
28 693 10 29 13
30 785 11 56 18
30 604 10 54 13
31 1047 11 58 23
32 773 11 54 18
33 698 10 55 13
33 314 10 17 8
33 666 10 40 13
34 474 11 34 8
34 412 10 27 8
35 800 10 52 18
35 316 10 56 8
35 174 10 9 3
36 982 11 50 18
38 620 9 50 13
38 1040 11 53 23
38 416 10 17 8
38 1205 10 2 23
38 750 12 41 13
39 141 9 53 3
39 322 10 56 8
39 315 10 14 8
40 59 10 46 3
40 341 10 32 8
41 770 11 11 18
41 663 10 9 13
41 123 9 32 3
42 1079 10 44 23
42 271 11 29 8
42 1085 10 19 23
42 577 10 16 13
44 1071 10 50 23
44 677 10 16 13
45 52 10 10 3
45 363 9 48 8
45 370 9 2 8
45 565 10 57 13
45 35 11 58 3
45 850 9 43 18
46 680 10 23 13
47 322 10 25 8
48 101 9 27 3
48 1129 9 11 23
48 247 11 26 3
49 980 11 17 18
49 340 9 1 8
50 830 9 11 18
50 348 9 27 8
50 1005 11 55 23
50 1175 10 53 23
50 289 10 20 8
51 1184 10 44 23
51 912 9 59 18
51 1203 10 6 23
53 1228 11 16 23
53 911 9 11 18
56 1013 11 7 23
57 154 9 40 3
57 629 9 47 13
57 619 9 37 13
57 505 11 0 8
58 549 10 3 13
59 66 9 19 3
61 1012 11 8 23
61 646 9 5 13
61 975 10 0 18
61 19 11 10 3
62 1003 11 2 18
64 680 9 58 13
64 724 10 45 13
66 466 10 25 8
66 379 8 15 8
66 320 9 13 8
68 1026 10 36 23
68 543 10 33 13
69 1221 10 22 23
69 11 11 30 3
69 159 9 44 3
69 433 9 49 8
69 11 11 17 3
69 1132 8 29 23
71 62 9 10 3
71 366 8 53 8
72 182 9 29 3
72 895 8 16 18
72 165 9 2 3
74 223 10 32 3
74 358 8 24 8
74 355 8 42 8
75 268 10 11 8
75 804 9 53 18
75 110 8 42 3
76 817 9 14 18
76 1233 10 4 23
76 678 9 42 13
76 47 10 19 3
77 920 9 4 18
78 70 9 53 3
79 937 9 13 18
79 699 9 2 13
81 285 10 38 8
81 477 10 38 8
81 424 9 9 8
81 323 9 43 8
81 803 9 6 18
82 429 9 42 8
82 746 11 6 18
82 1079 9 36 23
83 58 9 19 3
83 954 9 55 18
83 1010 11 46 23
83 113 8 40 3
84 609 8 5 13
84 1206 10 39 23
85 958 10 1 18
85 468 10 14 8
85 883 8 41 18
85 890 8 25 18
85 1162 8 30 23
86 1089 8 16 23
86 1070 9 36 23
86 249 11 23 8
87 688 9 50 13
88 588 8 42 13
88 369 8 19 8
89 259 11 33 3
89 522 10 53 13
90 896 8 24 18
90 194 9 18 3
90 256 11 6 3
90 562 9 18 13
91 467 10 48 8
91 646 8 36 13
91 1153 8 28 23
92 550 9 32 13
92 1201 9 43 23
92 1146 8 2 23
93 223 10 38 3
93 1041 9 11 23
93 950 9 13 18
94 1119 8 25 23
94 14 10 57 3
94 310 9 54 8
94 419 8 31 8
95 232 10 37 3
95 867 8 55 18
96 558 9 37 13
96 1071 9 10 23
96 168 8 21 3
97 235 10 7 3
97 688 9 26 13
97 1119 7 49 23
98 1213 10 22 23
99 723 10 17 13
100 1164 8 32 23
100 208 9 41 3
100 1007 11 42 18
100 324 8 25 8
100 640 7 5 13
101 70 9 0 3
102 63 9 24 3
102 480 10 24 8
103 935 9 48 18
104 227 10 0 3
104 1036 10 44 23
106 848 8 20 18
106 97 8 43 3
106 740 10 46 13
106 3 11 50 3
106 864 7 47 18
106 430 8 0 8
107 127 7 16 3
108 987 10 44 18
109 722 10 46 13
109 1195 9 39 23
110 242 10 13 3
110 449 9 41 8
110 179 8 16 3
110 747 11 16 13
111 27 10 54 3
112 876 7 23 18
113 947 9 42 18
113 637 7 44 13
113 1061 9 45 23
113 904 8 51 18
113 525 10 8 13
114 1160 8 26 23
114 1208 9 33 23
115 649 7 25 13
115 525 10 32 13
115 772 10 25 18
116 371 7 49 8
116 629 7 48 13
116 598 7 14 13
117 373 7 50 8
118 550 9 32 13
118 438 9 26 8
119 221 10 25 3
119 976 10 10 18
119 709 9 17 13
120 1145 7 4 23
120 623 7 10 13
120 881 7 25 18
121 81 8 49 3
121 666 8 56 13
121 855 7 4 18
121 736 10 54 13
121 729 10 30 13
122 734 10 12 13
122 624 7 10 13
122 72 8 16 3
123 723 10 35 13
123 926 8 45 18
123 769 10 52 18
123 612 7 12 13
123 844 8 28 18
123 727 10 0 13
123 107 7 30 3
124 398 7 2 8
125 1174 8 18 23
125 836 8 54 18
125 1108 7 27 23
126 360 7 7 8
127 441 9 42 8
127 82 8 33 3
128 946 9 49 18
129 401 7 6 8
130 203 9 0 3
130 1077 8 7 23
131 995 11 17 18
131 1128 7 9 23
133 707 9 11 13
133 741 10 27 13
134 436 9 26 8
135 735 10 52 13
135 789 9 16 18
135 930 8 22 18
135 1202 9 47 23
135 1064 9 38 23
135 54 9 34 3
135 787 9 49 18
136 183 8 54 3
136 566 9 1 13
137 1155 8 34 23
137 594 8 47 13
137 1034 10 13 23
137 324 8 55 8
137 619 7 39 13
140 926 8 35 18
140 386 7 57 8
140 248 11 57 3
141 384 7 30 8
141 349 8 16 8
141 138 7 57 3
142 963 9 12 18
142 60 9 42 3
142 273 10 46 8
142 947 9 19 18
143 580 8 34 13
143 727 10 45 13
143 87 8 36 3
144 421 8 43 8
144 207 9 57 3
144 914 8 55 18
145 1188 9 1 23
146 461 9 41 8
146 456 9 11 8
146 1105 7 23 23
146 869 7 28 18
146 377 7 49 8
146 410 8 57 8
148 189 9 10 3
148 205 9 36 3
149 1171 8 50 23
149 1135 7 44 23
149 207 9 15 3
149 230 10 55 3
149 348 8 39 8
150 1017 10 46 23
151 32 10 30 3
151 989 10 28 18
151 497 11 36 8
153 793 9 0 18
153 328 8 37 8
153 619 7 33 13
153 609 8 5 13
153 234 10 11 3
154 955 9 11 18
154 18 10 24 3
154 717 10 45 13
154 448 9 57 8
154 365 8 52 8
154 617 8 20 13
155 259 10 46 8
155 124 8 47 3
155 1000 11 21 18
155 739 10 27 13
155 557 9 59 13
156 176 8 44 3
156 551 9 48 13
156 623 8 40 13
156 805 9 33 18
157 761 10 58 18
158 207 9 8 3
159 855 8 15 18
159 1227 10 34 23
159 546 9 23 13
159 845 8 10 18
159 216 10 6 3
159 515 10 10 13
160 811 9 40 18
160 673 8 26 13
161 26 10 46 3
163 513 10 33 13
163 569 9 55 13
163 172 9 11 3
163 887 8 38 18
163 575 9 6 13
163 1005 11 22 18
164 1208 10 54 23
165 928 9 51 18
165 718 10 11 13
165 916 8 46 18
165 725 10 3 13
166 714 10 49 13
166 411 8 33 8
166 8 11 24 3
166 1225 10 9 23
167 569 9 24 13
168 785 10 8 18
168 914 8 49 18
169 608 8 5 13
169 339 8 33 8
169 286 10 47 8
170 146 8 5 3
170 289 10 48 8
171 833 9 13 18
171 1158 8 29 23
171 818 9 50 18
172 727 10 19 13
172 306 9 31 8
172 135 8 23 3
173 1181 9 38 23
174 889 8 17 18
174 337 9 56 8
174 924 9 33 18
174 1192 9 20 23
175 686 9 26 13
175 935 9 40 18
175 764 11 34 13
175 1165 9 20 23
175 396 8 23 8
175 175 9 46 3
176 1223 10 6 23
176 843 9 27 18
177 1214 10 27 23
177 1122 8 39 23
177 676 9 43 13
177 859 8 28 18
178 691 9 4 13
179 990 11 44 23
179 1001 11 17 23
180 414 9 1 8
180 159 9 17 3
180 792 10 4 18
180 350 9 58 8
181 655 9 58 13
181 37 10 18 3
181 467 10 27 8
181 1166 9 48 23
181 1140 8 29 23
183 717 10 58 13
183 241 11 3 8
183 127 8 7 3
184 1091 9 7 23
185 866 9 59 18
185 1210 10 33 23
187 188 9 27 3
187 737 11 17 13
187 857 9 5 18
188 1191 10 54 23
188 808 10 37 18
188 740 11 28 18
188 505 11 40 8
188 1051 10 43 23
189 259 11 47 3
189 1025 10 59 23
189 847 9 15 18
189 1011 11 31 23
189 825 9 28 18
190 1249 11 11 23
190 1114 9 7 23
190 74 9 45 3
190 121 9 4 3
191 633 9 24 13
191 240 11 42 3
192 37 10 2 3
192 162 9 14 3
192 956 10 52 18
193 26 11 30 3
193 1117 9 55 23
193 707 10 21 13
195 1074 9 20 23
195 341 9 58 8
195 793 10 21 18
196 779 10 20 18
197 211 10 50 3
198 714 10 54 13
198 465 10 39 8
198 1123 9 7 23
198 1128 9 59 23
198 205 10 33 3
199 1226 11 45 23
199 1064 10 19 23
200 441 10 5 8
200 125 9 20 3
200 975 11 59 18
201 359 9 5 8
201 920 9 35 18
201 384 9 22 8
201 531 11 25 13
202 768 11 38 18
202 1021 11 29 23
204 231 11 10 3
204 1118 9 42 23
205 912 9 45 18
206 86 9 44 3
206 913 9 45 18
207 812 10 0 18
207 742 11 36 13
208 440 10 7 8
208 1007 11 55 23
209 536 11 50 13
209 390 9 27 8
209 634 9 53 13
210 827 10 3 18
212 1130 9 39 23
212 911 10 35 18
212 1222 11 57 23
212 513 11 19 13
213 1011 11 43 23
213 1160 10 48 23
213 951 10 52 18
214 960 11 28 18
214 1246 12 59 23
214 1021 11 58 23
215 1034 11 40 23
215 1224 11 58 23
215 637 10 55 13
216 274 11 8 8
216 315 10 20 8
217 413 10 20 8
217 40 11 46 3
217 563 10 49 13
217 331 10 22 8
217 1125 10 29 23
217 562 10 35 13
218 266 11 7 8
218 342 10 6 8
218 1106 10 27 23
219 165 10 35 3
220 16 11 13 3
220 140 10 22 3
220 731 11 25 13
221 1050 11 32 23
222 576 10 7 13
223 1193 10 20 23
224 1234 11 12 23
224 331 10 43 8
224 307 11 17 8
225 66 10 31 3
225 114 10 26 3
225 254 12 57 8
225 878 10 15 18
227 297 11 46 8
227 843 10 57 18
227 376 10 5 8
229 383 10 18 8
229 964 11 55 18
229 244 12 0 3
230 1149 10 26 23
230 554 11 8 13
230 42 11 12 3
230 1162 10 13 23
231 339 10 49 8
232 257 12 35 3
233 1129 10 34 23
234 1016 12 24 23
234 241 12 34 3
235 89 10 40 3
236 1210 11 43 23
236 506 12 1 8
238 1221 11 53 23
239 816 11 5 18
239 372 10 19 8
239 935 11 17 18
239 508 12 5 8
240 616 10 39 13
240 265 12 29 8
241 716 11 40 13
241 519 12 49 13
242 734 12 52 13
243 48 11 58 3
244 868 10 46 18
244 525 12 8 13
245 915 11 36 18
246 601 11 43 13
246 639 11 13 13
246 986 12 54 18
247 978 12 31 18
247 568 11 6 13
248 1081 11 13 23
248 292 11 31 8
248 668 11 18 13
249 13 12 18 3
249 701 11 20 13
250 754 12 45 13
250 632 11 52 13
251 1018 12 37 23
251 704 11 11 13
252 957 11 24 19
253 28 12 20 3
254 734 12 13 13
255 571 11 17 13
255 932 11 18 18
257 201 11 32 4
257 734 12 26 13
257 565 11 23 13
258 731 12 11 13
258 303 11 56 9
259 83 11 55 3
259 194 11 0 4
259 552 11 48 14
260 562 11 53 13
261 110 10 39 4
261 240 12 48 3
261 134 10 29 4
261 290 11 14 9
261 250 12 2 4
261 896 10 15 19
262 289 11 37 9
262 819 11 8 18
262 1229 12 28 23
262 28 11 8 4
262 963 11 18 19
263 159 10 46 4
264 347 10 29 9
265 418 10 4 9
265 457 11 38 9
267 1195 11 6 24
267 712 11 7 14
267 705 11 2 14
268 485 12 18 14
268 35 11 20 4
268 69 11 11 4
269 822 10 36 19
270 209 11 44 4
270 258 12 38 4
270 467 11 51 9
271 72 10 56 4
272 376 10 26 9
272 641 10 46 14
274 951 11 48 19
274 560 11 14 14
274 1220 11 39 24
274 1101 10 27 24
275 979 11 3 19
275 107 10 0 4
275 1044 11 42 24
275 577 10 57 14
276 1183 10 16 24
277 986 11 11 19
278 81 10 57 4
278 135 10 44 4
278 1012 11 20 24
279 540 11 15 14
279 1195 10 31 24
279 662 10 49 14
280 915 10 11 19
280 1035 11 9 24
280 612 10 47 14
280 584 10 19 14
281 1217 11 4 24
281 72 10 5 4
282 794 11 31 19
282 437 10 7 9
283 721 11 42 14
283 994 12 16 24
283 653 10 37 14
283 77 10 33 4
284 311 10 12 9
284 14 11 3 4
285 1110 10 12 24
286 373 9 52 9
286 974 11 10 19
286 1053 10 51 24
286 878 9 12 19
287 32 11 13 4
288 440 10 52 9
288 14 11 46 4
288 1103 9 2 24
289 796 10 8 19
289 1040 11 57 24
289 570 10 59 14
290 438 10 44 9
290 345 10 17 9
290 720 11 6 14
291 560 10 15 14
291 1250 12 58 24
292 1231 11 18 24
292 398 9 17 9
292 373 9 45 9
293 96 9 29 4
294 638 9 13 14
294 813 10 43 19
295 169 10 0 4
296 1014 11 20 24
296 93 9 17 4
296 868 9 8 19
298 815 10 58 19
298 815 10 42 19
298 552 10 12 14
299 465 10 53 9
299 887 9 54 19
300 1098 9 5 24
301 1038 10 3 24
301 80 9 38 4
302 841 9 17 19
302 1110 9 8 24
302 1062 10 22 24
303 1054 10 3 24
303 577 9 10 14
304 603 9 22 14
304 336 9 0 9
305 697 10 1 14
305 812 10 6 19
305 1182 10 10 24
306 115 9 8 4
306 1152 9 22 24
307 539 10 8 14
307 675 9 18 14
308 573 9 39 14
308 974 10 46 19
309 553 10 39 14
309 472 10 44 9
310 46 10 21 4
311 1154 9 31 24
311 263 11 4 9
312 1185 9 38 24
312 515 11 40 14
313 281 10 54 9
314 156 9 20 4
314 977 10 52 19
314 897 9 48 19
314 429 9 7 9
314 650 9 49 14
315 866 9 43 19
315 683 9 45 14
315 109 9 58 4
315 962 10 52 19
317 1137 8 7 24
318 777 10 1 19
319 266 11 54 9
319 432 9 21 9
319 256 11 54 4
320 905 9 56 19
321 255 11 27 4
321 1084 9 56 24
322 916 9 56 19
323 580 9 49 14
324 296 10 56 9
325 436 9 14 9
325 1190 9 20 24
326 330 9 42 9
326 1084 9 53 24
327 655 8 4 14
327 557 9 55 14
327 557 9 24 14
327 894 8 1 19
328 1068 9 33 24
328 1170 9 56 24
329 212 10 55 4
329 973 10 46 19
330 135 8 41 4
330 606 8 35 14
330 923 9 45 19
331 95 8 30 4
331 636 8 19 14
332 264 10 30 9
332 1168 9 29 24
333 892 8 11 19
333 59 9 29 4
334 1097 8 22 24
334 1020 10 57 24
334 657 8 50 14
334 318 9 8 9
335 995 11 53 19
335 632 8 9 14
336 626 8 4 14
336 1018 10 49 24
337 574 9 59 14
337 864 8 53 19
338 469 10 55 9
339 969 10 11 19
339 978 10 35 19
340 1009 11 48 19
341 579 8 8 14
341 921 8 31 19
341 526 10 5 14
341 224 10 9 4
342 340 8 56 9
344 106 8 53 4
344 873 8 56 19
344 135 8 34 4
345 745 11 34 14
345 178 9 32 4
346 273 10 19 9
346 563 9 5 14
347 16 10 43 4
347 805 9 41 19
347 755 11 26 14
347 814 9 46 19
347 446 9 10 9
348 309 9 40 9
348 175 8 43 4
349 523 10 52 14
350 695 9 49 14
350 97 8 37 4
350 369 7 2 9
351 1200 9 45 24
351 840 8 18 19
352 521 10 53 14
353 1246 11 38 24
353 103 8 14 4
354 342 8 56 9
354 1143 7 6 24
355 1102 8 54 24
355 157 8 4 4
355 1017 10 29 24
355 10 10 51 4
355 1249 11 13 24
355 583 8 17 14
356 876 7 45 19
357 1066 9 10 24
357 1117 7 52 24
358 1193 9 11 24
358 1091 8 34 24
360 249 11 11 9
361 524 10 8 14
361 326 8 17 9
362 611 7 53 14
363 741 10 34 14
363 1228 10 3 24
363 1080 8 55 24
364 2 11 7 4
366 667 8 46 14
366 357 7 40 9
368 427 8 56 9
368 344 8 15 9
369 281 10 34 9
369 1004 11 33 19
370 213 9 34 4
370 637 7 19 14
371 997 11 4 24
371 551 9 40 14
372 651 7 15 14
372 640 7 2 14
372 33 10 34 4
372 716 10 20 14
372 467 10 23 9
373 835 8 18 19
374 765 10 33 19
374 173 8 40 4
374 406 8 55 9
374 399 7 35 9
375 745 10 32 14
376 918 8 6 19
376 910 8 9 19
376 288 9 36 9
377 1052 9 15 24
378 963 9 18 19
378 441 9 21 9
378 1114 7 41 24
378 945 9 21 19
378 1063 9 16 24
378 882 7 48 19
378 1104 7 0 24
379 521 10 48 14
380 1144 7 36 24
381 931 8 15 19
381 766 10 22 19
381 720 10 2 14
382 920 8 41 19
382 431 8 41 9
382 989 10 6 19
384 757 10 21 19
385 530 10 57 14
385 221 10 0 4
385 283 10 48 9
385 326 8 17 9
385 368 7 23 9
386 565 9 6 14
387 644 7 42 14
387 541 9 55 14
387 282 10 53 9
388 502 11 10 14
388 1065 9 20 24
388 439 9 59 9
388 1080 8 11 24
388 1128 7 56 24
389 764 10 6 19
389 28 10 30 4
389 887 7 9 19
390 792 9 48 19
390 675 8 43 14
391 755 11 25 14
391 1163 8 28 24
391 1085 8 43 24
392 1065 9 14 24
392 772 10 5 19
392 36 10 51 4
393 941 9 28 19
393 1035 10 7 24
393 1161 8 32 24
394 670 8 10 14
394 177 8 5 4
394 810 9 46 19
394 1151 8 59 24
395 356 7 57 9
395 743 10 34 14
395 471 10 8 9
396 910 8 20 19
396 606 7 32 14
396 1029 10 42 24
396 43 9 7 4
397 551 9 25 14
397 1172 8 52 24
400 196 9 27 4
400 1115 7 16 24
400 563 9 4 14
401 49 9 15 4
401 961 9 23 19
402 440 9 26 9
402 554 9 24 14
403 747 11 3 14
404 874 7 9 19
404 772 10 42 19
405 668 8 31 14
405 532 10 45 14
406 1134 8 48 24
406 920 8 36 19
407 905 8 36 19
407 1091 8 16 24
407 258 11 35 4
407 625 8 8 14
410 918 8 18 19
410 340 8 32 9
410 177 9 54 4
411 1209 10 9 24
411 299 9 29 9
412 290 10 20 9
413 46 9 17 4
413 1117 8 49 24
413 160 8 52 4
413 97 8 0 4
414 404 8 49 9
414 156 8 9 4
415 262 10 44 9
415 46 9 16 4
416 638 8 18 14
416 252 11 40 4
416 1250 11 24 24
417 905 8 41 19
419 401 8 6 9
420 543 10 48 14
420 565 9 44 14
421 571 9 8 14
422 460 10 22 9
422 1136 8 7 24
422 167 9 53 4
423 1000 11 10 19
423 9 11 36 4
424 626 8 21 14
425 1223 10 19 24
425 957 10 11 19
425 783 10 29 19
425 64 9 29 4
426 725 10 44 14
426 1005 11 16 24
426 919 9 39 19
426 1071 9 13 24
426 581 9 36 14
427 253 11 48 4
428 296 10 55 9
428 309 9 21 9
428 990 11 40 19
429 835 9 44 19
429 509 11 22 9
430 348 9 25 9
430 349 9 52 9
431 171 9 40 4
431 1155 9 5 24
431 481 10 16 9
431 772 10 13 19
431 138 8 4 4
431 470 10 57 9
432 254 11 49 4
433 342 9 12 9
433 169 9 19 4
434 804 10 57 19
434 696 10 57 14
434 1244 11 22 24
434 815 9 33 19
435 918 9 18 19
436 415 9 33 9
436 195 10 36 4
436 135 9 39 4
436 1229 11 2 24
436 736 11 20 14
438 686 9 55 14
438 192 10 33 4
438 575 9 26 14
438 469 10 24 9
439 886 9 22 19
439 340 9 21 9
440 1068 9 37 24
441 914 9 54 19
441 511 11 57 14
443 968 10 51 19
443 1092 9 19 24
443 127 9 49 4
443 722 10 24 14
443 1028 10 17 24
444 1087 9 58 24
444 900 9 37 19
445 914 9 13 19
446 352 9 55 9
446 902 9 19 19
446 951 10 17 19
447 331 9 6 9
448 655 9 16 14
448 621 9 14 14
448 423 9 28 9
448 712 10 41 14
448 568 10 24 14
449 1195 10 1 24
449 783 10 17 19
449 237 11 3 4
450 324 10 56 9
450 926 10 30 19
451 611 9 51 14
451 639 9 29 14
451 913 9 56 19
452 677 10 7 14
452 924 10 43 19
452 225 11 9 4
452 824 10 44 19
452 709 10 38 14
453 1143 9 6 24
453 1204 10 27 24
453 89 9 49 4
453 40 10 47 4
454 865 9 51 19
454 1035 10 58 24
454 1085 9 45 24
454 607 9 21 14
455 712 10 11 14
456 1001 11 40 19
456 1210 10 40 24
456 692 10 28 14
456 534 11 39 14
456 1143 9 48 24
458 355 9 34 9
458 673 10 7 14
459 157 9 21 4
459 927 10 58 19
461 724 11 1 14
461 439 10 30 9
461 257 11 54 9
462 1216 11 57 24
463 121 9 0 4
463 1072 10 45 24
463 1087 10 18 24
464 638 9 48 14
464 188 10 52 4
465 827 10 2 19
465 1006 11 49 24
465 1188 10 28 24
465 904 10 32 19
466 601 10 55 14
466 1002 12 55 24
466 304 10 21 9
467 882 10 35 19
469 179 10 39 4
469 1001 12 12 19
470 715 11 12 14
470 58 10 0 4
470 695 10 23 14
471 356 10 45 9
473 865 10 32 19
473 613 10 44 14
473 164 10 24 4
474 1235 11 12 24
475 741 12 10 14
475 605 10 23 14
475 354 10 33 9
475 976 11 9 19
475 236 11 24 4
476 846 10 55 19
476 536 11 3 14
476 559 11 13 14
477 617 10 56 14
478 151 10 48 4
479 1147 10 24 24
480 1058 11 36 24
481 1073 10 32 24
481 1091 10 18 24
481 113 10 26 4
481 403 10 0 9
482 1096 10 50 24
482 1087 10 13 24
482 211 11 55 4
484 218 11 3 4
484 808 11 48 19
484 340 10 26 9
485 481 12 15 9
485 287 11 53 9
486 597 10 26 14
486 478 12 31 9
486 59 11 38 4
486 360 10 50 9
486 1051 11 7 24
486 501 12 2 9
487 504 12 2 9
487 895 10 17 19
490 627 10 25 14
490 1091 10 27 24
490 277 12 26 9
490 554 11 50 14
490 938 11 15 19
490 234 12 21 4
490 881 10 55 19
491 271 12 11 9
491 967 11 1 19
492 1036 11 11 24
493 577 11 39 14
494 400 11 33 9
495 244 12 29 9
495 1132 11 5 24
496 18 12 25 4
496 688 11 11 14
497 424 11 11 10
497 631 11 13 14
498 1055 11 15 24
498 596 11 51 14
499 1154 11 39 24
499 646 11 22 15
500 405 11 44 9
500 48 11 58 4
500 768 12 45 19
500 1111 11 22 24
501 42 11 48 5
501 270 12 52 9
502 819 11 24 19
503 1250 12 43 24
503 127 11 10 4
503 709 11 50 15
503 199 11 10 4
504 407 11 28 9
504 333 11 32 9
505 637 11 25 14
505 528 12 50 14
505 170 11 19 4
505 170 11 28 4
506 384 10 51 10
506 1150 11 31 24
507 912 11 0 19
507 1043 11 17 25
507 997 12 52 19
507 111 10 57 5
507 69 11 34 4
507 195 11 4 4
507 363 10 8 10
507 484 12 47 9
508 1089 11 19 24
509 1002 12 52 20
509 641 10 27 15
510 522 12 33 14
510 991 12 36 25
512 661 10 25 15
513 1202 11 19 25
513 1164 10 51 25
513 123 10 13 5
515 353 10 11 10
515 227 12 15 4
515 1125 10 48 25
516 887 10 21 20
516 111 10 57 5
517 64 11 51 5
517 1175 10 50 25
517 98 10 21 5
517 370 10 8 10
517 201 11 32 5
517 1124 10 33 25
518 815 11 29 20
518 355 10 23 10
518 579 10 56 15
518 400 10 29 10
519 1249 12 32 25
519 561 11 48 15
523 766 11 26 20
523 619 10 7 15
523 76 10 52 5
523 981 11 27 20
524 851 10 54 20
525 433 10 11 10
525 560 10 19 15
526 1139 10 13 25
527 1076 10 37 25
528 706 11 47 15
528 986 11 30 20
528 646 10 56 15
528 1175 10 38 25
530 410 10 36 10
531 220 11 7 5
531 922 10 46 20
532 387 10 24 10
532 201 11 21 5
532 61 10 35 5
532 637 10 15 15
533 680 10 11 15
533 584 10 49 15
533 596 10 24 15
533 568 10 43 15
533 1105 10 22 25
533 241 11 53 5
534 469 11 58 10
534 925 10 18 20
535 638 10 22 15
535 812 10 23 20
535 614 10 6 15
537 982 11 40 20
538 1216 11 22 25
538 68 10 51 5
538 191 10 59 5
539 892 9 8 20
539 700 10 54 15
539 89 10 10 5
540 208 10 22 5
540 480 11 31 10
541 302 10 58 10
542 1163 10 52 25
542 1115 9 27 25
542 987 11 28 20
544 1073 10 20 25
544 852 9 27 20
545 576 10 6 15
545 1227 11 45 25
547 1013 11 48 25
547 385 9 42 10
547 137 9 0 5
548 964 10 51 20
548 314 10 23 10
548 334 9 16 10
548 1064 10 26 25
549 194 10 45 5
550 587 9 9 15
550 805 10 24 20
550 458 10 55 10
550 432 10 23 10
551 482 11 39 10
551 933 10 53 20
551 824 9 56 20
551 472 11 1 10
552 363 9 44 10
552 187 10 55 5
553 848 9 10 20
553 1173 9 39 25
553 419 9 6 10
553 809 10 24 20
554 1223 11 10 25
556 1151 9 56 25
556 961 10 8 20
557 945 10 30 20
558 323 9 24 10
559 1168 9 29 25
560 1203 10 57 25
560 253 11 31 5
560 1204 10 6 25
560 48 10 45 5
561 52 10 5 5
561 1118 9 6 25
561 907 9 28 20
561 232 11 28 5
561 641 9 15 15
562 1115 9 54 25
562 458 10 5 10
563 463 10 24 10
563 347 9 10 10
564 1233 11 52 25
565 1123 9 40 25
565 1139 9 50 25
566 40 10 45 5
566 282 10 36 10
566 200 10 43 5
567 908 9 22 20
567 709 10 31 15
567 1107 9 53 25
568 422 9 1 10
568 482 11 29 10
568 350 9 9 10
568 698 10 3 15
569 639 8 25 15
569 1024 10 18 25
571 26 10 33 5
571 340 9 50 10
572 555 9 39 15
574 969 10 22 20
574 464 10 13 10
575 818 9 45 20
575 1081 9 59 25
575 76 9 18 5
575 159 9 43 5
576 740 11 27 15
576 613 8 38 15
577 983 10 58 20
577 667 9 21 15
578 1160 8 35 25
578 433 9 15 10
578 1137 8 24 25
578 936 9 27 20
578 13 11 55 5
579 94 8 14 5
580 782 10 12 20
581 164 8 31 5
583 954 9 57 20
584 46 9 26 5
584 9 11 54 5
584 545 9 43 15
585 1005 11 27 25
585 605 8 24 15
586 528 10 52 15
586 1170 8 23 25
587 316 9 49 10
587 712 10 2 15
587 591 8 48 15
588 114 8 31 5
589 1064 9 33 25
589 365 8 11 10
590 177 9 44 5
591 451 9 18 10
591 398 8 2 10
592 642 8 54 15
592 611 8 54 15
592 111 8 30 5
592 518 10 24 15
593 1217 10 52 25
593 275 10 43 10
593 982 10 59 20
593 156 8 7 5
594 817 9 7 20
594 505 11 26 10
594 1174 8 54 25
594 278 10 13 10
594 678 9 31 15
594 810 9 17 20
595 232 10 11 5
596 65 9 57 5
596 125 7 12 5
596 444 9 46 10
597 56 9 17 5
597 277 10 28 10
597 284 10 38 10
598 432 9 40 10
598 949 9 17 20
598 598 8 33 15
598 1063 9 20 25
598 958 9 49 20
599 489 10 6 10
599 621 7 31 15
600 886 7 25 20
600 711 9 17 15
600 819 9 34 20
600 380 7 12 10
600 807 9 11 20
601 873 7 56 20
601 507 11 36 10
601 494 11 55 10
601 1146 8 31 25
602 160 8 36 5
602 761 10 55 20
604 15 10 31 5
604 60 9 54 5
604 919 8 49 20
604 652 8 44 15
604 244 11 17 5
604 448 9 7 10
606 529 10 47 15
607 435 9 7 10
607 840 8 11 20
607 426 8 33 10
607 1178 8 24 25
607 71 8 39 5
608 139 7 12 5
609 67 9 56 5
609 721 10 48 15
609 20 10 37 5
610 929 8 16 20
610 407 8 29 10
611 738 10 35 15
611 204 9 40 5
611 570 8 55 15
611 895 7 52 20
612 229 10 6 5
612 995 11 59 25
612 846 8 55 20
613 1175 8 2 25
613 183 8 35 5
613 130 7 51 5
614 893 7 25 20
614 99 7 3 5
614 50 9 38 5
614 1133 7 56 25
615 857 7 58 20
615 276 10 27 10
615 76 8 41 5
615 584 8 7 15
617 743 10 26 15
617 690 9 28 15
618 33 10 14 5
619 823 8 29 20
619 524 10 2 15
619 755 11 38 20
619 158 8 0 5
619 1249 11 6 25
619 59 9 26 5
621 682 8 49 15
621 295 9 43 10
621 647 7 43 15
623 950 9 18 20
624 250 11 18 5
625 625 7 15 15
625 1192 9 5 25
626 855 7 3 20
626 1172 8 21 25
626 477 10 4 10
627 1028 10 58 25
627 1002 11 23 20
627 260 10 32 10
628 565 9 41 15
628 1117 7 48 25
629 93 8 35 5
629 667 8 19 15
629 297 9 45 10
629 208 9 25 5
630 385 7 39 10
630 875 7 18 20
630 290 9 33 10
631 463 9 57 10
631 874 7 46 20
631 560 9 47 15
631 668 8 27 15
632 101 7 40 5
632 914 8 18 20
633 429 8 27 10
633 523 10 46 15
633 1091 8 36 25
633 738 10 8 15
633 1129 7 21 25
634 737 10 11 15
636 1167 8 27 25
636 803 9 40 20
637 15 10 26 5
637 567 8 24 15
637 719 10 35 15
638 338 8 47 10
640 1217 10 21 25
640 451 9 33 10
640 1156 8 2 25
641 873 7 53 20
642 551 9 7 15
642 460 9 51 10
642 1038 9 20 25
643 683 9 26 15
643 361 7 28 10
643 783 10 46 20
644 23 10 57 5
645 866 7 38 20
645 476 10 19 10
646 504 11 55 10
646 861 7 24 20
646 652 8 58 15
647 413 8 14 10
647 1214 10 5 25
648 500 11 8 10
649 1072 8 33 25
649 571 8 43 15
650 3 11 45 5
650 1114 7 42 25
651 535 10 5 15
651 241 10 56 5
651 1180 9 1 25
652 402 8 37 10
652 906 8 23 20
653 68 9 17 5
653 358 8 12 10
653 254 11 10 5
654 281 10 38 10
654 921 8 37 20
654 140 8 5 5
655 940 9 23 20
657 303 9 44 10
657 1026 10 48 25
657 208 9 44 5
658 1224 10 3 25
659 1141 8 16 25
659 225 10 30 5
659 903 8 0 20
659 287 10 46 10
660 225 10 41 5
660 1050 9 47 25
661 8 11 10 5
661 135 8 31 5
662 562 9 1 15
662 9 11 7 5
663 250 11 40 10
663 891 8 35 20
664 441 9 51 10
665 543 10 17 15
665 1189 9 9 25
665 511 11 48 15
665 90 8 13 5
666 920 9 10 20
666 1241 11 25 25
667 583 8 28 15
667 301 9 27 10
669 375 8 37 10
669 147 8 31 5
670 267 10 6 10
670 1040 10 14 25
670 910 8 36 20
671 746 11 21 15
672 186 9 51 5
672 1092 8 24 25
672 356 8 5 10
672 452 10 54 10
672 473 10 32 10
672 764 11 27 15
674 351 8 54 10
676 1167 9 18 25
676 103 8 8 5
676 1097 8 42 25
677 282 10 20 10
678 444 9 32 10
678 968 10 35 20
678 482 10 20 10
681 425 9 12 10
682 1174 9 2 25
682 1139 8 3 25
682 1213 10 21 25
683 387 8 11 10
683 426 9 51 10
683 622 8 26 15
683 417 9 21 10
684 864 9 8 20
684 270 11 55 10
684 1221 10 49 25
685 207 10 45 5
685 418 9 18 10
685 799 10 47 20
685 481 11 51 10
686 1198 10 46 25
687 1007 11 0 20
687 467 10 42 10
688 719 10 10 15
688 1199 10 6 25
688 1146 9 36 25
688 1113 9 34 25
689 251 11 33 5
689 616 9 23 15
689 89 9 44 5
689 1023 11 34 25
691 274 11 5 10
691 194 10 4 5
691 559 10 58 15
691 350 9 32 10
692 883 9 16 20
692 799 10 10 20
693 952 10 35 20
694 660 9 19 15
694 508 11 23 10
694 128 9 46 5
694 372 9 10 10
695 967 10 49 20
695 93 9 0 5
696 357 9 18 10
697 838 9 36 20
697 295 10 41 10
697 76 9 55 5
697 138 9 54 5
698 893 9 20 20
699 92 9 39 5
699 1007 11 32 25
700 3 11 20 5
700 1218 10 21 25
700 455 10 42 10
700 324 10 18 10
701 107 9 50 5
701 840 9 8 20
701 850 9 44 20
702 403 9 13 10
702 1063 10 52 25
702 1052 10 10 25
702 811 10 10 20
703 397 9 49 10
704 715 10 8 15
704 688 10 42 15
705 154 9 5 5
705 362 9 18 10
706 583 10 9 15
706 1156 9 17 25
706 350 9 33 10
706 705 10 48 15
706 889 9 19 20
706 286 11 22 10
706 1034 11 48 25
709 469 11 30 10
709 308 10 59 10
711 786 11 21 20
711 926 10 25 20
711 751 12 45 15
712 540 11 41 15
712 516 11 56 15
712 640 9 18 15
714 499 12 1 10
715 839 10 18 20
715 1144 10 52 25
715 181 10 12 5
715 511 11 0 15
715 823 10 1 20
716 741 11 56 15
717 638 10 13 15
717 1164 10 45 25
717 943 10 6 20
717 542 11 15 15
717 824 10 26 20
718 959 11 14 20
718 982 11 49 20
719 144 10 24 5
719 33 11 24 5
719 588 10 59 15
720 1161 10 41 25
721 105 10 57 5
721 316 10 47 10
721 665 10 0 15
721 70 10 19 5
722 168 10 27 5
723 592 10 30 15
724 877 10 10 20
724 1086 10 48 25
725 158 10 48 5
726 1135 10 48 25
726 636 10 29 15
727 591 10 44 15
727 820 10 6 20
727 69 10 22 5
728 472 11 54 10
729 1249 12 58 25
730 219 11 26 5
730 584 10 54 15
730 229 11 51 5
731 842 10 22 20
731 712 11 7 15
731 1081 10 29 25
731 1004 12 28 20
731 776 11 14 20
731 989 12 47 20
732 1217 11 34 25
732 190 11 4 5
732 1154 10 11 25
733 955 11 58 20
733 1098 10 3 25
734 1122 10 52 25
735 1242 12 47 25
735 89 10 42 5
735 1156 10 53 25
735 739 12 59 20
736 595 10 9 15
736 253 12 15 5
736 1033 11 9 25
736 500 12 49 10
737 447 11 3 10
737 815 11 57 20
737 232 12 10 5
737 512 12 48 10
738 475 12 55 10
738 440 11 32 10
738 700 11 42 15
738 882 10 46 20
738 837 10 51 20
740 186 11 37 5
740 303 11 29 10
741 650 10 13 15
741 137 10 36 5
741 184 11 58 5
742 674 11 34 15
742 298 11 43 10
742 561 11 46 16
742 779 12 8 20
742 661 11 47 15
743 890 10 49 20
743 234 12 59 5
743 497 12 42 10
744 708 11 42 15
745 266 12 46 10
745 995 12 24 25
746 1101 11 27 25
748 1041 11 45 25
748 603 11 25 15
748 919 11 42 20
748 1090 11 47 25
748 372 11 14 10
748 777 12 38 20
749 809 11 36 20
749 1220 12 24 25
749 389 11 26 10
749 543 11 32 15
749 1142 11 48 25
750 341 11 0 10
750 996 12 10 20
750 887 11 39 20
750 508 12 29 15
751 1097 11 39 25
751 1177 11 45 25
751 734 12 58 15
751 352 11 30 10
751 210 12 19 5
753 891 11 41 21
753 1089 11 8 25
753 545 11 19 16
753 69 11 20 5
753 401 11 57 10
753 464 12 10 10
754 1019 12 2 25
757 135 10 39 6
758 744 12 49 15
758 1249 12 18 26
758 90 11 58 6
758 537 11 26 16
759 558 11 43 15
760 201 11 41 6
760 789 11 13 21
760 568 11 49 15
761 478 12 19 10
761 468 11 42 11
761 299 11 5 11
761 84 11 37 5
761 620 10 6 16
762 472 11 53 11
762 1226 12 29 25
762 232 12 16 5
763 305 11 25 11
763 250 12 51 6
763 91 10 55 6
763 151 10 10 6
764 1057 11 49 26
764 942 11 17 21
765 1150 10 21 26
765 430 11 22 11
766 776 11 25 21
766 820 11 32 21
767 828 10 34 21
767 780 11 23 21
768 776 11 43 21
769 397 10 36 11
769 1139 10 54 26
769 1033 11 32 26
769 30 11 46 6
770 1196 11 53 26
771 265 12 58 6
771 1161 10 21 26
772 1090 10 34 26
772 853 10 4 21
772 1192 11 10 26
772 1015 12 45 21
773 180 10 46 6
773 1154 10 15 26
774 397 10 14 11
774 897 10 52 21
774 725 11 0 16
774 276 11 35 11
775 1098 10 0 26
775 294 11 25 11
776 423 10 26 11
776 895 10 47 21
778 892 10 27 21
778 672 10 15 16
779 1150 10 5 26
779 712 11 48 16
779 631 10 29 16
779 371 10 30 11
780 1032 11 13 26
781 974 11 3 21
781 1017 11 45 26
782 450 10 56 11
782 864 10 31 21
783 736 11 40 16
783 47 11 28 6
783 57 10 17 6
785 820 10 33 21
785 1029 11 18 26
785 572 10 38 16
785 524 11 59 16
785 30 11 22 6
785 277 11 40 11
786 1007 11 36 26
786 733 11 0 16
787 555 10 55 16
788 1023 11 50 26
788 172 10 52 6
788 298 10 56 11
788 370 9 25 11
788 580 10 44 16
788 811 10 13 21
789 986 11 44 21
791 552 10 32 16
791 828 10 41 21
792 367 9 51 11
792 279 11 29 11
792 667 10 21 16
792 717 11 21 16
793 386 9 51 11
793 530 11 34 16
794 1234 11 16 26
794 1015 11 37 26
795 297 10 22 11
796 22 11 48 6
796 295 10 9 11
797 540 10 42 16
797 890 9 57 21
797 738 11 42 16
797 190 10 1 6
798 882 9 36 21
798 17 11 33 6
799 58 10 15 6
800 856 9 8 21
801 435 10 9 11
801 1167 9 16 26
802 415 9 4 11
804 404 9 51 11
805 1014 11 0 26
806 175 9 52 6
806 396 9 8 11
806 1026 11 45 26
807 786 10 5 21
807 1219 10 52 26
807 289 10 9 11
807 458 10 38 11
807 14 11 44 6
807 77 9 30 6
807 857 9 52 21
808 1210 10 57 26
808 539 10 21 16
808 41 10 18 6
809 316 9 13 11
809 504 11 50 11
809 681 9 41 16
809 1247 11 53 26
809 516 11 59 16
809 91 9 23 6
809 306 10 51 11
810 1168 9 33 26
810 714 10 16 16
811 813 9 19 21
811 734 11 6 16
811 619 9 32 16
811 549 10 27 16
813 894 9 7 21
814 368 9 48 11
814 154 9 23 6
815 768 11 58 21
816 478 10 48 11
817 304 10 15 11
817 309 9 59 11
817 936 9 25 21
818 810 9 13 21
818 16 11 43 6
821 967 10 34 21
821 218 10 51 6
821 9 11 27 6
821 550 10 4 16
822 423 9 35 11
822 453 10 16 11
822 121 8 18 6
822 473 10 54 11
824 652 8 30 16
824 78 9 8 6
824 729 10 35 16
824 905 8 15 21
824 388 8 0 11
824 37 10 50 6
824 796 10 58 21
825 890 8 25 21
826 222 10 7 6
826 1085 9 17 26
826 942 9 32 21
827 438 9 39 11
827 367 8 37 11
827 1040 10 31 26
828 540 10 27 16
828 458 10 0 11
829 939 9 22 21
829 330 9 7 11
829 444 9 8 11
829 29 10 21 6
830 1052 9 33 26
830 956 10 21 21
830 911 8 4 21
830 184 9 7 6
831 14 10 4 6
832 148 8 24 6
832 535 10 4 16
832 805 9 40 21
832 284 10 40 11
832 372 8 22 11
833 92 8 26 6
833 1008 11 2 21
833 884 8 22 21
833 494 11 1 16
833 255 11 18 6
833 1005 11 22 21
834 1036 10 43 26
834 1066 9 8 26
835 1132 8 48 26
835 835 8 50 21
836 237 10 26 6
837 785 10 12 21
837 955 9 21 21
838 1178 9 55 26
839 171 8 35 6
839 809 9 48 21
840 76 9 47 6
841 186 9 57 6
842 1048 9 48 26
843 852 8 55 21
844 1155 8 10 26
844 1040 10 21 26
845 458 9 8 11
845 447 9 7 11
846 27 10 20 6
847 4 11 5 6
847 112 8 31 6
848 1041 9 16 26
848 339 8 37 11
848 423 8 3 11
848 861 8 38 21
849 1028 10 3 26
850 671 8 58 16
851 232 10 53 6
852 379 7 56 11
852 886 7 8 21
852 170 8 7 6
852 628 7 39 16
852 872 7 16 21
854 1204 9 47 26
854 234 10 30 6
854 338 8 34 11
854 1083 8 59 26
854 811 9 51 21
854 683 9 29 16
854 206 9 27 6
855 477 10 32 11
855 1086 8 17 26
856 885 7 24 21
856 873 7 12 21
856 716 10 4 16
856 761 10 35 21
856 957 9 33 21
857 988 10 13 21
857 120 7 34 6
857 1110 7 45 26
858 451 9 18 11
858 737 10 5 16
859 267 10 2 11
859 67 9 55 6
859 1070 8 0 26
860 836 8 32 21
860 781 10 50 21
861 784 10 58 21
862 502 11 25 11
863 692 9 46 16
863 256 10 6 11
867 1017 10 33 26
867 1165 8 25 26
868 448 9 23 11
871 1047 9 20 26
871 381 7 47 11
871 942 9 57 21
872 749 11 12 16
872 745 11 31 16
872 466 10 27 11
873 754 11 39 16
873 270 10 55 11
874 1105 7 36 26
874 1094 8 55 26
874 739 10 7 16
874 367 7 40 11
875 929 8 22 21
876 825 8 40 21
877 650 7 53 16
877 1071 8 56 26
877 37 9 17 6
878 88 8 3 6
878 851 7 53 21
880 1071 8 19 26
880 526 10 50 16
880 745 11 54 16
881 1207 9 52 26
881 1118 7 40 26
881 1234 10 52 26
883 329 8 17 11
884 764 10 18 21
884 952 9 51 21
884 837 8 42 21
885 1008 10 36 26
886 943 9 14 21
886 682 8 3 16
886 813 9 23 21
887 745 11 3 16
888 794 9 7 21
888 691 9 54 16
888 570 8 22 16
888 366 7 38 11
888 795 9 49 21
888 854 7 58 21
889 610 7 33 16
890 192 9 48 6
890 778 10 31 21
891 13 10 56 6
891 75 8 20 6
892 768 10 16 21
893 1150 8 44 26
893 745 11 38 16
894 524 10 12 16
895 1173 8 38 26
895 1061 9 57 26
895 766 10 2 21
895 1218 10 24 26
896 646 7 41 16
897 490 10 35 11
897 962 9 16 21
897 1126 7 51 26
898 1150 8 45 26
898 983 10 59 21
898 922 8 33 21
898 137 7 21 6
899 810 9 5 21
899 671 8 28 16
900 1002 11 45 21
900 220 10 9 6
900 1140 7 35 26
900 1034 10 31 26
900 990 10 23 21
900 535 10 5 16
900 195 9 13 6
901 766 10 14 21
901 291 9 39 11
901 1161 8 1 26
902 1048 9 45 26
902 996 11 27 21
903 170 8 22 6
903 534 10 1 16
904 988 10 11 21
904 795 9 52 21
904 469 10 13 11
906 1229 10 41 26
906 50 9 49 6
907 2 11 8 6
907 469 10 5 11
907 729 10 23 16
907 606 8 35 16
907 738 10 14 16
907 670 8 14 16
908 1211 10 20 26
908 378 8 13 11
909 709 10 47 16
910 1052 9 42 26
910 540 10 19 16
910 227 10 8 6
911 463 10 19 11
911 232 10 20 6
911 1186 9 43 26
912 1069 9 42 26
912 1024 10 43 26
912 541 10 41 16
912 274 10 47 11
913 808 9 57 21
913 1219 10 20 26
913 862 8 41 21
913 986 10 42 21
913 1196 9 39 26
913 666 8 55 16
915 1055 9 36 26
916 489 11 50 16
917 1131 8 47 26
917 425 9 41 11
917 1006 11 24 21
918 745 11 28 16
920 482 10 49 11
920 809 9 29 21
920 599 8 51 16
921 167 9 16 6
921 273 10 43 11
921 1003 11 5 26
921 496 11 37 11
922 633 8 57 16
922 271 10 45 11
922 1133 8 11 26
923 634 8 8 16
924 862 8 53 21
924 585 9 30 16
925 613 8 28 16
925 1169 9 28 26
926 101 8 4 6
926 506 11 11 11
926 665 9 9 16
927 209 10 44 6
928 333 9 9 11
928 382 8 21 11
928 331 9 25 11
929 374 8 43 11
929 522 10 0 16
929 655 9 20 16
929 121 8 19 6
929 958 10 51 21
930 410 9 59 11
931 203 10 53 6
931 562 9 7 16
932 601 9 27 16
932 145 9 34 6
932 873 8 36 21
933 802 10 11 21
933 545 10 51 16
934 654 9 20 16
934 499 11 16 11
934 164 9 28 6
934 382 8 9 11
934 352 9 53 11
935 178 9 31 6
935 810 9 17 21
936 352 9 46 11
936 756 11 1 16
936 1219 10 45 26
937 768 11 15 21
937 882 9 57 21
937 965 10 48 21
938 475 10 16 11
938 634 9 41 16
938 1229 11 57 26
939 22 11 38 6
939 327 9 6 11
939 959 10 33 21
940 1244 11 38 26
940 480 11 18 11
940 516 11 44 16
940 941 10 21 21
940 1182 9 9 26
941 472 10 37 11
942 259 11 28 6
942 217 10 29 6
942 33 10 12 6
942 874 9 5 21
943 550 10 40 16
943 678 9 3 16
944 116 9 17 6
945 877 9 48 21
945 1227 11 23 26
945 1156 9 26 26
946 1117 9 42 26
946 110 9 54 6
946 905 9 35 21
946 144 9 20 6
946 170 9 47 6
946 961 10 20 21
946 326 9 35 11
946 631 9 36 16
947 535 10 8 16
948 112 9 52 6
948 338 9 18 11
949 51 10 58 6
949 698 10 30 16
949 826 9 16 21
950 360 9 31 11
950 1018 11 0 26
950 1204 10 27 26
951 1110 9 7 26
951 1155 9 22 26
951 129 9 36 6
951 475 11 45 11
951 886 9 50 21
952 1041 10 5 26
952 974 11 57 21
952 633 9 47 16
953 544 10 37 16
953 125 9 52 6
953 267 11 4 11
953 1100 9 26 26
954 890 9 7 21
954 925 10 22 21
955 771 11 0 21
956 123 9 1 6
956 498 11 57 11
956 360 9 20 11
956 123 9 40 6
957 47 10 9 6
957 437 10 48 11
958 674 10 16 16
958 1066 10 10 26
958 266 11 32 11
958 906 9 26 21
958 458 10 8 11
959 1214 11 2 26
959 177 10 43 6
960 567 10 31 16
960 776 11 54 21
960 815 10 10 21
961 969 11 38 21
961 642 9 16 16
961 241 11 38 6
962 20 11 15 6
962 322 10 59 11
963 615 9 36 16
964 442 10 4 11
964 753 12 46 21
964 956 11 13 21
965 847 10 56 21
965 810 10 43 21
965 670 10 31 16
966 10 11 55 6
967 11 11 5 6
968 69 10 31 6
969 138 10 48 6
969 1187 10 3 26
970 122 10 44 6
970 192 10 28 6
970 470 11 4 11
971 106 10 32 6
971 302 11 45 11
971 421 10 14 11
972 391 10 4 11
972 1185 10 3 26
972 1083 10 14 26
972 22 11 58 6
975 1215 11 46 26
975 251 12 45 6
975 966 11 52 21
975 656 10 48 16
975 637 10 16 16
976 798 11 1 21
976 575 10 27 16
976 732 11 23 16
976 781 11 0 21
976 70 10 55 6
976 375 10 28 11
976 494 12 46 11
977 325 10 8 11
978 971 11 16 21
978 1186 10 29 26
978 930 10 32 21
979 343 10 12 11
981 22 11 27 6
981 210 11 55 6
982 850 10 0 21
982 570 11 30 16
982 1103 10 39 26
983 755 12 21 16
984 1230 12 34 26
985 1089 10 11 26
985 915 10 58 21
985 855 10 49 21
986 926 11 7 21
988 1157 10 1 26
991 213 11 55 6
992 420 11 57 11
992 928 11 48 21
994 133 10 41 6
994 596 11 50 16
994 875 10 28 21
994 861 10 49 21
995 927 11 51 21
995 409 11 55 11
995 393 11 12 11
995 662 11 43 16
996 754 12 42 16
996 242 12 32 6
996 423 11 29 11
997 948 11 51 21
997 1166 11 49 26
997 582 11 51 16
997 277 12 15 11
997 249 12 53 11
998 1134 11 18 26
998 1213 12 10 26
1000 798 11 53 21
1000 593 11 40 16
1000 1140 11 50 26
1001 15 12 14 6
1002 966 12 6 21
1002 627 11 53 17
1002 295 11 12 12
1002 477 12 47 11
1002 11 12 53 6
1003 742 12 14 16
1003 372 11 43 11
1004 616 11 50 16
1004 395 11 54 11
1004 863 11 16 21
1004 109 11 40 6
1005 39 11 22 7
1005 866 11 5 21
1005 929 11 23 21
1006 989 12 10 21
1008 1067 11 9 26
1008 878 10 6 22
1008 646 10 52 17
1009 316 11 42 11
1009 1060 11 28 26
1009 73 11 35 6
1010 198 11 23 7
1010 1043 11 11 27
1010 295 11 50 12
1011 283 11 16 12
1011 113 10 29 7
1011 926 11 53 21
1012 959 11 9 22
1012 478 12 1 11
1013 93 10 35 7
1014 22 12 16 6
1015 750 12 7 22
1015 772 12 28 21
1015 585 10 20 17
1015 999 12 55 27
1016 848 10 21 22
1016 946 11 26 22
1016 536 11 38 17
1017 886 10 4 22
1018 716 11 20 17
1018 386 10 54 12
1018 287 11 36 12
1019 329 10 35 12
1019 222 11 51 7
1019 38 11 0 7
1020 213 11 37 7
1020 355 10 0 12
1020 1012 12 58 22
1020 950 11 29 22
1021 774 11 34 22
1021 696 11 18 17
1022 1100 10 57 27
1023 270 11 57 12
1023 201 11 29 7
1024 1068 10 39 27
1025 74 10 5 7
1025 540 11 50 17
1026 334 10 32 12
1026 678 10 7 17
1026 428 10 51 12
1026 333 10 7 12
1026 1078 10 23 27
1027 177 10 59 7
1027 264 11 28 12
1027 472 11 35 12
1028 466 11 54 12
1028 1009 12 41 22
1029 419 10 2 12
1029 507 12 32 12
1029 827 10 45 22
1029 1178 10 14 27
1029 163 10 18 7
1031 618 10 22 17
1031 409 10 41 12
1031 165 10 9 7
1032 430 10 14 12
1033 1068 10 18 27
1033 71 10 9 7
1033 835 10 4 22
1034 573 10 40 17
1034 501 12 36 12
1034 209 11 15 7
1035 562 10 37 17
1037 389 9 25 12
1038 594 10 44 17
1038 213 11 8 7
1039 101 9 31 7
1039 1234 11 27 27
1039 503 11 41 17
1040 551 10 38 17
1040 1117 9 18 27
1040 1161 10 40 27
1040 379 9 1 12
1040 805 10 9 22
1042 1004 11 8 27
1042 300 10 28 12
1043 885 9 55 22
1043 1065 10 42 27
1044 387 9 30 12
1045 274 11 19 12
1045 375 9 27 12
1046 1224 11 45 27
1048 721 11 37 17
1048 133 9 41 7
1049 151 9 26 7
1049 215 10 46 7
1050 1065 10 55 27
1051 559 10 37 17
1051 803 10 48 22
1052 812 10 52 22
1052 557 10 17 17
1052 661 9 24 17
1052 674 9 7 17
1052 1055 10 54 27
1053 55 10 41 7
1053 1086 9 43 27
1053 435 10 2 12
1054 516 11 12 17
1054 719 10 10 17
1054 837 9 35 22
1055 1190 10 50 27
1055 515 11 21 17
1056 686 10 16 17
1056 43 10 43 7
1057 1187 10 22 27
1057 872 9 16 22
1058 608 9 12 17
1059 196 10 18 7
1059 988 11 58 22
1059 510 11 34 17
1061 511 11 37 17
1062 1115 9 18 27
1063 223 10 11 7
1063 113 9 7 7
1064 1109 9 59 27
1064 910 9 30 22
1064 1128 9 53 27
1064 581 9 47 17
1064 299 10 7 12
1066 1237 11 33 27
1067 520 10 39 17
1068 1124 8 24 27
1068 140 8 49 7
1068 654 9 38 17
1069 263 11 10 12
1070 482 11 31 12
1070 176 9 21 7
1070 1225 10 12 27
1070 1035 10 43 27
1071 1115 8 24 27
1072 1068 9 40 27
1072 147 8 26 7
1072 1173 9 45 27
1073 910 9 48 22
1073 1113 8 1 27
1073 523 10 59 17
1074 364 8 4 12
1074 729 10 13 17
1075 683 9 17 17
1076 720 10 55 17
1076 510 11 40 12
1077 1090 8 47 27
1078 316 9 13 12
1078 163 9 51 7
1080 676 9 54 17
1080 1237 11 4 27
1080 498 11 21 12
1081 528 10 39 17
1081 758 11 51 17
1082 138 8 28 7
1083 243 11 13 12
1084 415 8 22 12
1084 655 8 52 17
1085 806 9 54 22
1085 610 8 0 17
1085 125 8 2 7
1086 1143 8 25 27
1086 715 10 22 17
1087 48 9 7 7
1087 813 9 1 22
1087 736 10 38 17
1088 317 9 47 12
1088 429 9 19 12
1088 607 8 15 17
1089 86 8 35 7
1089 195 9 20 7
1090 763 10 14 22
1090 1228 10 31 27
1091 370 8 26 12
1093 924 8 32 22
1093 600 8 18 17
1094 117 8 6 7
1094 931 9 19 22
1095 23 10 31 7
1095 1238 10 57 27
1095 820 9 5 22
1097 1212 10 28 27
1098 957 9 19 22
1098 614 7 44 17
1098 26 10 19 7
1098 1232 10 39 27
1098 1127 7 49 27
1098 274 10 42 12
1099 56 9 32 7
1100 551 9 44 17
1100 1141 7 34 27
1100 908 8 26 22
1100 592 8 1 17
1101 90 8 56 7
1101 1213 10 25 27
1102 366 7 54 12
1102 594 8 34 17
1103 401 8 12 12
1103 376 7 5 12
1104 347 8 49 12
1104 546 9 39 17
1104 254 11 18 7
1105 1242 10 56 27
1105 162 8 3 7
1105 1064 9 44 27
1106 311 9 28 12
1106 412 8 21 12
1107 985 10 42 22
1107 878 7 39 22
1107 562 9 45 17
1107 541 9 31 17
1107 420 8 36 12
1108 46 9 13 7
1109 345 8 42 12
1109 135 7 20 7
1110 617 7 32 17
1110 834 8 22 22
1110 10 10 2 7
1111 1153 8 6 27
1111 967 10 46 22
1111 1244 10 38 27
1111 748 11 41 17
1113 779 10 12 22
1113 471 10 39 12
1113 656 8 29 17
1113 1069 8 30 27
1114 1137 7 26 27
1115 366 7 56 12
1115 822 8 42 22
1115 148 7 31 7
1116 679 8 37 17
1116 544 9 14 17
1118 456 9 49 12
1118 1074 8 33 27
1119 226 10 17 7
1119 985 10 25 22
1119 1058 9 53 27
1120 11 10 30 7
1121 859 7 59 22
1122 939 9 32 22
1122 824 8 15 22
1122 249 11 31 7
1122 305 9 8 12
1123 642 7 20 17
1123 195 9 5 7
1124 11 10 21 7
1124 1084 8 45 27
1125 225 10 27 7
1126 908 8 23 22
1127 443 9 51 12
1127 119 7 5 7
1127 1222 10 1 27
1128 457 9 24 12
1128 215 10 10 7
1128 983 10 32 22
1128 1204 9 46 27
1129 191 9 40 7
1130 1159 8 50 27
1130 448 9 42 12
1130 511 10 22 17
1131 711 9 14 17
1131 1206 9 19 27
1131 834 8 28 22
1131 181 8 55 7
1132 925 8 45 22
1132 628 7 37 17
1133 406 8 21 12
1133 680 8 38 17
1133 206 9 8 7
1133 459 9 12 12
1134 617 7 3 17
1134 188 9 15 7
1134 568 8 43 17
1135 1202 9 3 27
1136 364 7 36 12
1136 26 10 49 7
1136 7 10 24 7
1136 1057 9 21 27
1136 928 8 8 22
1136 1049 9 39 27
1136 947 9 4 22
1136 382 7 14 12
1136 1006 10 32 27
1136 111 7 21 7
1137 1150 7 24 27
1137 1125 7 57 27
1138 156 8 7 7
1138 1087 8 4 27
1138 684 9 47 17
1138 186 9 49 7
1139 1137 7 18 27
1139 75 8 1 7
1140 909 8 0 22
1140 1063 9 47 27
1140 1249 11 49 27
1141 854 7 37 22
1141 182 8 16 7
1141 874 7 10 22
1142 1124 7 16 27
1142 747 11 16 17
1142 868 7 22 22
1142 547 9 11 17
1142 772 10 32 22
1143 1192 9 58 27
1143 737 10 14 17
1144 153 8 0 7
1144 201 9 39 7
1145 148 8 31 7
1145 132 7 21 7
1146 114 7 47 7
1147 184 9 10 7
1147 811 9 17 22
1147 654 8 1 17
1147 765 10 35 22
1147 439 9 38 12
1148 152 8 17 7
1148 508 10 32 17
1149 389 7 45 12
1150 610 7 21 17
1151 539 9 11 17
1151 273 10 26 12
1152 1079 8 32 27
1152 917 8 5 22
1152 550 9 19 17
1152 289 10 11 12
1153 633 7 54 17
1153 552 9 56 17
1153 1009 10 27 27
1153 722 10 56 17
1153 1095 8 4 27
1154 1221 10 44 27
1154 579 8 10 17
1154 935 9 15 22
1154 342 8 8 12
1155 905 8 8 22
1155 464 10 22 12
1156 500 11 8 17
1156 510 10 47 17
1157 367 8 53 12
1157 718 10 21 17
1157 194 9 27 7
1157 320 9 55 12
1159 1165 8 38 27
1159 424 8 20 12
1159 889 8 30 22
1160 311 9 9 12
1160 1202 9 38 27
1160 1149 8 54 27
1160 354 8 46 12
1162 557 9 51 17
1162 703 9 58 17
1163 1028 10 5 27
1164 921 9 23 22
1165 969 10 3 22
1165 811 9 24 22
1166 978 10 26 22
1166 130 8 49 7
1166 929 9 12 22
1167 102 8 46 7
1167 821 9 45 22
1167 164 8 9 7
1167 1093 8 22 27
1167 464 10 55 12
1167 151 8 16 7
1168 1072 9 30 27
1168 1178 9 56 27
1169 205 10 38 7
1169 882 8 38 22
1170 1211 10 35 27
1170 103 8 31 7
1171 25 10 51 7
1171 604 8 2 17
1171 215 10 19 7
1171 1096 8 29 27
1173 1078 9 23 27
1173 335 9 41 12
1174 812 9 30 22
1174 1163 9 53 27
1174 578 9 28 17
1174 1090 9 17 27
1174 776 10 44 22
1176 975 10 26 22
1176 360 8 22 12
1177 1143 8 0 27
1178 1014 11 21 22
1178 791 10 38 22
1179 1037 10 26 27
1179 907 9 10 22
1180 755 11 42 22
1180 91 9 4 7
1181 765 11 47 22
1181 1173 9 51 27
1181 775 10 26 22
1181 542 10 34 17
1182 1237 11 8 27
1182 681 9 56 17
1182 1103 9 30 27
1182 25 10 46 7
1182 241 11 26 7
1183 181 9 6 7
1183 1016 11 10 27
1183 561 9 17 17
1183 805 10 0 22
1185 616 9 21 17
1185 907 9 39 22
1185 338 9 15 12
1186 95 9 2 7
1186 166 9 9 7
1188 364 9 8 12
1188 1033 10 30 27
1190 855 9 18 22
1190 352 9 45 12
1190 1071 9 56 27
1190 1206 10 40 27
1191 704 10 45 17
1191 54 10 17 7
1192 389 9 10 12
1192 354 9 3 12
1192 591 9 19 17
1192 686 10 53 17
1193 404 9 8 12
1194 1155 9 6 27
1194 1191 10 44 27
1194 1220 10 26 27
1195 728 11 41 17
1195 507 11 44 12
1195 173 9 23 7
1195 515 11 3 17
1195 87 9 31 7
1196 136 9 41 7
1196 135 9 9 7
1197 325 9 33 12
1198 323 9 59 12
1198 299 10 2 12
1198 473 11 54 12
1199 876 9 38 22
1200 1217 10 17 27
1200 657 9 56 17
1200 685 10 47 17
1200 698 10 26 17
1201 623 9 19 17
1201 825 10 58 22
1201 1236 11 11 27
1201 1242 11 7 27
1202 599 9 38 17
1202 268 11 48 12
1202 1146 9 17 27
1203 24 11 41 7
1203 260 11 43 12
1205 1039 10 36 27
1205 771 11 34 22
1205 941 10 51 22
1206 817 10 35 22
1206 97 9 10 7
1207 552 10 18 17
1207 89 9 16 7
1207 736 11 55 17
1208 1144 9 33 27
1208 30 11 19 7
1209 469 11 18 12
1209 500 12 14 17
1209 302 10 21 12
1209 1056 10 51 27
1209 961 11 13 22
1210 1244 11 15 27
1210 849 9 37 22
1211 1054 10 43 27
1211 1172 10 32 27
1211 305 10 25 12
1211 750 12 23 17
1211 655 10 50 17
1211 752 12 44 17
1212 895 9 21 22
1213 11 11 53 7
1213 783 11 52 22
1214 118 9 51 7
1215 720 11 33 17
1215 595 10 9 17
1215 729 11 32 17
1217 43 11 17 7
1217 490 11 37 12
1217 683 10 58 17
1219 599 10 8 17
1219 305 10 12 12
1219 93 10 9 7
1221 644 10 18 17
1221 1172 10 20 27
1221 36 11 56 7
1222 447 11 43 12
1223 584 10 32 17
1223 491 12 14 12
1223 369 10 58 12
1224 729 11 53 17
1224 1067 10 57 27
1224 306 11 3 12
1225 958 11 0 22
1225 488 12 34 12
1225 503 12 39 12
1225 1056 11 32 27
1225 267 11 59 12
1226 366 10 2 12
1226 1174 10 15 27
1228 179 10 36 7
1228 954 11 15 22
1228 165 10 8 7
1229 528 11 20 17
1229 115 10 6 7
1232 629 10 42 17
1232 409 10 29 12
1233 1183 11 31 27
1234 587 10 59 17
1235 1209 11 58 27
1235 227 12 29 7
1235 622 10 59 17
1237 184 11 3 7
1238 1067 11 30 27
1238 1021 12 10 27
1238 1083 11 23 27
1239 1062 11 18 27
1239 672 11 45 17
1239 333 11 47 12
1240 568 11 32 17
1240 241 12 35 7
1241 778 12 32 22
1241 1035 11 21 27
1241 476 12 31 12
1243 751 12 32 17
1243 463 11 47 12
1243 635 10 10 17
1244 1075 11 5 27
1245 1135 11 47 27
1245 1213 11 4 27
1245 929 11 12 22
1246 554 11 15 17
1246 79 11 19 7
1248 1060 11 12 27
1248 1147 11 35 27
1248 340 11 17 12
1249 725 12 54 17
1249 174 11 56 7
1249 726 12 40 17
1249 1082 11 45 27
1249 35 12 54 7
1249 1061 11 10 27
1249 103 11 37 7
1249 7 12 57 7
1250 1120 11 32 27
