SF7_COMM_RANGE = 30
VERTEX_NUM = 2950
MAP_WIDTH = 1250
MAP_LENGTH = 1250
Total links = 7621
Capital delta = 15
SF1112 % = 27.9661
# of outliers = 0
DATA PERIOD = 60
------------------------------
x  y  SF  phase which_gateway: 
1 1034 12 0 23
1 854 11 4 18
1 291 11 44 8
2 946 11 40 18
2 982 12 24 18
3 601 11 0 13
3 512 12 49 13
4 39 11 58 3
4 222 12 4 3
5 1203 11 26 23
5 1146 11 58 23
5 277 12 27 8
5 1016 12 9 23
5 681 11 34 13
6 589 11 3 13
6 182 11 26 3
6 396 11 12 8
7 155 11 36 3
8 359 10 18 8
8 294 11 32 8
8 927 11 18 18
8 972 12 37 18
8 353 10 11 8
9 1170 11 53 23
10 35 11 33 3
10 1052 11 19 23
13 737 12 0 13
13 1135 10 44 23
13 42 11 46 3
13 430 11 47 8
14 965 11 10 18
14 5 12 38 3
14 979 12 51 18
15 325 11 46 8
16 72 11 11 3
16 263 12 16 3
17 823 10 47 18
17 274 11 0 8
17 511 12 6 8
18 1140 10 51 23
20 414 10 18 8
21 421 10 4 8
21 500 12 10 8
21 266 12 27 3
21 243 12 30 3
22 133 10 13 3
22 841 10 45 18
22 900 10 34 18
22 41 11 50 3
23 809 11 4 18
23 780 11 6 18
23 717 11 0 13
23 996 12 33 18
24 1230 11 10 23
25 927 10 53 18
25 522 11 6 13
25 938 10 21 18
25 81 10 45 3
26 811 10 42 18
26 601 10 7 13
26 455 11 32 8
27 921 10 44 18
27 839 10 45 18
27 125 10 24 3
28 269 11 31 8
28 72 10 56 3
29 850 10 32 18
29 810 10 10 18
29 1185 10 48 23
29 285 11 30 8
29 584 10 1 13
29 88 10 6 3
30 1086 10 34 23
30 795 11 3 18
31 739 11 25 13
31 270 11 56 8
32 562 10 17 13
32 600 10 11 13
33 658 10 31 13
36 1073 10 59 23
36 857 10 7 18
36 495 11 37 8
37 148 10 51 3
37 288 11 40 8
37 127 9 39 3
39 283 11 44 8
39 921 10 38 18
40 340 10 0 8
40 1228 11 21 23
40 584 10 21 13
41 970 11 7 18
41 320 10 54 8
42 961 10 57 18
42 405 9 45 8
42 345 9 10 8
43 1058 10 28 23
43 52 10 41 3
44 880 9 34 18
44 308 10 38 8
44 250 11 22 3
44 940 10 4 18
44 753 11 31 18
45 744 11 28 13
46 1210 10 38 23
46 364 9 27 8
47 1056 10 54 23
48 1003 11 34 18
48 392 9 36 8
48 168 9 5 3
48 884 9 57 18
49 607 9 35 13
51 772 11 4 18
52 1060 10 27 23
52 685 10 26 13
53 480 11 44 8
53 172 9 6 3
54 825 9 2 18
54 1102 9 14 23
54 330 9 7 8
55 1073 9 15 23
55 252 11 27 3
55 153 9 6 3
55 147 9 9 3
56 333 9 25 8
56 1074 9 51 23
57 820 9 11 18
57 114 9 45 3
57 126 9 25 3
57 425 9 45 8
58 783 10 16 18
59 543 10 47 13
59 1186 9 41 23
59 547 10 47 13
60 92 9 7 3
60 369 9 11 8
60 605 9 6 13
60 901 9 1 18
61 245 11 38 3
62 1119 9 42 23
63 709 10 58 13
63 1205 10 35 23
63 1051 10 9 23
63 1095 9 2 23
63 1209 10 2 23
64 932 9 27 18
64 32 10 38 3
65 645 9 9 13
65 185 9 29 3
65 301 10 53 8
65 817 9 8 18
65 379 9 45 8
65 526 10 12 13
66 721 10 6 13
66 112 9 46 3
66 482 11 37 8
67 990 11 50 18
67 119 8 50 3
68 631 8 23 13
68 316 9 15 8
68 880 8 27 18
69 403 9 31 8
70 431 9 54 8
70 1040 10 9 23
70 962 10 10 18
71 710 10 1 13
71 1160 9 20 23
71 1139 8 17 23
71 1212 10 55 23
71 945 9 58 18
71 161 9 59 3
71 1123 8 53 23
71 169 9 34 3
72 632 8 1 13
72 609 8 48 13
72 371 8 28 8
73 1084 9 28 23
73 407 9 18 8
73 699 10 37 13
73 14 11 50 3
74 466 10 3 8
74 208 10 37 3
74 529 10 27 13
75 701 10 16 13
75 19 10 44 3
76 302 9 13 8
76 590 9 45 13
76 386 8 34 8
77 917 9 55 18
77 279 10 0 8
77 1186 9 41 23
78 855 8 23 18
78 449 9 31 8
79 23 10 35 3
79 298 9 24 8
79 1052 9 42 23
80 369 8 28 8
81 888 8 44 18
81 441 9 59 8
81 952 9 15 18
81 1 11 35 3
81 4 11 50 3
82 593 8 1 13
82 424 9 1 8
83 971 10 51 18
83 621 8 49 13
84 1083 8 29 23
84 78 9 20 3
84 881 8 7 18
84 347 8 59 8
85 476 10 10 8
85 1085 8 11 23
87 1096 8 36 23
87 335 8 37 8
88 361 8 19 8
88 1213 10 20 23
89 502 11 42 8
89 766 10 4 18
89 574 9 46 13
91 472 10 30 8
92 1184 9 5 23
95 341 8 27 8
95 677 9 53 13
95 304 9 28 8
96 406 8 54 8
96 445 9 9 8
97 786 10 10 18
97 5 11 15 3
97 1177 8 53 23
98 375 7 1 8
98 282 10 30 8
99 584 8 20 13
99 981 10 52 18
99 432 9 31 8
99 766 10 21 18
100 678 8 35 13
101 486 10 20 8
101 249 11 43 3
102 150 8 47 3
102 918 8 20 18
102 443 9 42 8
102 1103 8 49 23
103 285 10 23 8
103 55 9 18 3
104 658 8 18 13
104 755 11 42 13
104 170 8 31 3
104 282 10 53 8
105 1208 9 38 23
105 11 10 17 3
105 1167 8 23 23
105 859 7 35 18
105 792 9 45 18
105 727 10 8 13
106 105 7 4 3
106 589 8 39 13
107 992 10 17 18
107 1160 8 14 23
107 827 8 54 18
109 130 7 2 3
109 756 11 8 13
109 524 10 17 13
110 698 9 23 13
111 346 8 52 8
112 512 10 48 13
112 574 8 36 13
114 993 10 27 18
114 1111 7 1 23
114 1150 7 19 23
115 171 8 15 3
115 867 7 21 18
115 648 7 1 13
116 738 10 56 13
116 1023 10 36 23
116 781 10 12 18
116 1010 10 15 23
117 1083 8 10 23
117 1054 9 43 23
118 665 8 8 13
118 3 11 48 3
118 100 7 52 3
119 90 8 31 3
120 827 8 16 18
120 704 9 37 13
120 656 8 39 13
121 969 10 20 18
121 366 7 9 8
122 787 9 56 18
123 511 10 26 13
123 458 9 55 8
124 1009 10 58 23
124 303 9 34 8
124 89 8 12 3
124 912 8 13 18
124 275 10 26 8
124 808 9 53 18
125 764 10 50 18
125 1049 9 46 23
126 984 10 54 18
126 1205 9 9 23
126 260 10 53 8
126 203 9 7 3
126 924 8 3 18
127 1042 9 49 23
127 1124 7 43 23
129 149 7 15 3
129 33 10 4 3
130 254 11 53 3
130 1184 8 58 23
131 990 10 12 18
132 207 9 33 3
132 662 8 42 13
133 1063 9 35 23
134 329 8 49 8
135 1123 7 20 23
135 1211 9 6 23
136 444 9 1 8
136 896 7 21 18
136 162 8 2 3
136 175 8 28 3
137 215 10 8 3
138 197 9 53 3
138 1242 10 54 23
138 233 10 13 3
139 62 9 58 3
139 205 9 21 3
139 704 9 6 13
141 823 8 48 18
141 926 8 59 18
142 445 9 0 8
142 645 7 50 13
143 1151 8 52 23
143 233 10 59 3
144 467 10 53 8
144 8 10 41 3
144 1110 7 42 23
144 803 9 0 18
145 349 8 38 8
146 1065 9 27 23
146 902 8 50 18
146 533 10 42 13
147 354 8 52 8
148 880 7 32 18
149 1121 7 18 23
149 185 9 34 3
150 444 9 52 8
150 884 7 24 18
151 233 10 35 3
151 851 8 5 18
151 1223 10 19 23
151 876 7 3 18
152 1223 10 14 23
153 336 8 4 8
153 563 9 58 13
153 481 10 27 8
154 864 8 2 18
154 1216 10 11 23
155 519 10 25 13
156 355 8 43 8
156 651 8 2 13
157 53 9 17 3
157 800 9 33 18
157 250 11 54 3
158 48 9 16 3
158 881 8 18 18
159 1178 9 27 23
159 715 10 50 13
160 200 9 18 3
160 476 10 57 8
161 411 8 9 8
161 1123 8 8 23
162 904 8 40 18
162 280 10 53 8
164 941 9 40 18
164 289 10 50 8
165 1148 8 27 23
165 780 10 25 18
165 231 10 6 3
166 125 8 3 3
166 677 9 22 13
166 382 8 25 8
166 173 9 58 3
167 971 10 36 18
167 615 8 21 13
167 446 9 48 8
167 367 8 55 8
167 327 9 24 8
168 650 8 59 13
168 943 9 12 18
170 478 10 59 8
170 930 9 1 18
170 1038 10 29 23
170 1179 9 32 23
171 1098 8 47 23
171 933 9 37 18
171 905 8 42 18
172 190 9 7 3
173 433 9 19 8
173 838 9 0 18
174 921 9 4 18
174 408 8 28 8
175 970 10 0 18
175 975 10 44 18
176 932 9 22 18
178 617 8 40 13
178 136 8 34 3
178 185 9 49 3
178 298 10 57 8
179 780 10 33 18
179 1195 9 44 23
181 605 8 20 13
181 197 10 58 3
182 653 9 43 13
182 791 10 48 18
182 664 9 12 13
183 259 11 31 3
183 518 11 36 13
183 493 11 36 8
184 615 8 23 13
184 853 9 48 18
184 122 8 27 3
184 259 11 16 3
185 110 9 10 3
186 514 11 59 13
187 845 9 56 18
187 1048 10 47 23
187 1067 9 33 23
188 898 9 3 18
189 514 11 7 13
189 103 9 33 3
189 787 10 7 18
189 1086 9 27 23
190 532 10 33 13
190 881 9 52 18
190 483 11 41 8
190 1101 9 5 23
190 75 9 18 3
191 519 11 23 13
191 1151 9 55 23
191 1068 9 51 23
192 383 9 7 8
192 481 11 15 8
193 34 10 42 3
193 1212 10 42 23
193 878 9 55 18
193 1231 11 54 23
193 1221 10 6 23
193 519 11 31 13
194 856 9 22 18
194 1064 10 29 23
194 162 9 12 3
195 266 11 49 8
196 862 9 37 18
196 985 11 22 18
197 909 9 40 18
197 166 9 33 3
197 560 10 1 13
197 911 9 13 18
198 51 10 28 3
198 826 9 8 18
199 307 10 38 8
199 419 9 36 8
200 891 9 28 18
200 1152 9 3 23
200 864 9 20 18
200 326 9 9 8
201 1229 11 0 23
201 552 10 30 13
201 255 11 32 8
202 1129 9 55 23
202 701 10 14 13
203 444 10 40 8
203 488 11 2 8
204 746 11 56 13
204 746 11 14 13
204 343 9 58 8
204 902 9 42 18
204 888 9 20 18
204 406 9 29 8
204 640 9 56 13
204 265 11 41 8
204 175 10 41 3
204 317 10 37 8
205 1107 9 19 23
206 1160 9 55 23
206 771 11 9 18
208 553 10 44 13
208 339 10 57 8
208 867 9 14 18
208 466 11 13 8
208 849 9 57 18
209 442 10 44 8
209 479 11 49 8
210 263 11 25 8
211 714 11 47 13
211 444 10 1 8
211 38 11 35 3
212 1043 10 39 23
212 871 9 31 18
213 574 10 59 13
213 556 10 35 13
213 540 11 45 13
214 142 10 31 3
214 735 11 37 13
214 494 11 33 8
214 73 10 46 3
214 745 11 35 13
215 203 10 15 3
215 1053 10 6 23
215 723 11 57 13
216 955 11 3 18
216 46 11 40 3
217 805 10 38 18
217 448 10 32 8
218 310 10 59 8
218 62 10 34 3
218 211 11 41 3
218 1136 10 35 23
219 635 10 31 13
219 744 12 47 13
220 801 11 48 18
220 406 10 20 8
220 228 11 31 3
220 914 10 29 18
221 835 10 46 18
222 792 11 10 18
222 486 11 30 8
225 874 10 13 18
226 381 10 50 8
227 1109 10 2 23
227 865 10 4 18
227 371 10 25 8
227 916 10 47 18
228 709 11 36 13
228 538 11 54 13
228 77 10 13 3
229 314 11 14 8
230 117 10 30 3
230 239 12 28 3
230 1015 12 12 18
230 523 11 27 13
231 579 10 24 13
231 964 11 52 18
232 405 10 57 8
232 1007 12 56 23
232 363 10 43 8
232 122 10 23 3
233 621 10 30 13
234 68 11 19 3
235 279 11 54 8
235 739 12 17 13
236 528 11 7 13
238 1207 11 7 23
238 1021 12 49 23
239 571 11 37 13
239 329 11 53 8
240 171 11 59 3
240 915 11 59 18
240 1024 12 58 23
241 346 10 49 8
243 132 10 1 3
243 518 12 2 13
244 277 12 6 8
245 806 11 41 18
245 134 11 30 3
246 48 11 1 3
246 160 11 54 3
247 1220 12 44 23
247 741 12 23 13
247 786 12 14 18
247 354 11 57 8
247 485 12 50 8
248 948 11 38 18
248 360 11 41 8
248 294 11 39 8
249 664 11 27 13
249 772 12 25 18
250 781 12 3 18
250 870 11 57 18
250 182 11 44 3
251 579 11 49 13
251 590 11 14 13
251 767 12 51 18
252 614 11 56 13
252 379 11 55 8
252 1142 11 20 23
252 647 11 41 13
253 1165 11 55 23
253 95 11 20 3
254 52 11 31 3
255 799 11 36 19
255 570 11 13 13
255 1050 11 26 24
256 951 11 43 19
256 232 12 46 3
257 1209 11 56 24
257 195 11 36 3
257 240 12 40 3
258 415 11 33 8
258 681 11 59 13
258 947 11 47 19
260 186 11 30 3
260 875 10 41 19
260 457 11 17 9
260 14 12 11 3
261 441 11 20 9
261 45 11 36 4
262 612 10 28 14
262 1215 11 23 24
262 848 10 33 19
262 754 12 12 14
262 333 11 13 8
263 387 10 40 9
264 1127 10 56 24
264 105 10 1 4
264 896 10 35 19
264 1068 11 16 24
264 798 11 43 19
265 966 11 22 19
265 330 10 28 9
265 1226 11 14 24
266 798 11 51 19
267 399 10 34 9
267 693 11 40 14
267 1221 11 26 24
267 381 10 20 9
267 1185 11 29 24
268 987 12 2 19
269 179 10 53 4
271 252 12 2 9
271 7 12 1 4
271 412 10 32 9
271 104 10 32 4
271 287 11 42 9
271 1160 10 49 24
272 978 11 35 19
272 396 10 2 9
272 1088 10 26 24
273 973 11 4 19
273 608 10 18 14
273 1155 10 51 24
274 204 11 8 4
274 81 10 23 4
275 480 11 23 9
275 734 11 4 14
275 1230 11 24 24
275 1108 10 51 24
276 968 11 13 19
276 856 10 7 19
276 891 10 13 19
277 512 11 33 14
277 856 10 14 19
277 331 10 56 9
277 841 10 7 19
277 870 10 54 19
277 125 10 22 4
278 825 10 20 19
278 896 10 23 19
278 567 10 24 14
280 301 11 5 9
281 469 11 25 9
281 737 11 17 14
282 232 11 37 4
282 254 12 49 4
282 1201 11 59 24
283 1197 10 18 24
283 860 10 17 19
283 814 10 54 19
283 1226 11 36 24
283 617 10 13 14
283 12 11 4 4
284 52 10 28 4
284 271 11 21 9
286 37 11 27 4
287 769 11 51 19
287 963 11 26 19
288 50 10 51 4
288 257 11 42 9
289 754 11 39 19
289 412 10 59 9
289 941 10 48 19
289 896 9 12 19
290 1145 9 13 24
290 464 11 44 9
291 1023 11 12 24
291 504 11 59 14
291 1249 11 59 24
292 403 9 32 9
292 351 9 15 9
292 325 10 23 9
293 616 9 37 14
294 229 11 32 4
294 1112 9 33 24
295 258 11 6 9
295 237 11 22 4
296 79 10 32 4
296 1024 11 24 24
296 1234 11 31 24
296 501 11 18 9
296 790 10 53 19
297 575 10 44 14
297 564 10 22 14
297 800 10 21 19
298 982 11 57 19
299 688 10 49 14
299 545 10 4 14
299 547 10 23 14
299 188 10 33 4
300 1153 9 39 24
301 47 10 54 4
301 738 11 32 14
301 242 11 19 4
301 463 10 59 9
301 827 9 37 19
301 741 11 3 14
302 763 11 11 19
302 717 10 28 14
302 130 9 54 4
302 1249 11 35 24
302 287 10 43 9
302 737 11 18 14
303 905 9 4 19
303 1098 9 16 24
304 1077 9 51 24
304 865 9 2 19
304 176 9 30 4
304 121 9 15 4
305 150 9 26 4
305 312 10 1 9
305 351 9 26 9
307 609 9 19 14
308 917 9 37 19
308 1222 10 40 24
308 1032 10 32 24
310 1088 9 34 24
310 912 9 22 19
310 1010 11 29 19
311 311 10 58 9
311 642 9 55 14
311 1206 10 8 24
311 104 9 44 4
312 546 10 19 14
312 699 10 27 14
312 958 10 35 19
313 564 9 48 14
313 526 10 22 14
314 46 10 38 4
315 239 11 16 4
315 531 10 17 14
315 1104 9 13 24
316 427 9 0 9
317 756 11 27 14
317 133 8 9 4
317 100 9 8 4
317 1173 9 10 24
318 1161 9 11 24
319 555 9 38 14
319 766 11 17 19
319 621 8 30 14
319 765 11 39 19
319 224 10 43 4
320 548 10 41 14
320 525 10 16 14
320 173 9 16 4
321 182 9 6 4
321 823 9 42 19
321 640 8 38 14
321 1019 10 35 24
321 1140 8 40 24
322 989 11 25 24
323 638 8 35 14
323 511 11 17 9
323 770 10 44 19
324 729 10 54 14
324 888 8 52 19
324 1106 8 32 24
324 230 10 16 4
324 627 8 31 14
325 251 11 48 9
325 926 9 25 19
325 785 10 36 19
326 644 8 40 14
326 975 10 52 19
327 72 9 38 4
327 805 9 48 19
327 1069 9 54 24
327 944 9 41 19
328 884 8 26 19
328 744 11 12 19
328 861 8 11 19
329 791 10 57 19
330 911 8 47 19
331 321 9 45 9
331 39 10 5 4
332 1216 10 3 24
332 1134 8 51 24
332 613 8 48 14
332 471 10 33 9
333 504 11 18 9
333 791 10 20 19
334 227 10 58 4
334 481 10 53 9
334 603 8 29 14
334 636 8 42 14
334 924 9 47 19
335 1221 10 22 24
335 476 10 6 9
336 571 9 55 14
336 798 9 45 19
336 434 9 55 9
336 187 9 21 4
336 159 8 13 4
337 20 10 27 4
337 1249 11 5 24
337 816 9 43 19
338 804 9 16 19
338 1033 10 52 24
338 749 11 25 19
338 641 8 34 14
339 1117 8 4 24
339 236 10 28 4
339 289 10 24 9
341 85 8 43 4
341 794 9 13 19
341 498 11 29 9
342 98 8 39 4
343 1095 8 56 24
343 1027 10 9 24
343 985 10 12 19
343 1247 11 14 24
344 377 8 22 9
344 662 8 3 14
347 285 10 59 9
348 1030 10 51 24
349 1167 8 45 24
349 833 8 38 19
349 249 11 5 4
350 312 9 44 9
350 642 8 34 14
350 423 8 42 9
350 252 11 39 4
351 497 11 47 9
351 181 9 48 4
351 594 8 58 14
353 1172 8 44 24
353 527 10 31 14
354 1107 7 14 24
354 54 9 36 4
354 858 7 56 19
354 721 10 41 14
354 233 10 32 4
354 530 10 25 14
355 756 11 5 14
355 198 9 16 4
355 791 9 38 19
356 145 7 26 4
356 442 9 55 9
356 973 10 27 19
357 1104 7 28 24
357 1243 10 59 24
357 1133 7 33 24
357 18 10 50 4
358 1223 10 2 24
358 938 9 33 19
359 831 8 33 19
359 1017 10 40 24
360 960 9 3 19
360 840 8 39 19
360 1006 10 24 24
361 1083 8 29 24
361 1121 7 13 24
361 54 9 55 4
361 1058 9 16 24
361 289 9 1 9
362 157 8 53 4
362 175 8 53 4
362 799 9 33 19
362 678 8 0 14
363 676 8 29 14
363 971 10 29 19
363 1071 8 41 24
364 1216 10 2 24
364 370 7 54 9
365 665 8 46 14
365 451 9 10 9
365 908 8 25 19
366 74 8 12 4
366 822 8 5 19
367 964 9 52 19
367 869 7 40 19
369 290 9 4 9
369 1190 9 17 24
369 822 8 22 19
370 816 8 7 19
370 790 9 50 19
371 694 9 56 14
371 942 9 39 19
371 1203 9 54 24
371 1060 9 27 24
371 660 8 3 14
372 432 8 15 9
372 356 7 40 9
372 5 11 58 4
373 958 9 24 19
373 754 11 42 14
374 674 8 43 14
374 1004 11 17 19
376 823 8 15 19
376 916 8 43 19
377 1045 9 38 24
377 595 8 36 14
378 723 10 24 14
378 320 8 40 9
379 193 9 23 4
379 436 9 10 9
379 853 7 42 19
379 289 9 48 9
379 501 11 15 9
380 112 7 47 4
380 884 7 32 19
382 723 10 47 14
382 1069 8 44 24
383 717 10 49 14
383 1215 10 2 24
384 711 9 43 14
384 1114 7 32 24
385 590 8 58 14
385 661 8 22 14
385 825 8 18 19
386 213 9 25 4
387 603 7 25 14
387 828 8 33 19
387 953 9 57 19
388 866 7 15 19
388 396 7 57 9
389 512 10 39 14
390 1077 8 58 24
390 914 8 6 19
391 190 9 46 4
391 333 8 42 9
391 1213 9 45 24
392 821 8 23 19
392 912 8 58 19
392 142 7 17 4
393 1140 7 38 24
393 708 9 1 14
393 930 8 0 19
393 1237 10 18 24
394 1080 8 8 24
394 504 11 39 9
394 690 9 42 14
394 205 9 55 4
395 1149 8 23 24
395 894 7 31 19
396 389 7 49 9
396 897 8 58 19
397 488 10 55 9
397 343 8 47 9
397 31 10 20 4
397 310 9 5 9
398 686 9 4 14
398 799 9 37 19
398 385 7 31 9
399 1104 8 2 24
399 263 10 44 9
399 758 10 28 19
399 3 11 33 4
399 173 8 35 4
399 263 10 27 9
399 999 11 20 24
400 851 8 9 19
400 858 8 12 19
401 866 7 35 19
401 370 7 7 9
401 632 7 29 14
403 1103 8 13 24
404 499 11 8 9
404 535 10 21 14
405 1165 8 31 24
405 1109 8 16 24
405 1080 8 1 24
406 1177 9 13 24
407 1218 10 4 24
407 346 8 16 9
407 636 8 36 14
409 910 8 45 19
409 287 10 15 9
409 104 8 24 4
410 423 8 33 9
410 300 9 27 9
411 1003 11 29 19
411 805 9 29 19
412 1061 9 57 24
412 1226 10 0 24
412 1150 8 31 24
412 1010 11 41 24
413 662 8 21 14
413 53 9 5 4
413 294 9 16 9
414 91 8 48 4
414 890 8 17 19
414 859 8 17 19
415 1152 8 0 24
415 435 9 52 9
416 658 8 25 14
416 203 9 21 4
416 235 10 57 4
417 501 11 25 9
417 991 11 43 19
417 865 8 20 19
417 69 9 34 4
417 856 8 36 19
417 961 10 33 19
417 485 10 30 9
418 975 10 52 19
418 793 10 1 19
418 284 10 15 9
419 765 10 7 19
419 588 8 25 14
421 1071 9 40 24
421 1084 9 27 24
421 1242 11 55 24
421 109 8 10 4
423 1142 8 24 24
423 422 9 47 9
423 162 9 33 4
423 1212 10 5 24
423 235 11 8 4
424 62 9 30 4
424 226 10 14 4
425 15 11 56 4
425 66 9 39 4
425 475 10 31 9
426 502 11 48 14
426 1068 9 31 24
426 695 9 48 14
426 3 11 10 4
427 1028 10 20 24
427 508 11 6 9
427 6 11 45 4
428 916 9 40 19
429 420 9 40 9
429 456 10 21 9
429 532 10 13 14
430 1230 10 10 24
430 1237 11 13 24
431 671 9 7 14
432 683 9 17 14
432 624 8 13 14
432 18 11 32 4
432 267 11 58 9
433 161 9 40 4
433 876 8 19 19
435 992 11 0 19
435 903 9 56 19
435 266 11 7 9
436 444 10 33 9
436 107 9 1 4
436 869 9 15 19
436 447 10 56 9
436 415 9 7 9
437 1203 10 4 24
437 1200 10 35 24
437 1062 9 31 24
438 539 10 44 14
439 1084 9 59 24
439 720 10 19 14
439 613 9 54 14
440 755 11 19 14
440 166 9 25 4
441 656 9 31 14
441 30 10 52 4
441 1138 9 57 24
441 1022 11 52 24
442 329 9 57 9
442 499 11 59 9
442 1203 10 58 24
443 956 10 4 19
443 418 9 17 9
443 265 11 3 9
444 682 9 37 14
444 1122 9 7 24
444 808 10 35 19
444 870 9 48 19
444 318 9 7 9
444 1135 9 31 24
445 1038 10 55 24
445 149 9 32 4
447 192 10 24 4
448 505 11 3 9
448 440 10 20 9
449 577 9 24 14
449 1148 9 59 24
450 398 9 56 9
450 73 10 55 4
450 262 11 43 9
450 1116 9 47 24
451 150 9 6 4
451 1219 11 30 24
452 377 9 6 9
452 1149 9 24 24
452 238 11 1 4
453 455 10 50 9
453 173 10 21 4
454 857 9 46 19
454 559 10 48 14
454 851 9 13 19
454 678 10 36 14
455 1135 9 52 24
455 226 11 30 4
455 1045 10 31 24
457 996 11 21 19
457 176 10 29 4
457 215 11 6 4
458 389 9 10 9
460 151 9 36 4
460 1143 9 29 24
460 80 10 57 4
461 370 9 0 9
461 589 10 45 14
461 718 11 0 14
462 1032 11 21 24
462 213 11 9 4
462 265 11 51 9
462 261 11 9 9
463 826 10 56 19
463 174 10 35 4
464 272 11 56 9
464 274 11 3 9
464 734 11 5 14
465 319 10 54 9
465 784 11 27 19
465 38 11 58 4
465 546 10 45 14
466 561 10 40 14
466 302 10 44 9
466 469 11 33 9
467 644 10 53 14
467 878 10 12 19
467 519 11 17 14
468 306 10 15 9
468 1012 11 43 24
469 316 10 39 9
469 1078 10 44 24
470 838 10 49 19
470 814 10 49 19
470 212 11 12 4
471 202 11 10 4
471 717 11 38 14
473 351 10 5 9
473 794 11 56 19
473 192 10 31 4
474 1183 10 26 24
475 293 11 57 9
475 989 12 22 19
476 372 10 27 9
477 251 12 54 9
478 1184 10 57 24
478 14 12 15 4
478 616 10 57 14
479 1099 10 54 24
479 755 12 1 14
479 446 11 16 9
479 454 11 53 9
481 711 11 46 14
481 899 10 56 19
482 593 10 29 14
482 999 12 11 19
483 881 10 42 19
483 329 10 34 9
483 832 10 29 19
483 217 11 57 4
483 540 11 17 14
484 456 11 0 9
484 954 11 42 19
485 716 11 59 14
485 1123 10 49 24
485 216 11 46 4
485 1057 11 9 24
485 1195 11 19 24
485 526 11 51 14
486 1143 10 57 24
487 841 10 50 19
487 688 11 9 14
488 642 10 55 14
490 929 11 13 19
490 238 12 36 4
491 32 11 49 4
491 410 11 2 9
491 68 11 43 4
492 649 10 38 14
493 363 10 57 9
493 721 12 45 14
494 366 10 46 9
494 155 11 42 4
494 145 11 23 4
494 247 12 34 4
495 671 11 3 14
495 724 12 35 14
495 162 11 16 4
495 520 12 37 14
496 403 11 56 9
496 401 11 14 9
496 78 11 55 5
497 1177 11 56 24
498 205 11 48 4
498 431 11 46 9
499 681 11 37 14
500 825 11 26 19
501 1209 11 55 25
501 399 11 56 9
501 1106 11 18 24
502 226 12 45 4
502 1072 11 47 24
503 891 11 27 19
505 833 11 32 19
505 6 12 52 4
506 1145 11 56 24
507 1136 10 13 25
509 761 12 54 15
509 243 12 31 4
509 1167 11 43 24
510 826 11 51 19
510 703 11 16 15
510 62 11 29 4
510 972 12 25 19
511 77 11 40 4
511 601 10 3 15
512 1081 11 29 24
512 405 10 7 10
512 455 11 20 10
512 770 12 58 19
513 925 11 3 19
514 594 10 26 15
514 546 11 45 15
515 38 11 59 5
516 664 10 6 15
516 702 11 31 15
516 957 11 28 20
517 354 10 32 10
517 457 11 19 10
517 875 10 24 20
518 356 10 42 10
518 340 10 4 10
518 662 10 3 15
519 109 10 10 5
519 1157 10 36 25
519 629 10 55 15
519 999 12 58 25
520 116 10 41 5
520 558 11 50 15
521 52 11 29 5
521 73 10 24 5
522 257 12 33 5
522 1121 10 38 25
524 64 10 53 5
524 555 11 51 15
524 1044 11 18 25
524 1030 11 56 25
525 953 11 20 20
525 106 10 25 5
526 118 10 8 5
526 409 10 10 10
527 4 12 28 5
527 630 10 26 15
527 932 10 56 20
528 863 10 19 20
528 114 10 32 5
530 531 11 27 15
531 32 11 47 5
532 307 10 57 10
532 908 10 46 20
533 1144 10 3 25
533 157 10 39 5
534 340 10 42 10
534 1037 11 7 25
534 236 11 41 5
534 183 10 10 5
535 107 10 54 5
535 291 11 31 10
535 1194 10 51 25
536 262 11 36 10
537 3 12 1 5
537 1061 10 15 25
537 320 10 10 10
537 184 10 31 5
538 889 9 0 20
538 1187 10 1 25
538 958 11 49 20
539 218 11 57 5
539 976 11 13 20
540 610 9 6 15
540 847 9 57 20
540 652 9 23 15
540 73 10 26 5
541 1069 10 24 25
541 527 11 19 15
542 753 11 45 20
542 230 11 48 5
542 829 10 47 20
542 934 10 24 20
542 982 11 45 20
542 336 10 25 10
542 810 10 19 20
542 841 9 17 20
544 671 10 8 15
544 665 10 26 15
545 1094 9 58 25
545 1039 10 18 25
546 1171 10 13 25
546 1221 11 30 25
546 898 9 2 20
548 408 9 49 10
550 1223 11 23 25
551 338 9 17 10
551 1073 10 59 25
551 704 10 54 15
552 1025 11 18 25
553 42 10 52 5
553 771 11 35 20
553 512 11 7 15
553 1108 9 5 25
554 565 10 41 15
554 957 10 56 20
554 485 11 21 10
555 407 9 7 10
555 1159 9 20 25
555 103 9 40 5
556 1202 10 44 25
557 189 10 1 5
557 1216 10 19 25
558 1139 9 0 25
558 81 9 38 5
558 639 9 37 15
558 574 9 19 15
559 504 11 55 15
559 988 11 45 20
560 377 9 38 10
561 732 11 54 15
561 973 10 55 20
561 1149 9 51 25
561 860 9 16 20
562 47 10 57 5
562 1096 9 40 25
562 887 9 31 20
563 177 9 7 5
563 224 10 32 5
564 1033 10 17 25
564 97 9 17 5
565 1063 9 16 25
565 428 9 52 10
565 262 11 16 5
566 819 9 14 20
566 797 10 25 20
566 1203 10 12 25
567 462 10 35 10
567 1069 9 24 25
567 1199 10 25 25
568 1241 11 7 25
568 884 8 8 20
568 135 8 18 5
569 804 10 19 20
569 845 9 0 20
570 789 10 56 20
570 701 10 56 15
570 140 8 19 5
570 1149 9 52 25
571 1134 8 33 25
571 869 8 57 20
571 418 9 38 10
572 1136 8 20 25
572 14 11 48 5
572 1123 8 46 25
573 1102 8 18 25
574 10 11 21 5
574 716 10 17 15
574 1222 10 17 25
574 781 10 45 20
575 551 9 34 15
575 442 9 26 10
576 1179 9 1 25
576 818 9 18 20
577 150 8 42 5
577 764 11 15 15
578 859 8 35 20
579 534 10 46 15
579 1146 8 42 25
581 928 9 59 20
581 844 8 11 20
581 467 10 50 10
581 499 11 59 10
582 323 9 29 10
582 799 9 1 20
582 656 8 59 15
583 701 9 26 15
583 873 8 57 20
584 1067 9 18 25
584 960 10 10 20
585 883 8 22 20
585 150 8 8 5
586 37 10 48 5
586 752 11 42 15
588 607 8 48 15
588 1240 11 34 25
588 684 9 52 15
589 1111 8 9 25
589 907 8 43 20
589 1108 8 9 25
589 1050 9 46 25
590 944 9 9 20
591 351 8 35 10
591 125 8 40 5
591 196 9 27 5
591 235 10 9 5
591 99 8 47 5
592 898 8 54 20
592 326 8 56 10
593 1174 8 30 25
593 1244 11 53 25
593 693 9 59 15
593 755 11 12 15
594 285 10 44 10
595 996 11 21 25
595 269 10 13 10
595 330 8 35 10
596 125 7 39 5
596 527 10 2 15
596 279 10 53 10
597 203 9 49 5
598 1247 11 24 25
599 753 11 53 15
599 433 9 29 10
599 1188 9 58 25
599 200 9 42 5
600 839 8 55 20
600 408 8 51 10
600 1179 8 43 25
601 157 8 38 5
601 1008 10 52 25
601 1175 8 30 25
604 787 10 47 20
604 286 10 20 10
605 777 10 2 20
605 603 7 6 15
606 993 10 29 20
606 1052 9 49 25
606 916 8 0 20
606 34 10 17 5
606 105 7 11 5
607 984 10 45 20
607 879 7 17 20
608 705 9 23 15
608 11 10 21 5
608 192 9 38 5
610 36 10 28 5
610 240 10 56 5
610 527 10 17 15
611 1101 7 22 25
611 194 9 41 5
611 950 9 58 20
615 1220 10 46 25
615 825 8 35 20
617 562 9 27 15
617 895 7 37 20
617 206 9 17 5
617 116 7 22 5
617 335 8 28 10
617 38 9 0 5
618 942 9 52 20
618 1044 9 12 25
618 8 10 22 5
618 850 7 39 20
620 985 10 32 20
621 164 8 24 5
621 687 9 37 15
622 500 11 54 10
622 873 7 14 20
622 199 9 29 5
623 118 7 3 5
623 1227 10 17 25
625 468 10 14 10
625 564 9 20 15
626 994 10 41 20
628 889 7 35 20
628 685 9 50 15
629 66 8 1 5
629 491 10 31 10
629 326 8 59 10
630 1074 8 24 25
630 250 11 4 5
631 462 9 57 10
631 468 10 2 10
631 538 9 39 15
632 990 10 16 20
632 526 10 39 15
632 1009 10 56 25
633 1045 9 30 25
634 895 7 59 20
634 1117 7 49 25
634 244 10 22 5
635 993 10 12 20
635 642 7 11 15
636 573 8 1 15
637 491 10 36 10
637 1003 11 28 20
637 169 8 30 5
637 979 10 22 20
638 95 8 34 5
638 1069 8 59 25
639 1057 9 26 25
640 108 7 51 5
641 827 8 13 20
641 695 9 38 15
641 250 11 24 5
641 121 7 40 5
642 203 9 21 5
642 904 8 26 20
642 680 8 3 15
643 83 8 20 5
643 659 8 50 15
643 365 7 8 10
643 188 9 10 5
643 146 7 52 5
644 599 8 47 15
644 1206 9 26 25
644 464 10 24 10
644 576 8 36 15
645 491 10 49 10
645 249 11 23 5
646 443 9 25 10
647 1092 8 11 25
647 917 8 27 20
647 580 8 28 15
647 1146 8 5 25
648 136 7 56 5
648 167 8 56 5
648 191 9 35 5
648 798 9 18 20
648 701 9 30 15
648 89 8 35 5
649 59 9 36 5
649 1041 9 22 25
649 856 8 40 20
649 355 8 7 10
649 684 9 46 15
649 376 7 13 10
650 221 10 28 5
650 12 10 4 5
650 1115 7 8 25
651 461 9 48 10
651 427 8 54 10
652 602 8 16 15
652 283 10 50 10
653 473 10 39 10
653 518 10 56 15
654 395 8 9 10
655 748 11 3 15
655 523 10 24 15
656 1222 10 58 25
656 1001 11 18 20
657 130 8 49 5
657 1116 8 9 25
658 1124 8 38 25
658 801 9 9 20
658 614 8 14 15
658 810 9 34 20
659 552 9 6 15
660 844 8 42 20
660 1125 8 44 25
660 335 8 28 10
660 627 8 17 15
660 929 9 13 20
660 11 10 50 5
661 278 10 49 10
661 104 8 20 5
661 851 8 29 20
661 814 9 2 20
661 926 9 48 20
661 883 8 25 20
661 907 8 11 20
662 731 10 28 15
662 738 10 20 15
663 698 9 19 15
663 875 8 19 20
663 1103 8 51 25
663 664 8 7 15
664 854 8 28 20
664 442 9 46 10
665 334 8 31 10
665 1069 9 26 25
666 88 8 56 5
666 1165 8 12 25
667 263 10 27 10
667 1174 9 34 25
667 531 10 22 15
668 703 9 34 15
670 682 9 0 15
671 1052 9 20 25
672 623 8 16 15
673 931 9 45 20
673 482 10 48 10
673 724 10 25 15
674 1104 8 50 25
674 894 8 31 20
675 315 9 14 10
676 10 11 10 5
676 207 10 52 5
676 362 8 9 10
676 1015 11 58 20
677 652 8 17 15
677 937 9 20 20
678 822 9 18 20
678 1172 9 37 25
678 107 8 31 5
679 978 10 37 20
679 505 11 20 10
681 377 8 39 10
681 886 8 57 20
681 632 8 6 15
681 744 11 10 15
682 1086 9 15 25
682 732 11 55 15
682 456 10 23 10
682 860 8 35 20
683 345 9 29 10
683 1020 10 37 25
684 614 9 9 15
685 1233 11 30 25
685 738 11 57 15
685 1170 9 17 25
686 124 9 7 5
686 785 10 45 20
686 304 10 42 10
687 987 11 57 20
688 849 9 8 20
689 933 9 48 20
690 537 10 7 15
690 610 9 0 15
690 889 9 57 20
690 893 9 57 20
691 462 10 18 10
691 231 11 9 5
691 27 10 7 5
692 286 10 47 10
692 464 10 41 10
693 947 10 45 20
693 941 10 8 20
693 348 9 12 10
694 1212 10 34 25
695 446 10 6 10
695 446 10 22 10
695 904 9 50 20
695 1094 9 1 25
696 1176 9 37 25
697 833 9 25 20
697 661 9 23 15
697 6 11 6 5
698 285 10 26 10
698 544 10 45 15
699 488 11 3 10
700 1201 10 43 25
700 968 10 52 20
700 904 9 41 20
701 725 11 17 15
702 1178 10 49 25
702 951 10 49 20
702 629 9 5 15
703 622 9 48 15
705 1057 10 42 25
705 531 11 55 15
706 781 11 37 20
707 705 10 0 15
707 177 10 4 5
708 41 10 44 5
708 940 10 39 20
708 108 9 37 5
709 292 10 21 10
709 1151 9 39 25
709 851 9 49 20
710 764 11 56 20
710 942 10 38 20
711 630 9 4 15
711 1036 11 38 25
711 589 10 31 15
711 620 9 41 15
711 1147 9 55 25
712 706 10 54 15
712 411 10 48 10
713 266 11 21 10
713 320 10 39 10
713 578 10 43 15
714 261 11 56 10
714 338 10 23 10
714 783 11 16 20
715 670 10 13 15
715 630 10 4 15
716 26 11 58 5
716 493 11 18 10
716 102 10 52 5
717 529 11 40 15
719 1125 10 5 25
719 814 10 21 20
719 641 10 32 15
719 369 10 2 10
719 606 10 58 15
719 592 10 11 15
720 847 10 39 20
720 646 10 19 15
720 1133 10 51 25
721 1021 11 21 25
722 408 10 7 10
722 221 11 21 5
723 358 10 25 10
723 1019 11 37 25
724 190 10 52 5
724 226 11 58 5
725 755 12 32 20
728 715 11 39 15
729 553 11 38 15
731 691 11 45 15
732 604 10 18 15
732 1090 10 22 25
732 572 10 33 15
732 1137 10 42 25
733 238 12 38 5
733 532 11 46 15
734 1082 10 38 25
734 667 10 28 15
735 809 11 57 20
735 996 12 31 20
735 152 10 8 5
735 987 12 2 20
736 21 12 44 5
736 163 10 40 5
736 640 10 4 15
738 895 10 42 20
738 234 12 44 5
739 975 12 36 20
739 685 11 2 15
739 585 11 27 16
739 519 12 57 15
740 214 11 1 5
741 358 10 48 10
741 1022 12 22 25
742 383 10 39 10
744 500 12 40 10
745 440 11 20 10
745 483 12 3 10
745 1026 12 19 25
745 639 11 51 15
746 410 11 41 10
749 567 11 30 15
749 188 11 13 5
750 884 11 14 20
750 739 12 4 15
750 507 12 43 15
750 949 11 53 20
751 738 12 42 15
751 1083 11 12 25
752 263 12 42 11
752 185 11 5 5
752 362 11 12 10
753 1197 11 36 25
753 1008 12 50 25
753 789 11 45 21
754 712 11 33 16
754 564 11 32 15
755 395 11 29 10
755 115 11 9 5
755 366 11 26 10
756 10 12 56 5
757 1137 10 58 26
757 953 11 20 21
758 1153 11 44 25
759 965 11 20 21
759 1096 10 51 26
759 841 11 16 20
760 559 11 32 16
760 485 12 54 10
760 470 11 36 11
761 519 12 23 15
762 65 11 27 5
762 924 11 58 20
762 553 11 28 16
762 972 11 34 21
763 601 10 2 16
763 741 12 4 16
763 1114 10 19 26
763 151 10 44 6
764 334 10 8 11
764 951 11 1 21
764 273 12 42 10
764 590 10 20 16
766 328 10 37 11
767 176 10 32 6
768 1068 11 57 26
768 1153 10 10 26
768 707 11 56 16
769 1092 10 26 26
769 628 10 11 16
770 1098 10 15 26
770 965 11 22 21
770 1216 11 9 26
771 708 11 35 16
772 1025 11 58 26
772 114 10 29 6
774 187 10 26 6
774 400 10 15 11
774 595 10 54 16
775 874 10 12 21
775 1181 10 43 26
775 260 12 9 6
776 1128 10 32 26
777 492 12 41 16
777 623 10 30 16
777 1193 10 6 26
778 938 10 35 21
778 789 11 26 21
778 72 10 25 6
780 883 10 11 21
780 203 11 34 6
780 487 11 18 11
780 72 10 53 6
780 577 10 46 16
780 837 10 55 21
780 23 11 17 6
781 1083 10 44 26
782 554 10 58 16
782 1013 11 14 26
783 275 11 2 11
783 960 11 9 21
783 737 11 21 16
784 490 11 17 11
784 9 11 19 6
785 891 10 56 21
785 571 10 15 16
785 1 12 40 6
785 625 9 14 16
785 186 10 22 6
785 294 11 26 11
786 930 10 18 21
786 579 10 57 16
786 704 10 28 16
788 1130 9 50 26
788 198 10 38 6
789 703 10 58 16
789 34 11 48 6
789 831 10 5 21
789 922 10 24 21
790 117 9 5 6
790 67 10 17 6
790 14 11 50 6
790 887 9 23 21
791 632 9 10 16
791 916 10 28 21
791 1013 11 11 26
791 794 10 28 21
791 787 11 4 21
791 482 11 9 11
793 487 11 34 11
793 432 10 7 11
793 444 10 10 11
793 365 9 55 11
793 447 10 24 11
794 232 11 29 6
794 320 10 43 11
794 314 10 31 11
796 255 11 2 11
796 351 9 49 11
797 762 11 46 21
798 301 10 28 11
798 343 9 7 11
798 183 10 43 6
801 362 9 56 11
801 440 10 50 11
801 128 9 14 6
802 1001 11 46 21
802 879 9 30 21
802 679 10 19 16
802 503 11 10 11
802 507 11 28 16
803 290 10 36 11
803 237 11 52 6
803 193 10 43 6
803 626 9 39 16
803 916 9 21 21
804 583 9 54 16
805 174 9 7 6
805 115 9 17 6
806 525 11 55 16
806 496 11 41 11
806 838 9 24 21
807 368 9 6 11
807 887 9 28 21
807 993 11 40 21
808 806 10 27 21
808 256 11 11 6
808 108 9 4 6
808 1161 9 29 26
808 266 11 0 11
809 390 9 50 11
809 619 9 50 16
809 951 10 59 21
811 382 9 33 11
812 270 11 46 11
812 136 9 49 6
812 932 9 47 21
812 517 11 33 16
813 1047 10 12 26
813 725 10 59 16
814 74 9 35 6
814 1028 10 40 26
814 921 9 35 21
814 232 11 20 6
815 466 10 23 11
815 242 11 14 6
816 322 9 33 11
816 633 8 10 16
816 1241 11 13 26
817 180 9 50 6
818 838 9 5 21
818 491 11 46 11
819 443 9 7 11
819 121 8 3 6
819 619 8 14 16
820 88 9 47 6
820 633 8 23 16
820 256 11 17 6
820 864 8 51 21
820 757 11 44 16
821 289 10 17 11
821 370 8 41 11
821 564 9 34 16
822 1191 9 9 26
822 671 9 7 16
823 723 10 13 16
823 651 8 50 16
823 81 9 46 6
824 242 11 38 6
824 145 8 2 6
824 719 10 45 16
824 912 9 13 21
824 629 8 42 16
825 334 9 21 11
825 864 8 33 21
825 695 9 58 16
826 387 8 27 11
826 367 8 58 11
827 334 9 8 11
827 854 8 33 21
827 1094 8 49 26
829 415 9 5 11
829 133 8 19 6
830 878 8 56 21
830 926 9 1 21
830 1248 11 34 26
831 893 8 35 21
831 87 8 16 6
832 1187 9 43 26
833 69 9 19 6
833 244 11 0 6
834 424 9 1 11
834 945 9 52 21
835 937 9 27 21
837 667 8 10 16
837 561 9 59 16
838 1004 11 40 21
838 145 8 52 6
839 212 10 46 6
839 109 8 18 6
840 1100 8 55 26
841 1062 9 31 26
842 164 8 23 6
842 695 9 29 16
843 644 8 44 16
844 1084 8 49 26
844 673 8 27 16
844 748 11 4 16
845 282 10 47 11
845 15 10 27 6
846 395 8 37 11
846 589 8 28 16
847 1139 8 33 26
847 220 10 56 6
847 348 8 24 11
847 455 9 26 11
848 1227 10 22 26
848 1072 8 52 26
848 217 10 42 6
848 102 8 6 6
848 1036 10 11 26
849 1224 10 34 26
849 406 8 59 11
849 846 8 3 21
849 796 9 1 21
849 744 11 1 16
849 908 8 55 21
850 31 10 33 6
850 846 8 53 21
850 266 10 41 11
850 947 9 51 21
851 429 8 48 11
851 75 8 4 6
851 397 8 7 11
851 115 7 10 6
851 523 10 41 16
852 488 10 56 11
853 814 9 37 21
853 1084 8 45 26
853 140 7 35 6
853 251 11 5 6
854 793 9 22 21
854 979 10 4 21
854 281 10 30 11
855 541 9 10 16
855 12 10 20 6
855 608 7 48 16
855 919 8 25 21
855 796 9 12 21
855 584 8 22 16
856 898 7 23 21
856 801 9 15 21
856 518 10 56 16
856 667 8 14 16
857 416 8 19 11
857 16 10 50 6
858 411 8 15 11
858 1221 10 6 26
858 142 7 23 6
858 606 7 0 16
858 508 10 47 16
859 445 9 7 11
859 133 7 41 6
860 156 8 43 6
860 275 10 14 11
860 1123 7 51 26
860 473 10 24 11
861 340 8 2 11
861 442 9 20 11
861 1166 8 9 26
862 1111 7 37 26
862 887 7 17 21
862 485 10 23 11
863 1092 8 41 26
863 281 10 39 11
864 406 8 26 11
864 451 9 2 11
865 1214 9 27 26
865 706 9 43 16
866 902 7 14 21
866 905 8 49 21
866 136 7 6 6
866 689 9 22 16
867 839 8 38 21
867 549 9 20 16
867 85 8 33 6
868 398 7 28 11
868 59 9 27 6
869 279 10 39 11
869 1010 10 51 26
869 518 10 27 16
869 238 10 18 6
870 198 9 58 6
870 339 8 8 11
872 449 9 1 11
872 583 8 4 16
872 448 9 51 11
872 1051 9 18 26
872 380 7 6 11
873 503 11 12 11
873 426 8 27 11
874 326 8 44 11
874 486 10 29 11
874 1065 9 43 26
874 450 9 25 11
874 145 7 1 6
875 1151 7 1 26
875 1009 10 19 26
875 103 7 28 6
876 1027 10 44 26
876 176 8 26 6
877 261 10 10 11
877 881 7 50 21
878 1082 8 48 26
878 883 7 48 21
878 398 7 2 11
878 1250 11 21 26
878 1051 9 16 26
878 149 7 29 6
879 780 10 0 21
879 1107 7 7 26
879 764 10 48 21
880 1029 10 18 26
880 996 11 58 21
880 178 8 49 6
880 516 10 11 16
880 423 8 2 11
882 1127 7 32 26
882 1134 7 29 26
883 754 11 9 16
883 1203 9 44 26
884 302 9 49 11
884 575 8 45 16
884 590 8 6 16
884 955 9 24 21
884 742 10 2 16
885 942 9 7 21
885 970 10 25 21
885 700 9 22 16
886 936 9 27 21
886 40 9 1 6
887 177 8 48 6
887 64 9 37 6
887 707 9 51 16
887 1213 9 36 26
888 325 8 25 11
888 807 9 45 21
888 740 10 49 16
888 925 8 41 21
888 167 8 6 6
888 838 8 49 21
889 1068 8 41 26
889 106 7 46 6
889 254 11 59 6
891 432 8 39 11
891 1201 9 35 26
891 323 8 2 11
891 849 8 41 21
891 1154 8 8 26
892 668 8 24 16
893 946 9 42 21
894 398 7 44 11
895 1236 10 13 26
895 390 7 27 11
895 1131 7 42 26
895 530 10 29 16
895 412 8 30 11
896 653 8 49 16
896 121 7 54 6
896 955 9 44 21
896 1075 8 9 26
897 949 9 55 21
898 656 8 32 16
898 550 9 46 16
899 1013 10 38 26
899 1171 8 0 26
899 808 9 12 21
899 767 10 15 21
900 631 7 41 16
900 295 9 45 11
900 753 11 21 16
901 186 9 30 6
901 246 11 26 6
902 28 10 59 6
902 1074 8 21 26
902 68 9 5 6
902 537 10 35 16
903 269 10 15 11
903 153 8 39 6
903 657 8 35 16
903 348 8 39 11
903 24 10 13 6
904 654 8 19 16
904 92 8 44 6
904 1128 7 33 26
905 86 8 54 6
905 1069 9 13 26
906 273 10 55 11
907 502 11 43 11
908 216 10 59 6
908 973 10 39 21
909 905 8 44 21
909 828 8 46 21
910 1146 8 3 26
911 743 11 31 16
915 867 8 16 21
915 1104 8 55 26
916 309 9 35 11
916 966 10 31 21
916 1022 10 36 26
917 848 8 20 21
919 1044 10 44 26
919 345 8 58 11
919 96 8 47 6
919 1242 11 44 26
920 1006 11 19 21
920 1052 9 44 26
920 184 9 11 6
921 1002 11 26 21
923 902 8 15 21
923 883 8 46 21
924 290 10 6 11
924 116 8 21 6
925 1196 9 57 26
926 583 9 50 16
926 601 8 54 16
927 155 9 51 6
927 334 9 56 11
927 727 10 41 16
927 1061 9 27 26
928 738 11 55 16
929 330 9 20 11
929 329 9 11 11
930 454 10 42 11
930 768 11 15 21
930 377 8 34 11
931 1081 9 58 26
931 694 9 10 16
932 150 9 9 6
933 364 8 30 11
934 1237 11 46 26
934 628 8 30 16
934 783 10 6 21
934 452 10 44 11
935 519 11 9 16
935 208 10 50 6
936 1047 10 55 26
936 225 10 45 6
937 178 9 53 6
938 751 11 21 21
939 1116 9 53 26
940 1078 9 31 26
940 701 10 27 16
941 384 9 14 11
941 96 9 29 6
942 30 10 10 6
943 226 11 0 6
944 1075 9 12 26
944 1011 11 6 26
944 881 9 41 21
944 1002 11 31 21
944 6 11 1 6
944 229 11 53 6
945 634 9 35 16
945 786 10 35 21
945 1015 11 8 26
945 398 9 9 11
946 426 9 34 11
947 280 10 10 11
947 934 10 11 21
947 780 10 56 21
948 23 11 56 6
949 1109 9 33 26
949 1218 10 2 26
950 1242 11 40 26
950 751 11 42 16
950 99 9 45 6
950 326 9 35 11
951 57 10 19 6
951 26 11 30 6
951 276 11 56 11
954 808 10 12 21
954 922 10 2 21
954 659 9 16 16
954 881 9 18 21
955 464 10 23 11
955 92 9 26 6
956 770 11 18 21
956 727 11 35 16
956 548 10 24 16
957 1174 10 51 26
958 661 10 59 16
958 524 11 25 16
958 1235 11 36 26
958 844 9 34 21
959 827 10 1 21
959 191 10 36 6
960 567 10 35 16
961 901 9 27 21
961 1162 10 46 26
961 809 10 38 21
962 285 11 23 11
962 663 10 42 16
962 473 11 11 11
962 1244 11 17 26
963 1139 9 22 26
963 391 9 45 11
963 1085 10 54 26
963 1222 11 49 26
965 294 11 5 11
965 40 11 25 6
965 906 10 46 21
966 203 10 9 6
966 704 11 27 16
966 733 11 54 16
966 692 10 28 16
967 360 10 50 11
967 269 11 12 11
968 1155 10 38 26
969 82 10 17 6
969 916 10 36 21
969 794 11 30 21
969 999 12 16 21
970 727 11 53 16
971 140 10 58 6
971 1190 10 42 26
973 213 11 54 6
973 1041 11 35 26
974 352 10 10 11
974 1243 12 13 26
974 718 11 13 16
974 967 11 48 21
975 1210 11 36 26
975 202 11 56 6
975 1087 10 52 26
976 331 10 46 11
977 720 11 10 16
977 697 11 37 16
977 1161 10 40 26
978 180 10 0 6
979 87 10 42 6
979 1149 10 5 26
980 1154 10 38 26
980 761 12 44 16
980 787 11 32 21
980 908 10 32 21
980 865 10 12 21
981 1123 10 14 26
981 1200 11 44 26
981 534 11 50 16
982 462 11 32 11
983 919 10 12 21
983 1058 11 12 26
984 653 10 40 16
984 939 11 5 21
984 298 11 3 11
984 984 12 23 21
984 1203 11 0 26
985 933 11 38 21
985 1185 11 25 26
985 379 10 5 11
985 140 10 51 6
985 57 11 13 6
985 662 10 34 16
985 881 10 39 21
988 1118 10 57 26
988 699 11 20 16
988 765 12 50 16
989 282 11 35 11
990 307 11 0 11
990 535 11 42 16
991 791 11 9 21
992 776 12 58 21
993 117 10 20 6
993 400 11 53 11
994 582 11 22 16
995 274 12 44 11
996 7 12 5 6
996 571 11 37 16
996 658 11 20 16
996 267 12 48 11
997 692 11 1 16
997 866 11 32 21
997 1000 12 52 21
998 1123 11 41 26
998 210 11 37 6
998 290 11 55 11
998 744 12 4 16
999 66 11 29 6
999 958 11 25 21
999 882 11 21 21
999 1097 11 35 26
1000 765 12 17 21
1000 458 12 27 11
1001 763 12 1 21
1001 1123 11 48 26
1001 925 11 24 21
1002 493 12 21 11
1002 939 11 38 21
1003 1228 12 59 26
1003 665 11 21 16
1004 1225 12 12 26
1004 233 12 9 6
1005 29 12 11 6
1005 1226 12 24 26
1005 1248 12 54 27
1005 966 12 34 21
1005 408 11 8 11
1005 344 11 52 11
1005 835 11 11 21
1006 991 12 20 21
1006 1196 11 40 26
1006 778 12 12 21
1007 505 12 44 12
1007 731 12 24 16
1007 447 11 53 12
1007 190 11 14 6
1007 1151 11 20 26
1008 1237 12 50 26
1008 664 11 43 16
1009 232 12 45 6
1009 434 11 3 11
1009 804 11 10 22
1009 796 11 54 22
1010 130 10 30 7
1010 481 12 11 11
1010 990 12 43 27
1010 411 11 55 11
1010 635 10 24 17
1010 243 12 13 6
1011 418 11 54 11
1011 710 11 38 17
1012 736 12 26 16
1012 91 10 55 7
1013 1245 12 49 27
1013 772 12 50 21
1013 1077 11 50 26
1013 908 10 23 22
1014 400 10 51 12
1014 812 11 42 22
1014 994 12 26 22
1014 775 11 11 22
1014 847 10 14 22
1014 585 10 38 17
1015 151 10 48 7
1016 999 12 30 22
1016 1205 11 24 27
1016 1126 10 2 27
1016 268 12 50 7
1017 1124 10 6 27
1017 178 11 37 7
1018 788 11 28 22
1018 398 10 9 12
1018 1204 11 40 27
1018 42 11 22 7
1018 999 12 40 27
1019 168 10 43 7
1019 832 10 57 22
1019 985 12 27 22
1020 823 10 8 22
1021 11 12 11 7
1023 124 10 21 7
1023 1226 11 46 27
1024 878 10 29 22
1024 312 10 17 12
1024 662 10 35 17
1024 993 12 19 22
1024 1043 11 59 27
1025 951 11 51 22
1026 225 11 10 7
1027 4 12 33 7
1028 1067 10 17 27
1029 142 10 14 7
1029 1149 10 39 27
1030 1241 11 48 27
1030 726 11 2 17
1031 67 10 9 7
1031 302 10 4 12
1032 1159 10 56 27
1033 550 10 52 17
1033 478 11 2 12
1033 1067 10 33 27
1034 995 12 12 22
1035 643 10 11 17
1035 730 11 13 17
1035 869 10 26 22
1036 1074 10 43 27
1037 37 11 49 7
1038 117 9 24 7
1038 351 10 2 12
1039 622 9 57 17
1039 648 9 27 17
1039 989 11 24 22
1039 511 11 43 17
1040 298 10 56 12
1040 912 10 33 22
1040 1057 10 10 27
1041 1185 10 15 27
1042 1055 10 24 27
1042 397 9 1 12
1042 65 10 18 7
1042 502 11 57 17
1043 701 10 11 17
1043 210 10 24 7
1043 483 11 28 12
1043 677 10 59 17
1043 712 10 18 17
1044 755 11 37 22
1045 799 10 3 22
1045 665 9 14 17
1046 26 11 21 7
1047 1221 11 5 27
1048 293 10 39 12
1048 374 9 33 12
1049 429 10 8 12
1050 767 11 45 22
1050 805 10 0 22
1051 912 9 44 22
1051 12 11 34 7
1052 642 9 16 17
1052 628 9 46 17
1052 746 11 31 22
1053 153 9 43 7
1054 396 9 2 12
1054 822 9 6 22
1054 602 9 39 17
1054 236 11 35 7
1054 581 9 8 17
1055 59 10 46 7
1056 961 10 51 22
1056 1002 11 10 27
1056 985 11 56 22
1056 776 11 48 22
1057 423 9 21 12
1057 815 10 20 22
1058 237 11 16 7
1058 30 10 12 7
1058 884 9 30 22
1059 616 9 46 17
1059 924 9 15 22
1060 1023 11 44 27
1060 927 9 59 22
1060 802 10 12 22
1060 634 9 16 17
1060 103 9 25 7
1061 778 10 12 22
1063 593 9 1 17
1063 481 11 25 12
1063 461 10 56 12
1064 167 9 27 7
1064 969 10 33 22
1065 399 9 35 12
1065 834 9 50 22
1065 799 10 16 22
1065 596 9 37 17
1066 689 9 56 17
1066 160 9 47 7
1067 659 9 5 17
1067 485 11 4 12
1067 1056 10 25 27
1067 909 9 56 22
1068 316 9 6 12
1069 583 9 22 17
1069 1102 9 37 27
1069 541 10 19 17
1071 407 9 34 12
1071 610 8 45 17
1072 845 9 31 22
1073 505 11 5 17
1073 237 11 23 7
1073 1128 8 38 27
1074 778 10 41 22
1074 514 11 23 12
1074 1231 10 42 27
1074 683 9 57 17
1074 118 8 40 7
1075 538 10 55 17
1075 1116 8 50 27
1076 934 9 5 22
1076 24 10 43 7
1077 437 9 17 12
1077 1208 10 30 27
1077 287 10 18 12
1077 530 10 7 17
1078 552 9 46 17
1079 331 9 48 12
1079 773 10 55 22
1079 1115 8 25 27
1080 194 9 45 7
1080 1086 8 52 27
1081 1159 8 42 27
1081 261 11 33 7
1081 631 8 50 17
1082 362 8 4 12
1083 579 9 10 17
1083 672 9 10 17
1083 1149 8 31 27
1085 1248 11 48 27
1085 856 8 33 22
1085 854 8 28 22
1086 970 10 11 22
1086 463 10 4 12
1087 57 9 1 7
1087 128 8 26 7
1088 583 8 46 17
1088 666 8 51 17
1089 1235 10 6 27
1089 438 9 41 12
1089 434 9 41 12
1089 921 8 3 22
1089 999 11 25 22
1090 972 10 51 22
1091 1132 8 33 27
1091 852 8 35 22
1092 100 8 50 7
1093 1219 10 11 27
1093 524 10 15 17
1095 1123 8 38 27
1096 198 9 36 7
1096 993 11 0 22
1096 871 7 30 22
1097 13 10 11 7
1097 279 10 34 12
1098 96 8 12 7
1098 966 10 15 22
1098 29 10 36 7
1098 511 10 14 17
1098 29 10 38 7
1099 680 9 24 17
1099 943 9 48 22
1100 767 10 6 22
1100 431 9 36 12
1100 555 9 52 17
1101 1092 8 0 27
1101 1161 8 54 27
1102 408 8 30 12
1102 559 9 51 17
1103 689 9 1 17
1103 598 8 12 17
1104 657 8 32 17
1104 155 8 56 7
1104 1246 11 29 27
1104 141 7 15 7
1105 652 8 30 17
1105 752 11 4 17
1107 537 9 6 17
1108 398 7 33 12
1108 314 9 20 12
1109 166 8 44 7
1109 766 10 2 22
1109 29 10 12 7
1109 595 8 6 17
1110 1139 7 13 27
1110 1036 10 46 27
1110 1074 8 18 27
1110 690 9 20 17
1110 783 10 15 22
1110 635 7 25 17
1111 876 7 59 22
1111 1070 8 39 27
1112 228 10 13 7
1113 600 7 57 17
1114 190 9 7 7
1114 927 8 57 22
1114 731 10 57 17
1114 1165 8 2 27
1115 275 10 27 12
1115 735 10 48 17
1115 911 8 3 22
1116 1218 10 31 27
1117 408 8 13 12
1118 930 8 59 22
1118 578 8 0 17
1118 646 7 28 17
1119 1191 9 21 27
1120 3 11 5 7
1121 857 7 26 22
1121 450 9 55 12
1122 476 10 17 12
1122 132 7 2 7
1123 1108 7 57 27
1124 314 9 29 12
1124 1059 9 0 27
1125 1166 8 10 27
1125 1129 7 8 27
1125 771 10 11 22
1126 21 10 22 7
1127 911 8 23 22
1128 65 9 36 7
1128 978 10 21 22
1128 575 8 2 17
1130 49 9 41 7
1130 926 8 11 22
1130 356 7 2 12
1130 870 7 38 22
1130 1219 10 8 27
1131 121 7 4 7
1132 947 9 57 22
1132 90 8 49 7
1132 1141 7 59 27
1133 652 7 29 17
1133 471 10 54 12
1134 343 8 50 12
1135 1107 7 21 27
1135 996 11 14 27
1135 1012 10 12 27
1136 378 7 18 12
1136 1078 8 41 27
1136 1052 9 59 27
1136 1208 9 35 27
1137 602 7 35 17
1138 1209 9 48 27
1138 14 10 57 7
1138 186 9 36 7
1138 409 8 50 12
1139 580 8 5 17
1139 163 8 47 7
1141 1036 10 12 27
1142 777 10 20 22
1142 314 9 15 12
1143 674 8 26 17
1144 1189 9 22 27
1144 787 10 56 22
1144 514 10 37 17
1145 772 10 24 22
1145 654 8 26 17
1145 814 9 37 22
1146 336 8 20 12
1146 151 8 15 7
1146 560 9 18 17
1146 144 7 19 7
1147 444 9 36 12
1147 654 8 12 17
1148 619 7 10 17
1149 590 8 58 17
1150 26 10 27 7
1150 1237 10 14 27
1150 375 7 16 12
1151 623 7 0 17
1152 698 9 5 17
1153 36 10 44 7
1153 370 7 35 12
1154 873 7 53 22
1154 792 9 41 22
1155 983 10 3 22
1156 238 10 35 7
1156 81 8 46 7
1156 1029 10 42 27
1157 620 8 47 17
1157 805 9 6 22
1157 934 9 57 22
1158 1161 8 13 27
1158 2 11 20 7
1159 718 10 45 17
1159 1225 10 50 27
1160 903 8 37 22
1160 18 10 11 7
1160 398 8 20 12
1161 806 9 49 22
1162 798 9 27 22
1162 11 10 38 7
1162 438 9 9 12
1162 732 10 55 17
1162 1236 10 51 27
1162 974 10 11 22
1163 575 9 53 17
1163 126 8 10 7
1164 335 8 25 12
1165 241 11 2 7
1166 448 9 10 12
1166 1027 10 30 27
1167 262 11 46 7
1167 411 8 37 12
1167 37 10 15 7
1167 480 10 27 12
1168 48 9 41 7
1168 1207 10 50 27
1168 935 9 5 22
1168 804 9 15 22
1168 38 10 29 7
1169 731 10 3 17
1170 582 9 5 17
1171 1196 9 43 27
1171 775 10 15 22
1171 822 9 50 22
1172 53 9 25 7
1172 540 10 44 17
1172 947 9 54 22
1173 1105 8 45 27
1173 697 9 34 17
1174 658 8 13 17
1174 475 10 24 12
1175 387 8 43 12
1175 605 8 8 17
1175 185 9 7 7
1175 489 11 46 17
1175 640 8 2 17
1175 894 8 17 22
1176 1177 9 3 27
1177 321 9 56 12
1178 227 10 19 7
1178 877 8 25 22
1178 486 11 42 12
1179 119 8 56 7
1179 652 9 40 17
1179 129 8 1 7
1179 1238 11 29 27
1179 516 11 22 17
1180 159 9 58 7
1180 605 8 45 17
1181 708 10 51 17
1181 301 10 1 12
1181 757 11 50 17
1181 532 10 34 17
1181 838 9 16 22
1181 380 8 40 12
1181 1132 8 52 27
1182 1146 9 53 27
1182 166 9 26 7
1184 831 9 29 22
1184 1195 10 27 27
1184 74 9 39 7
1184 1033 10 45 27
1185 154 9 2 7
1185 349 9 48 12
1185 900 9 52 22
1186 1143 9 48 27
1186 226 10 42 7
1187 1236 11 1 27
1187 529 10 51 17
1189 542 10 38 17
1189 28 10 20 7
1189 421 9 16 12
1190 162 9 12 7
1190 731 11 9 17
1190 81 9 48 7
1190 788 10 13 22
1190 578 9 38 17
1190 948 10 10 22
1191 215 10 11 7
1191 699 10 15 17
1193 696 10 53 17
1193 216 10 4 7
1193 545 10 57 17
1193 61 10 20 7
1195 56 10 12 7
1195 922 9 30 22
1198 348 9 12 12
1199 27 11 5 7
1200 637 9 56 17
1200 667 9 41 17
1200 712 10 24 17
1203 440 10 36 12
1203 764 11 27 22
1203 281 11 26 12
1204 803 10 24 22
1204 827 10 11 22
1205 702 10 6 17
1205 945 10 6 22
1205 458 10 5 12
1205 778 11 49 22
1205 429 10 36 12
1206 526 11 17 17
1206 778 11 57 22
1207 618 9 48 17
1207 414 10 26 12
1207 18 11 45 7
1208 451 10 53 12
1208 463 11 57 12
1208 406 9 47 12
1208 1141 9 56 27
1209 1062 10 12 27
1209 1209 10 41 27
1211 1055 10 0 27
1211 561 10 10 17
1211 926 10 1 22
1212 673 10 12 17
1212 727 11 40 17
1212 795 10 5 22
1212 460 11 10 12
1213 536 11 36 17
1214 125 9 46 7
1214 551 10 34 17
1214 1196 10 4 27
1214 267 11 5 12
1214 758 11 53 22
1214 148 10 28 7
1214 133 9 9 7
1214 283 11 51 12
1214 512 11 26 17
1215 454 10 14 12
1215 12 11 41 7
1215 903 10 2 22
1216 616 10 31 17
1216 153 10 38 7
1217 1098 10 50 27
1217 722 11 50 17
1217 589 10 16 17
1218 249 12 43 7
1218 1068 10 47 27
1218 125 10 3 7
1219 984 11 31 22
1221 769 11 51 22
1221 1017 11 36 27
1221 580 10 31 17
1222 466 11 53 12
1224 590 10 29 17
1224 199 11 36 7
1224 816 10 33 22
1224 1040 11 34 27
1225 786 11 46 22
1225 81 10 2 7
1225 110 10 21 7
1226 613 10 12 17
1226 1109 10 6 27
1226 616 10 18 17
1227 777 11 57 22
1227 876 10 27 22
1228 430 10 27 12
1228 127 10 49 7
1229 583 10 53 17
1229 216 11 33 7
1229 61 11 30 7
1230 638 10 56 17
1230 713 11 57 17
1230 392 10 0 12
1230 152 10 38 7
1230 976 11 47 22
1231 440 11 8 12
1231 614 10 14 17
1231 1182 11 34 27
1232 73 10 4 7
1232 1030 11 45 27
1232 757 12 17 17
1233 58 11 40 7
1233 737 12 17 17
1233 688 11 11 17
1234 175 10 10 7
1234 520 12 45 17
1236 1131 10 36 27
1236 880 10 44 22
1236 1125 10 23 27
1237 831 11 30 22
1237 793 11 57 22
1237 613 10 27 17
1237 964 11 37 22
1238 330 11 8 12
1238 126 10 25 7
1238 154 10 56 7
1238 354 10 35 12
1239 1098 10 14 27
1239 1085 11 49 27
1240 1146 10 1 27
1240 1234 12 36 27
1242 152 11 37 7
1242 291 11 58 12
1242 1235 12 28 27
1243 513 12 16 17
1243 481 12 45 12
1244 282 12 37 12
1244 1220 12 22 27
1244 150 11 11 7
1244 1145 11 33 27
1244 878 10 7 22
1245 380 11 28 12
1245 45 11 13 7
1246 245 12 16 7
1246 1164 11 39 27
1247 461 11 15 12
1247 1231 12 53 27
1247 573 11 16 17
1248 732 12 52 17
1248 760 12 16 22
1248 1017 12 46 27
1249 1145 11 41 27
1249 957 11 44 22
1249 933 11 15 22
1249 225 12 49 7
1250 98 11 9 7
1250 1213 12 3 27
1250 1203 11 17 27
