SF7_COMM_RANGE = 30
VERTEX_NUM = 3150
MAP_WIDTH = 1250
MAP_LENGTH = 1250
Total links = 8750
Capital delta = 15
SF1112 % = 28.0317
# of outliers = 0
DATA PERIOD = 60
------------------------------
x  y  SF  phase which_gateway: 
1 946 11 26 18
1 120 11 27 3
2 713 12 39 13
2 433 11 53 8
3 963 12 17 18
4 953 11 8 18
4 1103 11 24 23
4 709 11 28 13
4 603 11 36 13
5 179 11 43 3
5 222 12 31 3
5 69 11 25 3
5 273 12 23 8
6 244 12 28 3
6 1159 11 27 23
6 861 10 29 18
6 711 11 40 13
6 1110 10 16 23
6 895 11 42 18
8 126 10 23 3
11 410 10 10 8
13 1003 12 27 18
13 1155 10 18 23
14 133 10 12 3
14 1159 10 36 23
14 949 11 31 18
14 1213 11 45 23
14 494 12 26 8
15 657 10 35 13
15 1143 10 37 23
15 49 11 29 3
16 215 11 1 3
16 849 10 56 18
17 925 10 9 18
17 783 11 47 18
18 1172 10 5 23
19 813 11 9 18
19 289 11 3 8
20 1100 10 33 23
20 1196 11 46 23
21 913 10 46 18
21 1054 11 5 23
21 1125 10 11 23
21 358 10 2 8
21 9 12 25 3
22 916 10 30 18
22 921 10 23 18
22 302 11 58 8
23 1140 10 38 23
23 164 10 5 3
24 670 10 21 13
24 806 11 40 18
25 898 10 33 18
25 961 11 31 18
25 357 10 52 8
26 1044 11 1 23
26 636 10 2 13
27 216 11 29 3
27 75 10 27 3
27 9 12 29 3
27 719 11 6 13
28 1055 10 48 23
28 334 10 31 8
28 147 10 55 3
30 390 10 49 8
32 59 10 18 3
32 131 10 0 3
32 830 10 59 18
33 1093 10 13 23
34 357 10 26 8
34 314 10 45 8
35 76 10 52 3
35 943 10 31 18
36 436 10 48 8
37 108 9 54 3
38 185 10 48 3
39 972 11 19 18
39 519 11 17 13
39 1214 11 46 23
40 390 9 57 8
41 870 9 14 18
41 576 10 59 13
41 996 11 38 18
42 1173 10 39 23
42 363 9 22 8
43 356 9 30 8
44 284 11 40 8
44 950 10 25 18
45 1207 10 0 23
45 1047 10 59 23
45 1212 10 54 23
45 734 11 58 13
46 166 9 48 3
46 722 11 17 13
46 944 10 45 18
46 873 9 29 18
46 584 9 27 13
47 684 10 38 13
48 562 10 28 13
49 1071 10 41 23
49 1125 9 56 23
49 471 11 5 8
50 252 11 33 8
52 158 9 27 3
52 784 10 54 18
53 42 10 27 3
53 861 9 7 18
54 667 9 13 13
54 733 11 36 13
54 933 10 54 18
55 2 11 10 3
56 23 11 50 3
57 605 9 45 13
57 360 9 40 8
58 492 11 22 8
58 280 10 8 8
59 580 9 3 13
61 1093 9 2 23
62 262 11 25 8
62 31 10 55 3
62 324 9 54 8
62 831 9 11 18
62 1086 9 45 23
62 744 11 34 13
64 1168 9 21 23
64 745 11 23 13
64 871 9 3 18
64 1137 9 48 23
65 590 9 1 13
65 523 10 32 13
66 1222 10 21 23
66 604 9 49 13
66 1142 9 37 23
67 386 8 46 8
68 32 10 16 3
68 886 8 23 18
68 941 9 5 18
68 547 10 15 13
68 238 11 36 3
69 21 10 41 3
71 1024 10 1 23
71 620 8 39 13
71 998 11 24 23
72 786 10 47 18
72 1091 9 19 23
72 401 8 46 8
73 538 10 47 13
73 456 10 14 8
73 450 10 40 8
74 1149 8 4 23
74 347 8 9 8
74 150 8 26 3
75 386 8 7 8
75 390 8 55 8
76 259 11 0 8
77 208 10 28 3
78 386 8 10 8
78 347 8 4 8
78 1249 11 9 23
78 359 8 3 8
80 1213 10 28 23
80 173 9 30 3
81 835 8 52 18
81 242 11 57 3
82 259 11 17 3
82 960 10 0 18
82 636 8 21 13
83 627 8 22 13
83 684 9 15 13
83 1007 11 57 23
84 459 10 56 8
84 752 11 17 13
85 277 10 28 8
86 982 10 20 18
86 72 9 56 3
87 485 10 40 8
87 906 8 58 18
88 698 9 43 13
88 244 11 54 8
88 360 8 30 8
89 1025 10 39 23
89 776 10 56 18
89 1078 8 57 23
91 249 11 46 3
91 888 8 43 18
91 757 11 49 13
92 680 9 7 13
93 262 10 53 8
93 407 8 45 8
93 609 8 16 13
94 329 8 56 8
94 599 8 13 13
95 373 8 38 8
96 1164 8 48 23
97 150 8 11 3
97 404 8 47 8
98 654 8 48 13
98 1136 7 24 23
98 1244 11 2 23
98 655 8 3 13
98 1011 10 13 23
98 998 11 58 18
99 180 9 20 3
100 926 8 42 18
100 189 9 10 3
100 929 8 16 18
100 347 8 14 8
100 112 7 0 3
100 455 9 51 8
101 209 9 8 3
101 861 7 30 18
101 528 10 30 13
102 1136 7 56 23
102 465 10 19 8
102 801 9 9 18
102 591 8 39 13
103 624 7 9 13
103 498 11 16 8
104 286 10 32 8
104 55 9 54 3
105 852 8 32 18
105 341 8 20 8
106 997 11 8 18
107 294 9 2 8
108 293 9 8 8
109 594 8 11 13
109 617 7 50 13
109 351 7 48 8
110 363 7 27 8
111 315 9 52 8
111 710 9 52 13
111 225 10 40 3
112 768 10 50 18
113 679 8 4 13
114 302 9 22 8
116 76 8 52 3
116 1056 9 13 23
116 156 8 36 3
117 575 8 52 13
117 882 7 56 18
117 317 8 37 8
117 1135 7 22 23
118 655 8 19 13
119 1056 9 33 23
119 971 10 34 18
120 780 10 28 18
120 709 9 5 13
121 1067 8 43 23
121 936 9 44 18
121 303 9 37 8
122 874 7 37 18
122 1003 11 8 18
124 144 7 50 3
124 127 7 37 3
124 388 7 10 8
125 1181 8 58 23
125 511 10 40 13
126 808 9 0 18
126 549 9 47 13
126 735 10 7 13
126 316 8 44 8
126 634 7 31 13
127 781 10 48 18
127 7 10 26 3
127 285 10 27 8
127 167 8 2 3
127 1234 10 18 23
128 523 10 32 13
129 655 8 31 13
129 797 9 10 18
129 101 7 29 3
130 769 10 0 18
130 1077 8 25 23
130 901 7 48 18
130 498 11 25 8
130 782 10 59 18
130 498 11 16 8
130 792 9 30 18
131 248 11 42 8
131 418 8 52 8
132 82 8 0 3
132 160 8 11 3
132 602 7 0 13
133 1171 8 50 23
133 275 10 41 8
134 933 8 2 18
134 141 7 48 3
134 177 8 21 3
134 700 9 3 13
134 914 8 27 18
134 1123 7 21 23
135 486 10 39 8
135 672 8 50 13
135 865 7 9 18
135 882 7 6 18
136 1097 8 18 23
136 136 7 3 3
136 580 8 24 13
137 726 10 50 13
137 323 8 26 8
137 721 10 27 13
137 856 7 11 18
138 558 9 26 13
138 645 7 52 13
139 86 8 59 3
139 80 8 52 3
139 244 10 43 3
139 449 9 7 8
140 1045 9 14 23
140 205 9 17 3
140 818 8 59 18
141 398 7 14 8
142 159 8 20 3
142 930 8 51 18
142 236 10 4 3
142 453 9 1 8
142 489 10 54 8
143 425 8 45 8
143 1040 9 23 23
144 877 7 49 18
144 774 10 4 18
145 295 9 36 8
146 887 7 28 18
147 1161 8 55 23
147 746 11 37 13
147 646 8 34 13
147 539 9 5 13
147 592 8 40 13
147 1228 10 59 23
147 983 10 55 18
148 568 9 59 13
149 854 8 18 18
149 678 8 7 13
150 897 8 25 18
150 333 8 10 8
150 379 7 58 8
150 806 9 9 18
150 186 9 45 3
150 657 8 6 13
151 190 9 24 3
152 184 9 2 3
152 1250 11 57 23
153 197 9 38 3
153 1080 8 22 23
155 98 8 49 3
155 88 8 35 3
155 1117 8 16 23
155 419 8 43 8
157 428 9 20 8
157 763 10 31 18
157 391 8 24 8
157 426 9 24 8
158 827 8 7 18
158 1008 11 52 18
159 1235 10 19 23
159 921 8 44 18
159 629 8 27 13
160 1040 10 24 23
160 126 8 16 3
160 293 9 18 8
161 566 9 12 13
162 196 9 15 3
162 1011 10 36 23
163 166 8 11 3
163 77 9 41 3
163 680 9 38 13
163 370 8 9 8
163 1078 9 42 23
164 14 10 23 3
164 891 8 7 18
164 470 10 6 8
165 1219 10 17 23
165 923 9 57 18
166 610 8 37 13
167 1107 8 31 23
167 386 8 46 8
167 274 10 12 8
167 552 9 47 13
167 305 9 21 8
168 1191 9 24 23
168 58 9 18 3
168 703 9 45 13
169 699 9 48 13
169 275 10 17 8
169 538 10 37 13
170 969 10 0 18
171 110 8 1 3
171 740 11 56 18
171 282 10 16 8
171 782 10 18 18
172 116 8 14 3
172 350 8 28 8
173 853 8 25 18
173 1159 8 50 23
173 1130 8 31 23
173 134 8 6 3
174 724 10 20 13
174 148 8 33 3
174 858 8 41 18
175 1016 10 35 23
176 393 8 32 8
177 859 8 47 18
177 683 9 52 13
177 1004 11 29 18
178 577 9 16 13
179 837 9 16 18
179 732 10 7 13
179 265 11 28 8
179 693 9 55 13
179 983 11 28 18
180 112 8 52 3
180 779 10 6 18
181 548 10 5 13
182 1096 9 33 23
182 1184 9 23 23
182 602 9 35 13
182 674 9 33 13
183 870 8 25 18
183 1151 9 23 23
184 573 9 41 13
185 785 10 35 18
185 1210 10 38 23
185 786 10 2 18
186 427 9 0 8
187 1181 9 20 23
187 625 9 33 13
188 173 9 59 3
188 62 9 41 3
189 1139 9 58 23
189 401 9 40 8
189 620 9 8 13
190 773 11 31 18
190 928 9 19 18
193 582 9 53 13
193 786 10 0 18
193 967 10 36 18
193 1026 11 9 23
194 968 10 0 18
194 497 11 56 8
194 1243 11 4 23
195 107 9 20 3
195 350 9 41 8
196 935 10 10 18
196 1216 10 26 23
197 171 9 14 3
197 981 11 26 18
198 61 10 53 3
199 957 10 39 18
199 1048 10 43 23
199 72 10 16 3
200 1013 11 12 23
200 523 11 18 13
201 6 11 46 3
202 9 11 14 3
202 1106 9 10 23
203 223 11 7 3
203 1250 11 40 23
204 1236 11 9 23
206 725 11 40 13
206 813 10 38 18
206 431 10 41 8
206 375 9 40 8
207 1163 10 1 23
207 1221 11 53 23
207 564 10 33 13
208 405 9 2 8
208 450 10 29 8
208 667 10 42 13
209 416 10 2 8
209 104 9 17 3
209 911 10 39 18
209 645 9 22 13
210 83 10 58 3
210 583 10 41 13
211 1059 10 40 23
211 965 11 4 18
212 200 10 7 3
212 14 11 25 3
212 308 10 35 8
213 376 9 50 8
213 1028 11 34 23
214 986 11 40 18
214 687 10 0 13
215 316 10 20 8
215 351 10 54 8
216 1168 10 11 23
217 827 10 19 18
217 10 11 26 3
217 388 10 12 8
217 687 10 51 13
219 674 10 5 13
219 600 10 46 13
219 43 11 32 3
220 362 10 6 8
220 513 11 39 13
221 913 10 5 18
222 1222 11 0 23
222 1227 11 0 23
222 630 10 40 13
222 533 11 54 13
222 281 11 17 8
223 531 11 19 13
224 907 10 9 18
224 1160 10 8 23
225 928 10 52 18
225 657 10 41 13
225 176 10 4 3
225 610 10 52 13
226 269 11 7 8
226 738 12 32 13
227 249 12 34 3
227 34 11 41 3
227 534 11 12 13
228 231 11 35 3
228 130 10 53 3
228 301 11 58 8
228 140 10 38 3
229 1050 11 13 23
229 1 12 25 3
229 567 10 42 13
231 687 11 4 13
232 350 10 22 8
232 204 11 20 3
233 1132 10 28 23
233 1150 10 20 23
233 590 10 59 13
234 1135 10 34 23
235 417 10 13 8
235 670 10 59 13
235 690 11 6 13
235 982 12 7 18
236 266 12 9 9
236 22 12 17 3
236 943 11 8 18
236 508 12 9 13
238 1212 11 9 23
239 221 11 50 3
239 768 12 5 18
239 197 11 1 3
239 137 10 49 3
240 353 10 37 8
240 275 12 28 8
241 183 11 22 3
241 1143 10 41 23
241 882 10 3 18
241 1051 11 15 23
241 479 12 32 8
242 494 12 33 8
242 186 11 28 3
242 540 11 49 13
242 758 12 7 13
242 648 10 25 13
242 723 12 11 13
243 1230 12 28 23
243 538 11 53 13
243 224 12 23 3
243 1058 11 27 23
244 901 11 19 18
244 241 12 36 3
245 485 12 19 8
245 687 11 25 13
246 349 11 36 8
247 434 11 20 8
247 1055 11 42 23
247 705 11 44 13
248 476 12 21 8
249 964 12 44 19
249 1231 12 26 23
249 267 12 26 8
249 476 12 37 8
249 124 11 15 3
249 154 11 56 3
249 640 11 5 13
250 1128 11 29 23
251 121 11 29 3
251 288 12 0 8
251 10 12 45 4
251 670 11 1 13
252 239 12 25 3
252 1164 11 5 23
253 1013 12 50 23
253 541 11 33 14
254 179 11 30 3
255 348 11 53 8
255 1076 11 1 23
256 711 11 16 14
257 332 11 17 8
257 802 11 20 19
257 126 10 27 4
257 529 12 45 13
257 209 11 31 4
258 1017 12 45 23
258 790 11 21 19
259 75 11 43 3
259 408 11 19 8
259 331 11 6 8
259 281 11 4 9
260 705 11 3 14
260 1135 10 24 24
260 486 12 23 8
260 1154 10 33 24
261 115 10 40 4
262 986 12 19 18
263 767 12 30 18
263 331 11 1 8
263 1014 12 48 19
263 277 11 31 9
264 53 11 46 4
265 687 11 42 14
267 823 10 56 19
267 324 10 52 9
268 593 10 24 14
268 396 10 21 9
268 951 11 14 19
268 379 10 18 9
269 730 11 14 14
269 1220 11 22 24
270 988 12 27 24
270 406 10 35 9
270 975 11 50 19
270 804 11 12 19
270 542 11 6 14
270 323 10 35 9
270 177 10 26 4
271 362 10 50 9
271 445 11 54 9
272 447 11 24 9
272 990 12 46 19
272 372 10 50 9
272 946 11 48 19
273 493 12 9 9
273 19 11 23 4
274 209 11 20 4
274 792 11 20 19
274 1147 10 53 24
275 715 11 22 14
275 1200 11 9 24
276 1181 10 16 24
277 251 12 8 4
277 174 10 43 4
277 735 11 13 14
277 328 10 52 9
278 14 11 7 4
278 29 11 26 4
278 158 10 59 4
278 7 12 17 4
278 1225 11 41 24
279 461 11 21 9
279 824 10 36 19
279 1231 11 16 24
281 510 11 11 14
281 781 11 41 19
281 726 11 14 14
281 771 11 38 19
281 49 11 7 4
282 134 10 56 4
282 632 10 33 14
282 1003 12 31 19
282 636 10 35 14
283 859 10 23 19
283 779 11 19 19
284 950 10 44 19
284 474 11 38 9
284 81 10 32 4
284 983 11 5 19
285 1101 10 31 24
285 1159 10 54 24
285 129 10 6 4
285 270 11 48 9
286 405 10 54 9
286 1061 10 41 24
287 448 10 53 9
287 863 9 47 19
287 269 11 40 9
288 138 9 11 4
288 410 10 46 9
288 947 10 58 19
289 47 10 52 4
290 702 10 7 14
290 300 10 26 9
290 479 11 0 9
290 181 10 11 4
291 983 11 7 19
291 761 11 7 19
291 1078 10 49 24
292 1222 11 6 24
292 752 11 3 19
292 935 10 14 19
293 1135 9 29 24
293 583 10 38 14
293 587 10 37 14
294 711 10 41 14
294 33 11 15 4
294 1207 10 7 24
294 324 10 13 9
295 224 11 20 4
295 514 11 39 14
296 747 11 7 14
296 372 9 18 9
296 444 10 19 9
297 1094 9 53 24
299 815 10 59 19
299 398 9 4 9
300 281 11 40 9
300 445 10 39 9
301 49 10 15 4
301 576 9 18 14
301 496 11 29 14
301 139 9 8 4
301 142 9 26 4
301 604 9 56 14
301 312 10 0 9
302 574 9 29 14
302 635 9 55 14
302 206 10 7 4
302 1166 9 18 24
302 81 9 54 4
303 59 10 11 4
303 1128 9 33 24
303 150 9 23 4
303 901 9 41 19
304 362 9 2 9
306 591 9 4 14
306 986 11 56 19
307 562 10 10 14
307 980 11 9 19
307 1168 9 8 24
307 1135 9 41 24
308 220 10 8 4
309 91 9 26 4
310 730 11 0 14
310 368 9 2 9
311 438 9 25 9
311 924 9 56 19
312 490 11 42 14
312 12 11 5 4
313 518 11 11 14
313 449 10 1 9
314 531 10 34 14
314 628 9 11 14
315 772 10 19 19
315 712 10 22 14
317 1117 8 12 24
318 317 9 48 9
319 744 11 18 14
319 59 9 19 4
319 1030 10 58 24
319 139 8 12 4
319 883 8 22 19
320 403 9 23 9
321 956 10 27 19
321 399 8 4 9
321 819 9 18 19
321 323 9 32 9
321 1248 11 52 24
322 661 9 20 14
323 507 11 41 9
324 923 9 1 19
324 1178 9 1 24
324 1224 10 42 24
325 612 8 19 14
325 80 9 53 4
326 1028 10 44 24
327 507 11 45 9
327 1214 10 49 24
327 47 10 26 4
327 369 8 42 9
328 518 10 52 14
328 1224 10 19 24
329 415 9 8 9
329 874 8 4 19
329 1097 8 30 24
329 1247 11 31 24
330 1045 10 16 24
330 184 9 10 4
330 803 9 41 19
330 163 8 27 4
330 341 8 9 9
331 360 8 53 9
331 212 10 50 4
332 450 9 24 9
333 1012 11 20 19
333 837 8 46 19
333 957 10 42 19
333 141 8 44 4
334 594 8 38 14
334 104 8 2 4
336 363 8 18 9
336 291 10 31 9
338 277 10 55 9
338 257 11 0 4
338 216 10 43 4
338 1163 8 40 24
339 381 8 44 9
340 590 8 28 14
340 615 8 29 14
340 922 8 2 19
340 439 9 2 9
341 663 8 14 14
341 976 10 14 19
342 127 8 10 4
342 1215 10 18 24
343 236 10 44 4
344 587 8 41 14
346 886 8 26 19
346 1126 7 47 24
347 917 8 22 19
347 828 8 45 19
348 744 11 56 14
348 1136 7 7 24
348 910 8 35 19
348 907 8 12 19
348 1183 9 20 24
348 227 10 13 4
349 556 9 55 14
349 547 9 56 14
349 134 7 52 4
349 536 10 49 14
349 763 10 6 19
350 251 11 15 4
350 895 8 37 19
351 428 8 58 9
352 95 8 58 4
352 798 9 17 19
353 1096 8 34 24
353 100 8 18 4
354 947 9 39 19
355 1095 8 37 24
356 125 7 12 4
356 36 10 53 4
356 259 10 43 9
357 1229 10 23 24
357 996 11 3 19
357 401 8 19 9
357 572 8 56 14
357 202 9 21 4
358 583 8 6 14
358 882 7 11 19
358 898 7 6 19
358 696 9 54 14
359 642 7 10 14
360 1220 10 34 24
360 235 10 7 4
361 75 8 22 4
361 903 8 47 19
361 100 7 54 4
362 580 8 19 14
362 557 9 39 14
362 97 8 35 4
362 141 7 25 4
362 1067 8 47 24
362 100 7 12 4
363 1098 7 24 24
363 720 10 37 14
363 951 9 30 19
364 485 10 58 9
364 933 8 56 19
364 1118 7 9 24
365 132 7 27 4
365 756 10 8 19
365 480 10 54 9
365 993 10 2 19
366 953 9 23 19
367 3 11 57 4
367 164 8 22 4
367 588 8 20 14
367 672 8 18 14
367 689 9 20 14
368 382 7 23 9
368 23 10 16 4
368 78 8 15 4
369 1089 8 33 24
370 214 9 50 4
370 31 10 22 4
372 159 8 56 4
372 971 10 38 19
373 318 8 8 9
373 70 8 7 4
375 579 8 9 14
375 1105 7 43 24
375 236 10 24 4
375 516 10 48 14
375 1089 8 56 24
376 161 8 48 4
378 1221 10 26 24
378 309 9 18 9
378 861 7 39 19
379 780 10 14 19
379 403 7 27 9
380 643 7 58 14
380 1035 10 22 24
380 395 7 21 9
381 718 10 1 14
381 814 9 38 19
381 1055 9 10 24
382 47 9 15 4
382 847 7 50 19
382 563 9 20 14
383 699 9 35 14
384 954 9 13 19
384 289 9 36 9
384 627 7 42 14
384 116 7 38 4
385 912 8 27 19
385 324 8 56 9
385 1203 9 34 24
387 117 7 57 4
387 63 9 4 4
388 1188 9 33 24
388 610 7 6 14
388 1142 7 48 24
390 209 9 58 4
392 231 10 47 4
392 696 9 36 14
392 539 9 38 14
393 928 8 13 19
393 1246 11 54 24
394 911 8 9 19
394 1225 10 27 24
395 1109 7 13 24
395 299 9 8 9
395 629 7 41 14
395 382 7 26 9
395 672 8 1 14
396 510 10 19 14
396 703 9 36 14
396 130 7 8 4
397 741 10 9 14
397 305 9 48 9
397 652 8 43 14
398 739 10 14 14
398 1030 10 24 24
398 993 11 18 19
398 24 10 53 4
399 630 7 43 14
399 1201 9 14 24
399 275 10 19 9
400 444 9 40 9
401 493 11 19 9
401 308 9 53 9
402 51 9 39 4
402 847 8 59 19
402 741 10 51 14
402 910 8 26 19
402 252 11 27 4
402 1192 9 21 24
403 384 7 39 9
403 164 8 21 4
404 365 8 31 9
404 489 10 58 9
404 188 9 26 4
404 383 8 31 9
406 884 8 39 19
406 572 9 52 14
408 966 10 32 19
408 220 10 51 4
410 878 8 20 19
411 1110 8 32 24
412 395 8 0 9
412 1223 10 8 24
415 529 10 15 14
415 911 8 15 19
415 501 11 32 9
416 521 10 25 14
416 1016 10 0 24
416 77 9 16 4
417 1029 10 40 24
417 609 8 19 14
417 584 8 48 14
417 665 8 51 14
417 325 9 4 9
417 1093 8 19 24
417 961 10 50 19
417 108 8 47 4
418 137 8 45 4
418 306 9 17 9
418 913 8 9 19
418 374 8 16 9
418 276 10 30 9
418 933 9 40 19
418 972 10 14 19
419 1128 8 56 24
419 911 8 3 19
420 411 8 46 9
420 1234 10 40 24
421 70 9 27 4
421 784 10 37 19
422 394 8 0 9
423 998 11 59 19
423 516 10 29 14
424 953 10 8 19
424 151 8 6 4
424 482 10 36 9
424 282 10 32 9
426 559 9 32 14
427 86 9 36 4
427 38 10 40 4
427 746 11 12 14
427 26 10 48 4
427 838 9 29 19
429 260 11 3 4
429 708 10 52 14
430 855 8 48 19
430 173 9 45 4
430 886 8 40 19
430 465 10 26 9
430 878 8 54 19
431 198 10 49 4
431 413 9 34 9
431 357 8 24 9
431 1010 11 21 19
431 15 11 41 4
431 481 10 12 9
431 838 9 24 19
432 373 8 27 9
433 237 11 52 4
433 904 9 51 19
433 1153 9 56 24
434 940 9 44 19
435 966 10 50 19
436 457 10 25 9
436 503 11 52 9
436 882 9 56 19
436 1198 10 54 24
436 191 9 16 4
436 104 9 28 4
437 657 9 30 14
437 1182 9 57 24
438 787 10 32 19
440 1197 10 18 24
440 432 9 18 9
441 682 9 27 14
441 1032 10 3 24
441 1042 10 58 24
442 740 11 12 14
442 341 9 43 9
442 1073 9 16 24
442 1042 10 6 24
443 978 11 32 19
444 1130 9 51 24
444 190 10 22 4
444 960 10 45 19
445 1017 11 32 24
445 1002 11 26 24
446 12 11 9 4
447 338 9 51 9
447 813 10 10 19
448 302 10 52 9
448 72 10 39 4
448 1003 11 54 19
448 1056 10 42 24
449 287 10 4 9
450 48 10 46 4
450 146 9 30 4
450 808 10 50 19
451 497 11 55 9
452 50 10 51 4
452 255 11 13 9
453 908 9 52 19
453 345 9 15 9
453 666 9 31 14
454 116 9 10 4
454 418 9 43 9
454 630 9 26 14
454 719 11 0 14
454 54 10 55 4
455 796 10 9 19
455 1177 10 17 24
456 242 11 54 4
456 463 10 33 9
456 842 9 8 19
456 1227 11 8 24
458 213 11 18 4
458 509 11 32 14
458 291 10 35 9
458 422 10 27 9
458 188 10 23 4
459 257 11 45 9
459 841 10 11 19
459 233 11 54 4
460 1040 11 40 24
460 153 9 53 4
460 15 11 50 4
461 1049 10 18 24
462 842 10 16 19
462 305 10 41 9
462 593 10 13 14
462 330 10 59 9
463 1023 11 54 24
463 98 10 57 4
463 7 11 14 4
463 1012 11 17 24
463 721 11 59 14
464 964 11 57 19
464 996 12 44 24
465 868 10 0 19
465 1111 10 45 24
465 161 10 53 4
465 208 11 9 4
465 910 10 31 19
465 220 11 27 4
466 102 10 17 4
466 867 10 39 19
466 205 11 37 4
467 618 10 41 14
467 400 10 6 9
467 644 10 57 14
468 103 10 56 4
468 1186 10 52 24
469 663 10 8 14
469 1084 10 50 24
470 192 10 24 4
470 69 10 54 4
470 854 10 40 19
470 440 10 34 9
470 958 11 10 19
471 235 11 21 4
472 1163 10 40 24
472 205 11 9 4
472 473 11 15 9
473 335 10 37 9
473 582 10 15 14
473 650 10 25 14
473 827 10 29 19
474 536 11 13 14
474 619 10 9 14
475 988 12 21 19
475 538 11 58 14
475 263 12 54 9
477 205 11 30 4
477 86 10 21 4
477 1082 10 13 24
477 591 10 39 14
478 669 10 0 14
478 383 10 51 9
479 742 12 20 14
479 719 11 7 14
480 562 11 48 14
480 1204 11 16 24
481 46 11 51 4
482 279 11 56 9
482 516 12 58 9
482 695 11 7 14
482 711 11 50 14
482 63 11 38 4
482 52 11 33 4
483 224 11 52 4
483 776 11 52 19
484 1112 10 13 24
485 829 10 53 19
485 160 10 7 4
486 930 11 43 19
486 798 11 9 19
486 6 12 24 4
486 183 11 4 4
487 1153 10 22 24
487 229 12 33 4
487 656 10 25 14
487 984 12 12 19
488 907 10 20 19
488 653 10 55 14
488 204 11 33 4
488 567 11 33 15
489 1019 12 34 24
490 742 12 25 19
490 380 10 24 9
492 1007 12 46 19
492 885 10 24 19
492 950 11 12 19
492 1172 11 2 24
492 756 12 15 14
493 952 11 1 19
493 1059 11 0 25
494 130 10 14 4
494 1039 11 51 24
494 687 11 30 14
495 588 11 48 14
495 566 11 36 14
496 37 11 22 4
496 1195 11 53 24
496 1082 11 29 24
497 836 11 22 19
497 464 12 28 10
498 262 12 38 9
499 814 11 46 19
501 1209 11 32 25
501 1029 12 52 24
501 143 11 12 4
501 108 11 49 4
502 1120 11 56 24
502 537 12 32 14
502 966 12 44 19
503 412 11 29 9
503 206 11 5 5
504 750 12 10 14
504 1189 11 47 24
504 32 12 30 4
504 600 11 56 14
504 1084 11 11 24
505 964 11 34 20
505 1144 11 50 24
506 728 12 19 14
506 814 11 35 19
506 970 12 42 19
507 1114 10 25 25
509 874 10 19 20
509 842 11 13 19
510 755 12 13 15
510 1142 10 47 25
511 67 11 35 4
511 507 12 59 15
512 86 10 16 5
512 675 11 57 15
512 931 11 19 19
512 352 10 55 10
512 1191 11 36 25
513 739 12 44 20
513 222 11 39 5
513 346 10 48 10
513 897 10 33 20
513 804 11 36 20
514 912 10 20 20
514 1044 11 10 25
514 953 11 57 20
514 615 10 25 15
515 840 10 12 20
516 214 11 44 5
516 1146 10 47 25
516 375 10 1 10
516 260 12 48 10
517 901 10 14 20
519 967 11 51 20
519 493 12 7 10
519 1139 10 41 25
519 663 10 34 15
520 468 11 32 10
520 182 10 52 5
520 847 10 47 20
520 1248 12 38 25
521 139 10 39 5
521 327 10 14 10
521 132 10 29 5
523 616 10 48 15
523 952 11 12 20
524 939 10 48 20
525 1050 11 35 25
525 35 11 48 5
525 101 10 24 5
525 483 11 14 10
526 1240 12 28 25
526 571 10 58 15
527 152 10 50 5
527 255 12 48 5
527 185 10 0 5
527 302 11 40 10
528 389 10 5 10
528 249 12 4 10
529 475 11 24 10
529 821 10 45 20
529 833 10 5 20
529 1135 10 12 25
530 1020 11 59 25
530 900 10 57 20
531 327 10 11 10
531 466 11 32 10
531 1029 11 23 25
532 368 10 44 10
533 1231 11 25 25
533 388 10 10 10
534 1249 12 22 25
536 859 10 56 20
536 1149 10 16 25
536 111 10 43 5
536 964 11 44 20
537 977 11 20 20
537 484 11 31 10
537 648 10 19 15
537 537 11 8 15
538 1114 9 56 25
538 571 10 34 15
538 506 11 28 15
538 1118 9 46 25
539 320 10 16 10
539 803 10 16 20
539 407 10 38 10
540 649 9 56 15
541 903 9 14 20
541 25 11 42 5
541 726 11 13 15
541 176 10 59 5
542 963 11 48 20
542 417 10 25 10
543 1160 9 50 25
544 114 9 37 5
545 961 10 37 20
545 1092 9 22 25
546 1035 10 0 25
547 118 9 13 5
547 739 11 39 15
547 608 9 2 15
547 1077 10 27 25
547 944 10 36 20
547 729 11 18 15
548 512 11 10 15
548 363 9 20 10
549 1125 9 39 25
549 1249 11 33 25
549 525 11 32 15
550 302 10 39 10
550 1055 10 21 25
550 11 11 6 5
550 94 9 8 5
550 846 9 59 20
550 471 11 14 10
551 633 9 16 15
551 925 9 37 20
552 1203 10 11 25
552 328 9 30 10
552 285 10 12 10
552 1062 10 24 25
553 323 9 21 10
553 149 9 52 5
553 864 9 41 20
553 1245 11 11 25
554 997 11 21 20
554 259 11 10 10
555 925 9 26 20
556 247 11 21 5
557 542 10 23 15
557 292 10 5 10
557 122 9 15 5
557 148 9 50 5
558 774 11 41 20
558 441 10 25 10
558 181 9 52 5
559 1021 11 54 25
560 1174 9 4 25
560 788 10 26 20
560 225 10 26 5
561 1232 11 36 25
561 34 10 47 5
561 551 10 24 15
562 223 10 36 5
562 1213 10 39 25
562 66 9 38 5
562 27 10 52 5
562 438 9 8 10
563 92 9 49 5
563 1069 9 15 25
563 1076 9 20 25
564 1196 10 5 25
564 18 11 28 5
564 240 11 4 5
564 790 10 47 20
564 1182 9 40 25
564 555 10 25 15
565 322 9 57 10
565 931 9 6 20
567 300 10 38 10
568 878 8 13 20
568 186 9 3 5
569 85 9 45 5
569 987 11 55 20
569 715 10 37 15
569 737 11 11 20
569 326 9 48 10
570 782 10 23 20
570 9 11 7 5
570 258 11 14 5
570 44 10 49 5
571 1197 9 43 25
571 583 9 53 15
572 1213 10 5 25
572 1061 9 11 25
572 397 8 32 10
573 358 8 43 10
573 112 8 4 5
574 954 10 41 20
574 444 9 25 10
575 716 10 11 15
575 1250 11 53 25
576 227 10 30 5
576 364 8 39 10
577 732 10 50 15
577 95 8 9 5
577 621 8 11 15
577 492 11 15 15
577 666 9 59 15
578 694 9 9 15
578 780 10 46 20
578 346 8 12 10
579 538 10 5 15
579 1009 11 31 20
580 593 8 7 15
580 57 9 42 5
580 859 8 42 20
580 855 8 47 20
580 399 8 5 10
581 881 8 50 20
581 655 8 1 15
581 748 11 46 15
581 908 8 25 20
582 444 9 47 10
582 97 8 51 5
583 769 10 37 20
583 80 9 11 5
583 1110 8 26 25
584 1066 9 33 25
584 107 8 44 5
584 517 10 51 15
584 504 11 36 15
585 340 8 30 10
585 38 10 14 5
586 539 10 15 15
586 594 8 20 15
586 1047 9 15 25
586 739 11 19 20
587 212 10 27 5
588 977 10 14 20
588 814 9 28 20
588 622 8 13 15
590 546 9 18 15
590 397 8 33 10
590 443 9 37 10
591 959 10 18 20
591 134 8 7 5
591 1124 8 11 25
592 638 8 5 15
592 830 8 4 20
592 1190 9 53 25
592 209 10 59 5
592 1125 8 50 25
593 1070 9 19 25
593 450 9 46 10
594 657 8 33 15
594 164 8 56 5
594 953 9 49 20
594 245 11 0 5
595 655 8 21 15
595 454 9 26 10
595 611 8 43 15
595 582 8 57 15
595 19 10 56 5
596 939 9 49 20
596 287 10 4 10
597 432 9 16 10
597 421 8 57 10
597 321 9 23 10
597 596 8 35 15
598 25 10 3 5
598 203 9 44 5
599 1015 10 41 25
599 1093 8 22 25
600 444 9 9 10
600 1128 7 18 25
600 229 10 40 5
603 834 8 17 20
603 603 8 21 15
604 732 10 45 15
604 430 8 21 10
605 904 8 15 20
605 477 10 44 10
605 867 7 4 20
605 18 10 34 5
606 180 8 22 5
607 565 9 37 15
608 55 9 22 5
608 571 8 4 15
608 1221 10 29 25
609 801 9 43 20
609 995 11 30 25
610 1161 8 5 25
610 433 8 40 10
610 330 8 26 10
610 593 8 54 15
610 209 9 36 5
611 452 9 34 10
611 772 10 43 20
613 265 10 0 10
613 344 8 1 10
613 1134 7 47 25
615 927 8 36 20
615 376 7 42 10
616 754 11 9 15
616 116 7 45 5
616 662 8 52 15
616 187 9 41 5
616 973 10 54 20
617 89 8 14 5
617 742 10 26 15
618 1163 8 8 25
619 427 8 29 10
619 973 10 3 20
619 691 9 12 15
619 798 9 55 20
619 125 7 17 5
619 852 7 41 20
619 1146 7 17 25
621 900 7 21 20
622 1216 10 3 25
622 176 8 0 5
622 253 11 51 5
623 608 7 8 15
623 243 10 32 5
624 1152 7 9 25
625 610 7 54 15
625 791 9 8 20
626 718 10 35 15
627 910 8 38 20
627 1084 8 0 25
627 1074 8 37 25
628 504 11 25 15
629 840 8 36 20
630 246 11 11 5
631 129 7 26 5
631 103 7 14 5
632 215 10 4 5
632 527 10 7 15
632 723 10 8 15
632 305 9 18 10
633 29 10 25 5
633 411 8 8 10
633 224 10 39 5
634 720 10 28 15
634 456 9 20 10
634 894 7 34 20
635 275 10 38 10
635 1175 8 54 25
635 941 9 51 20
636 1048 9 59 25
637 54 9 57 5
638 1165 8 43 25
639 567 8 43 15
639 840 8 5 20
640 581 8 7 15
640 892 7 52 20
640 58 9 51 5
641 822 8 15 20
641 477 10 20 10
641 1020 10 29 25
642 1077 8 8 25
642 662 8 49 15
642 983 10 46 20
642 1112 7 44 25
642 1104 7 0 25
643 525 10 12 15
643 936 9 58 20
643 68 8 4 5
643 449 9 11 10
644 366 7 59 10
644 465 10 14 10
644 1032 10 37 25
644 880 7 7 20
646 151 8 53 5
646 864 7 57 20
646 1028 10 20 25
646 498 11 27 10
646 1123 7 35 25
647 1214 10 14 25
647 553 9 10 15
648 1039 9 27 25
648 581 8 3 15
649 258 10 53 10
649 796 9 10 20
650 356 8 8 10
650 221 10 52 5
651 679 8 54 15
651 220 10 51 5
651 516 10 8 15
651 1023 10 14 25
651 600 8 21 15
651 846 8 8 20
652 1182 9 3 25
653 412 8 7 10
653 142 8 52 5
653 399 8 56 10
654 683 9 12 15
655 115 8 43 5
656 680 9 0 15
657 692 9 23 15
657 381 8 42 10
658 825 8 15 20
658 497 11 52 10
659 434 9 41 10
659 481 10 0 10
659 153 8 50 5
659 1087 8 1 25
660 1105 8 20 25
660 34 10 17 5
661 581 8 7 15
661 357 8 30 10
661 806 9 44 20
661 626 8 10 15
662 1241 11 16 25
662 1190 9 54 25
663 102 8 10 5
663 177 9 8 5
663 257 11 41 5
663 98 8 2 5
663 281 10 8 10
663 338 8 55 10
664 620 8 15 15
664 668 8 16 15
664 646 8 51 15
664 739 11 22 15
665 1170 9 1 25
665 378 8 47 10
666 195 9 26 5
666 830 9 44 20
666 33 10 39 5
667 1220 10 50 25
667 1157 8 18 25
669 1041 10 46 25
669 624 8 42 15
669 1179 9 59 25
671 281 10 39 10
671 664 9 24 15
671 984 10 53 20
671 751 11 59 15
672 733 10 42 15
672 336 9 0 10
674 490 11 21 10
675 1117 8 26 25
675 828 9 11 20
675 558 9 29 15
675 937 9 13 20
676 377 8 21 10
676 160 9 30 5
676 716 10 54 15
676 5 11 15 5
676 982 10 38 20
676 492 11 41 10
677 319 9 30 10
679 944 9 47 20
679 502 11 32 15
680 499 11 45 15
681 1202 10 40 25
682 6 11 11 5
682 1235 11 11 25
682 889 8 16 20
683 1178 9 43 25
683 70 9 53 5
683 691 9 34 15
683 1062 9 21 25
684 19 11 28 5
684 441 9 25 10
684 11 11 0 5
684 716 10 52 15
684 857 9 10 20
684 710 10 59 15
684 284 10 26 10
684 452 10 11 10
685 135 9 21 5
685 117 9 53 5
685 690 9 14 15
685 186 9 42 5
686 741 11 6 15
686 201 10 27 5
686 304 10 12 10
686 1102 9 52 25
687 1056 10 43 25
688 177 9 43 5
688 1230 11 33 25
690 772 11 13 20
690 1225 10 30 25
690 534 10 58 15
690 654 9 50 15
690 945 10 2 20
690 893 9 9 20
690 1062 10 2 25
691 614 9 18 15
691 664 9 44 15
692 581 9 47 15
692 1105 9 44 25
692 1111 9 6 25
692 612 9 15 15
692 198 10 1 5
692 752 11 6 15
692 766 11 0 20
693 812 10 12 20
694 63 10 58 5
696 528 11 18 15
697 486 11 23 10
697 461 10 11 10
697 796 10 11 20
697 752 11 37 15
697 503 11 53 15
697 1064 10 9 25
697 1018 11 4 25
697 2 11 6 5
697 736 11 1 15
698 208 10 39 5
699 247 11 49 5
700 999 11 35 25
700 869 9 45 20
700 25 11 11 5
701 319 10 33 10
701 896 9 35 20
702 1106 9 13 25
702 818 10 34 20
702 131 9 29 5
702 413 9 23 10
703 524 11 19 15
703 750 11 17 15
703 693 10 7 15
704 23 11 17 5
704 593 9 24 15
705 215 11 8 5
705 1167 10 23 25
705 1070 10 16 25
705 943 10 20 20
706 805 10 21 20
706 646 9 35 15
706 229 11 35 5
707 269 11 32 10
707 1107 9 38 25
708 43 10 4 5
708 166 10 18 5
711 1008 11 48 25
711 103 9 1 5
712 133 9 24 5
713 374 9 41 10
713 617 9 40 15
714 266 11 5 10
714 1083 10 8 25
715 1039 11 25 25
715 1172 10 16 25
715 170 10 33 5
716 998 12 53 20
717 1 12 21 5
718 208 11 8 5
719 621 10 22 15
720 943 10 44 20
721 910 10 19 20
721 1231 11 31 25
721 1230 11 51 25
721 831 10 36 20
721 670 10 56 15
722 541 11 51 15
723 961 11 51 20
723 1132 10 4 25
723 1022 11 4 25
724 731 11 5 15
724 731 11 39 15
724 746 12 39 15
724 270 11 29 10
725 392 10 10 10
726 1157 10 44 25
726 1126 10 47 25
726 144 10 50 5
727 692 11 45 15
727 561 11 3 15
728 651 10 31 15
728 646 10 17 15
728 1091 10 8 25
728 96 10 40 5
729 425 10 43 10
730 128 10 24 5
730 660 10 5 15
730 709 11 36 15
730 983 12 45 20
730 103 10 13 5
730 962 11 50 20
733 627 10 21 15
733 517 12 24 10
734 142 10 22 5
734 924 10 4 20
734 138 10 52 5
735 701 11 10 15
735 183 11 56 5
735 164 10 36 5
736 1057 11 6 25
736 316 11 52 10
736 520 12 41 15
737 754 12 46 15
737 116 10 31 5
738 1227 12 2 25
739 105 10 48 5
739 114 10 7 5
740 564 11 50 15
740 339 11 38 10
741 815 11 52 20
741 647 10 53 15
742 998 12 9 20
742 609 10 2 15
742 1030 12 54 25
742 92 11 41 5
743 878 10 45 20
743 1213 11 18 25
743 12 12 47 5
743 269 12 13 10
743 831 11 56 20
743 592 11 52 15
744 716 11 55 15
745 904 11 9 20
745 655 11 9 15
745 942 11 17 20
745 591 11 14 15
746 1001 12 1 26
746 817 11 19 20
747 659 11 2 15
748 675 11 37 15
749 201 11 26 5
750 332 11 54 10
750 31 12 10 5
750 904 11 4 20
751 1078 11 25 25
751 282 12 13 10
751 823 11 52 20
751 551 11 25 15
751 72 11 55 5
751 1061 11 30 25
752 814 11 9 20
752 763 12 40 20
753 2 12 31 5
753 905 11 11 20
753 451 11 34 10
753 597 11 5 15
753 380 11 56 10
753 235 12 45 5
753 68 11 44 5
754 910 11 1 20
755 447 11 33 10
755 439 11 36 10
755 678 11 57 15
756 21 12 42 5
756 1083 11 45 25
757 719 12 6 15
757 77 11 48 6
757 1147 11 39 25
758 130 10 18 6
758 59 11 50 5
759 257 12 16 10
759 84 11 36 5
759 1066 11 44 25
759 691 11 19 15
759 777 12 40 20
760 1202 11 2 26
760 870 10 32 21
760 398 10 24 11
760 40 11 27 6
761 645 10 19 16
762 245 12 46 6
762 905 10 36 21
763 601 10 59 16
763 447 11 17 11
763 326 11 40 10
764 647 10 26 16
764 191 11 22 6
765 306 11 36 11
767 520 12 3 15
767 78 10 58 6
767 797 11 30 21
767 231 12 36 6
767 1136 10 35 26
767 290 11 19 11
769 185 11 18 6
769 313 11 12 11
769 988 12 17 21
769 610 10 7 16
770 666 10 51 16
771 1178 10 35 26
772 898 10 49 21
772 1218 11 0 26
773 1198 11 11 26
773 560 11 26 16
773 631 10 19 16
773 70 10 43 6
775 1208 11 28 26
775 202 11 51 6
776 549 11 7 16
777 786 11 47 21
777 1039 11 2 26
777 639 10 45 16
777 193 10 15 6
778 851 10 53 21
778 332 10 3 11
779 1064 10 55 26
779 565 10 19 16
780 529 11 17 16
781 524 11 24 16
781 971 11 22 21
782 843 10 16 21
783 620 10 46 16
783 537 11 50 16
783 404 10 43 11
783 533 11 5 16
783 1047 11 9 26
783 395 10 55 11
784 462 11 22 11
785 780 11 8 21
785 204 10 47 6
786 76 10 50 6
787 188 10 49 6
787 338 10 39 11
789 401 9 53 11
789 599 9 15 16
789 1199 10 58 26
789 60 10 29 6
790 48 10 43 6
791 828 10 41 21
791 277 11 28 11
791 120 9 22 6
791 474 11 43 11
793 4 11 14 6
793 1037 11 30 26
794 915 10 36 21
794 524 11 9 16
794 450 10 25 11
795 711 10 48 16
795 30 11 26 6
795 941 10 41 21
795 217 11 2 6
795 742 11 34 16
796 289 10 27 11
796 391 9 53 11
796 613 9 17 16
796 747 11 32 16
797 947 10 54 21
797 11 11 5 6
797 829 10 47 21
797 888 9 54 21
798 508 11 44 16
798 334 9 29 11
798 440 10 43 11
800 290 10 23 11
800 906 9 14 21
800 717 10 59 16
800 132 9 21 6
801 489 11 43 11
801 797 10 34 21
802 480 11 2 11
802 1052 10 4 26
803 333 9 49 11
803 142 9 37 6
803 34 10 18 6
803 875 9 19 21
804 656 9 13 16
804 331 9 27 11
804 284 10 36 11
804 491 11 53 11
804 335 9 45 11
805 999 11 18 21
806 1057 10 56 26
807 113 9 20 6
807 1148 9 45 26
807 143 9 41 6
807 60 10 37 6
808 1066 9 10 26
808 735 11 35 16
808 1077 9 34 26
808 326 9 49 11
808 659 9 29 16
808 1076 9 18 26
809 1132 9 18 26
809 119 9 4 6
809 376 9 41 11
810 955 10 24 21
810 753 11 3 16
811 647 9 2 16
811 392 9 0 11
811 148 9 30 6
812 199 10 56 6
812 1011 11 4 21
813 1094 9 19 26
813 484 11 33 11
813 902 9 22 21
814 960 10 30 21
814 439 9 39 11
814 485 11 41 11
814 922 9 6 21
815 1077 9 32 26
815 328 9 26 11
815 146 9 24 6
815 412 9 20 11
815 898 9 38 21
817 436 9 2 11
818 1107 8 1 26
818 119 8 8 6
818 381 8 12 11
818 395 9 28 11
819 600 9 42 16
819 439 9 53 11
820 419 9 49 11
820 182 9 1 6
820 792 10 11 21
821 1174 9 54 26
821 198 10 42 6
822 606 8 27 16
822 76 9 49 6
823 1033 10 37 26
823 216 10 27 6
824 1025 10 19 26
824 866 8 33 21
824 46 10 31 6
825 636 8 30 16
826 524 10 59 16
826 89 9 45 6
827 1202 10 0 26
827 884 8 38 21
827 675 9 26 16
827 382 8 7 11
828 1195 9 2 26
828 858 8 53 21
829 544 10 31 16
829 1179 9 23 26
829 119 8 31 6
830 585 9 25 16
830 534 10 16 16
830 840 8 39 21
830 773 10 37 21
830 188 9 37 6
830 696 9 14 16
830 1029 10 30 26
830 68 9 26 6
831 1183 9 15 26
831 354 8 33 11
831 559 9 20 16
831 1010 11 49 21
831 917 9 1 21
832 923 9 10 21
832 584 8 26 16
832 1002 11 28 26
832 860 8 21 21
832 144 8 52 6
834 1173 9 52 26
834 855 8 52 21
836 718 10 51 16
836 1200 9 37 26
836 136 8 52 6
836 1231 10 21 26
838 1066 9 4 26
838 386 8 59 11
838 547 9 23 16
839 805 9 49 21
839 90 8 23 6
839 1085 8 38 26
840 1051 9 12 26
840 815 9 48 21
840 72 9 47 6
842 673 8 44 16
842 1196 9 18 26
842 1130 8 24 26
842 119 8 58 6
844 18 10 40 6
844 31 10 42 6
844 92 8 13 6
845 1248 11 6 26
845 590 8 3 16
845 710 10 54 16
845 149 8 7 6
846 992 11 5 21
846 581 8 21 16
846 723 10 27 16
846 1015 10 26 26
847 849 8 5 21
847 279 10 19 11
847 814 9 10 21
847 139 8 48 6
848 146 8 57 6
849 221 10 3 6
849 415 8 9 11
849 748 11 53 16
849 631 7 54 16
850 278 10 24 11
851 72 8 42 6
851 961 9 9 21
851 728 10 55 16
851 87 8 46 6
851 760 10 50 21
852 694 9 42 16
852 238 10 30 6
852 62 9 8 6
852 8 10 58 6
852 1044 9 28 26
852 499 11 40 11
852 374 7 40 11
853 1171 8 33 26
853 434 9 46 11
853 92 8 35 6
853 900 8 20 21
853 919 8 45 21
854 408 8 32 11
854 993 10 41 21
855 527 10 13 16
855 215 10 51 6
855 704 9 38 16
856 217 10 24 6
856 672 8 1 16
856 665 8 26 16
857 964 10 13 21
857 562 9 56 16
857 949 9 27 21
858 819 8 6 21
858 670 8 43 16
858 1190 9 51 26
858 240 10 40 6
860 80 8 52 6
860 1104 7 46 26
860 412 8 27 11
861 295 9 42 11
862 902 7 20 21
862 346 8 57 11
863 278 10 42 11
863 1095 8 10 26
863 759 10 18 21
863 571 8 23 16
863 1135 7 51 26
864 555 9 43 16
864 427 8 9 11
865 523 10 18 16
865 432 8 3 11
865 351 7 55 11
865 562 9 51 16
865 403 7 36 11
867 57 9 0 6
867 157 8 42 6
867 405 8 14 11
867 1120 7 24 26
868 489 10 43 11
868 734 10 32 16
869 619 7 30 16
870 1100 7 32 26
870 508 10 59 16
871 176 8 36 6
873 100 7 15 6
873 12 10 43 6
874 1040 9 17 26
874 473 10 7 11
874 28 10 21 6
874 937 9 36 21
875 844 8 42 21
875 303 9 34 11
876 1128 7 25 26
877 570 8 24 16
877 1077 8 44 26
877 415 8 43 11
877 630 7 39 16
878 905 8 27 21
879 724 10 19 16
879 422 8 49 11
879 788 9 46 21
879 249 11 14 6
879 471 10 36 11
879 400 7 37 11
880 1200 9 51 26
880 730 10 28 16
880 286 9 11 11
880 1242 10 57 26
881 369 7 44 11
881 653 7 46 16
882 783 10 22 21
882 867 7 14 21
882 227 10 18 6
882 511 10 13 16
883 92 8 43 6
883 966 10 33 21
884 1004 11 56 21
884 156 8 52 6
884 751 11 33 16
885 279 10 18 11
885 676 8 28 16
887 134 7 15 6
887 317 8 52 11
887 1142 7 53 26
888 485 10 31 11
888 740 10 28 16
888 167 8 29 6
888 228 10 11 6
889 241 10 56 6
889 136 7 48 6
889 48 9 52 6
890 1099 8 42 26
891 606 7 2 16
891 598 8 20 16
891 383 7 11 11
891 837 8 45 21
892 1177 8 48 26
892 447 9 14 11
892 352 7 35 11
893 350 8 32 11
893 788 9 0 21
893 1012 10 57 26
893 655 8 47 16
894 1048 9 19 26
895 801 9 10 21
895 1060 9 22 26
895 841 8 44 21
896 930 8 7 21
896 838 8 14 21
896 897 8 17 21
897 529 10 17 16
897 744 11 42 21
898 318 9 24 11
898 893 7 1 21
898 1129 7 27 26
899 904 8 48 21
899 1194 9 21 26
900 221 10 56 6
900 500 11 59 11
901 872 7 17 21
901 904 8 36 21
902 1242 11 43 26
902 740 10 51 16
902 1089 8 39 26
903 700 9 3 16
903 1071 9 54 26
903 1149 8 16 26
903 356 8 51 11
904 1134 8 8 26
905 1143 8 51 26
906 1158 8 23 26
906 268 10 1 11
906 187 9 48 6
906 327 8 2 11
906 764 10 12 21
907 167 8 51 6
907 214 10 24 6
908 343 8 56 11
908 467 10 50 11
908 360 8 30 11
909 1112 8 6 26
909 896 8 7 21
909 1214 10 12 26
911 942 9 22 21
911 458 10 0 11
912 976 10 32 21
912 547 9 10 16
913 940 9 13 21
913 1200 9 28 26
913 288 10 9 11
913 36 10 31 6
914 1238 10 5 26
914 943 9 52 21
914 159 8 14 6
915 1098 8 36 26
915 783 10 55 21
916 908 8 9 21
916 256 11 52 6
917 679 9 38 16
917 344 8 9 11
917 685 9 36 16
917 752 11 54 21
917 31 10 10 6
919 398 8 24 11
919 1152 8 48 26
919 1181 9 22 26
919 92 8 15 6
919 113 8 13 6
919 729 10 11 16
920 363 8 5 11
920 403 8 35 11
920 805 9 17 21
920 1162 8 4 26
921 891 8 40 21
921 153 8 31 6
921 1177 9 56 26
922 865 8 12 21
922 261 11 42 11
922 564 9 10 16
923 337 9 40 11
923 708 10 43 16
923 594 8 33 16
923 279 10 37 11
924 828 9 28 21
924 908 8 39 21
924 1014 11 13 21
924 1010 11 15 21
925 738 11 48 21
925 445 9 58 11
925 1232 10 54 26
925 276 10 50 11
926 732 10 34 16
926 891 8 48 21
926 724 10 52 16
927 843 9 50 21
927 1084 9 36 26
927 1228 10 7 26
928 1214 10 58 26
928 1135 8 41 26
929 179 9 18 6
929 1205 10 55 26
929 1052 10 17 26
929 1164 9 27 26
929 1137 8 52 26
929 167 9 57 6
930 266 11 58 11
930 1145 8 48 26
931 772 10 1 21
932 241 11 32 6
932 782 10 50 21
932 959 10 41 21
933 721 10 16 16
933 701 10 15 16
933 157 9 19 6
934 1015 11 44 26
934 14 11 55 6
934 471 10 24 11
934 377 8 59 11
934 74 9 35 6
934 711 10 22 16
935 253 11 45 6
935 147 9 17 6
935 405 9 56 11
935 448 10 25 11
936 1207 10 10 26
936 1074 9 39 26
936 53 10 54 6
937 216 10 17 6
937 1193 10 37 26
938 817 9 35 21
938 192 10 27 6
938 402 9 32 11
939 54 10 44 6
939 904 9 54 21
940 486 11 24 11
940 719 10 33 16
941 13 11 44 6
942 537 10 5 16
942 736 11 34 16
942 526 10 17 16
943 273 11 47 11
943 933 9 8 21
943 443 10 33 11
943 262 11 3 11
944 763 11 19 21
946 660 9 9 16
946 167 9 50 6
946 1041 10 43 26
946 941 10 8 21
947 1059 10 25 26
947 156 9 6 6
947 815 10 46 21
947 274 11 43 11
947 265 11 54 11
949 500 11 11 16
949 1010 11 45 26
949 444 10 33 11
949 829 9 5 21
950 178 10 2 6
950 865 9 10 21
950 1250 11 33 26
950 1175 10 21 26
951 986 11 43 21
951 617 9 9 16
951 1036 10 15 26
951 310 10 59 11
952 532 11 35 16
952 585 9 59 16
952 1183 10 4 26
953 724 11 1 16
953 819 10 8 21
953 325 10 52 11
954 334 9 9 11
954 836 9 41 21
954 461 10 55 11
954 1191 10 28 26
955 747 11 50 16
955 1205 10 45 26
956 839 9 4 21
956 1150 9 51 26
956 708 10 2 16
956 1227 11 10 26
958 879 9 29 21
958 11 11 37 6
959 169 10 56 6
960 1117 9 40 26
960 304 10 14 11
961 117 9 30 6
961 1247 11 38 26
962 96 10 8 6
962 1191 10 32 26
962 556 10 3 16
963 684 10 29 16
964 40 11 7 6
964 423 10 12 11
964 484 11 44 11
965 933 10 7 21
966 544 11 39 16
966 753 12 36 16
966 1049 10 11 26
966 31 11 41 6
966 157 10 44 6
967 1096 10 3 26
967 270 11 42 11
968 586 10 18 16
968 1088 10 50 26
968 1064 10 3 26
968 12 11 8 6
968 848 10 27 21
969 543 11 7 16
970 880 10 51 21
970 41 11 30 6
971 753 12 17 21
971 581 10 20 16
972 64 10 59 6
973 1093 10 13 26
974 179 10 53 6
974 333 10 14 11
974 1112 10 35 26
974 925 10 23 21
975 25 11 22 6
975 174 10 8 6
976 143 10 26 6
976 382 10 52 11
976 992 12 7 21
976 933 10 30 21
976 1034 11 28 26
977 428 10 14 11
977 741 12 10 16
978 538 11 56 16
978 923 10 26 21
979 301 11 43 11
979 823 10 41 21
980 1214 11 29 26
980 682 10 25 16
981 46 11 51 6
981 626 10 12 16
982 697 11 28 16
982 1120 10 51 26
982 1093 10 39 26
982 878 10 35 21
983 366 10 43 11
984 174 10 1 6
984 794 11 44 21
984 471 11 55 11
984 198 11 1 6
984 946 11 50 21
985 355 10 48 11
985 319 11 7 11
985 313 11 25 11
985 243 12 3 11
985 698 11 21 16
986 990 12 25 21
986 15 12 29 6
986 488 12 13 16
986 217 11 33 6
987 1224 11 0 26
987 149 10 34 6
987 325 11 39 11
988 703 11 2 16
988 897 10 30 21
988 135 10 5 6
988 260 12 45 6
990 247 12 3 6
990 550 11 27 16
990 109 10 10 6
990 1199 11 54 26
990 311 11 39 11
991 1219 11 39 26
992 974 12 46 21
992 776 12 18 21
992 650 10 6 16
994 429 11 21 11
994 613 10 20 16
995 790 11 51 21
995 289 11 16 11
995 928 11 13 21
995 652 11 41 16
996 560 11 57 16
996 450 11 20 11
996 629 11 58 16
996 720 12 0 16
997 379 11 33 11
997 1193 11 16 26
998 1195 11 22 26
998 98 11 39 6
998 981 12 41 21
998 972 12 22 21
999 460 12 13 11
999 162 11 20 6
1000 666 11 24 16
1000 26 12 35 6
1001 91 11 18 6
1001 988 12 1 21
1002 60 11 31 6
1002 488 12 45 11
1002 138 11 11 6
1002 1047 11 25 26
1003 803 11 16 21
1003 1094 11 42 26
1003 963 12 3 21
1003 467 12 26 11
1003 732 12 41 16
1004 1060 11 24 26
1004 832 11 38 21
1004 785 12 32 21
1005 764 12 33 21
1005 172 11 51 6
1005 1029 12 5 26
1006 831 11 22 21
1007 949 11 3 22
1007 994 12 55 21
1007 143 10 14 7
1008 518 12 37 16
1008 328 11 11 11
1008 19 12 36 6
1008 751 12 16 17
1008 591 11 44 16
1008 1186 11 50 27
1008 630 10 21 17
1009 1003 12 5 22
1009 1057 11 6 27
1009 73 11 56 6
1010 716 11 23 17
1010 275 12 7 11
1010 955 11 27 22
1011 313 11 0 11
1011 1209 11 11 27
1012 316 11 45 12
1013 1062 11 8 27
1013 590 10 45 17
1013 180 11 40 6
1014 530 11 34 17
1015 31 11 26 7
1015 419 10 57 12
1015 1065 11 13 27
1015 404 10 58 12
1015 1141 10 30 27
1015 1138 10 56 27
1016 760 12 55 17
1017 705 11 44 17
1017 9 12 52 7
1017 122 10 51 7
1017 657 10 50 17
1017 577 10 29 17
1017 5 12 54 7
1018 62 11 19 7
1018 593 10 37 17
1019 145 10 39 7
1019 121 10 9 7
1019 874 10 50 22
1020 731 11 36 17
1020 1049 11 8 27
1020 845 10 38 22
1021 931 10 51 22
1021 146 10 7 7
1021 859 10 6 22
1021 920 10 51 22
1022 42 11 18 7
1022 293 11 43 12
1022 521 11 51 17
1022 703 11 4 17
1022 996 12 23 22
1022 122 10 17 7
1024 1103 10 22 27
1025 828 10 20 22
1025 1100 10 30 27
1025 391 10 13 12
1025 318 10 42 12
1025 1170 10 19 27
1026 388 10 8 12
1026 1132 10 18 27
1027 141 10 11 7
1028 1207 11 51 27
1029 800 11 9 22
1030 14 11 32 7
1030 813 10 46 22
1031 797 11 28 22
1031 529 11 1 17
1031 1205 11 17 27
1032 986 11 29 22
1032 115 10 51 7
1033 190 10 53 7
1033 593 10 37 17
1034 858 10 29 22
1034 96 10 44 7
1034 62 10 45 7
1035 994 11 27 22
1035 63 10 27 7
1036 586 10 55 17
1036 389 10 2 12
1037 733 11 18 17
1037 68 10 51 7
1037 535 11 26 17
1037 66 10 35 7
1038 896 9 14 22
1038 511 11 38 17
1038 101 10 58 7
1040 1137 9 27 27
1041 110 9 21 7
1041 224 11 17 7
1041 776 11 27 22
1042 312 10 39 12
1042 190 10 20 7
1042 490 11 19 12
1043 519 11 48 17
1043 372 9 44 12
1043 1188 10 57 27
1044 1185 10 8 27
1044 345 9 37 12
1044 11 11 14 7
1044 127 9 38 7
1045 722 11 20 17
1046 450 10 7 12
1046 1071 10 7 27
1046 1205 10 41 27
1046 1020 11 51 27
1046 532 11 52 17
1047 1212 10 9 27
1047 437 10 18 12
1047 813 10 40 22
1047 978 11 11 22
1048 270 11 28 12
1048 63 10 31 7
1048 1223 11 29 27
1048 1203 10 3 27
1048 633 9 37 17
1048 1128 9 8 27
1048 71 10 53 7
1048 414 9 56 12
1048 1006 11 21 27
1049 128 9 2 7
1050 303 10 16 12
1050 956 10 52 22
1052 643 9 22 17
1052 1124 9 35 27
1052 738 11 33 17
1053 811 10 58 22
1053 1172 9 24 27
1053 690 10 41 17
1054 714 10 35 17
1054 596 9 30 17
1054 407 9 19 12
1054 258 11 55 12
1055 971 10 37 22
1055 1245 11 27 27
1055 1199 10 37 27
1055 429 9 20 12
1055 230 11 11 7
1055 838 9 38 22
1055 670 9 30 17
1056 1052 10 43 27
1056 1162 9 41 27
1057 952 10 50 22
1057 296 10 7 12
1057 448 10 3 12
1059 1052 10 53 27
1060 682 9 44 17
1060 1211 10 3 27
1060 157 9 47 7
1061 474 10 33 12
1062 1136 9 24 27
1063 913 9 49 22
1063 951 10 49 22
1064 862 9 16 22
1064 1002 11 4 27
1065 46 10 16 7
1065 500 11 49 12
1066 773 10 54 22
1066 957 10 32 22
1066 1018 11 31 27
1067 122 8 22 7
1067 963 10 2 22
1067 63 9 42 7
1067 29 10 17 7
1067 1215 10 39 27
1067 548 10 1 17
1068 315 9 46 12
1069 524 10 51 17
1069 1056 9 5 27
1069 1167 9 16 27
1070 586 9 13 17
1070 1061 9 48 27
1070 551 10 50 17
1070 574 9 3 17
1071 118 8 55 7
1071 532 10 53 17
1071 529 10 48 17
1071 852 8 32 22
1072 922 9 56 22
1073 1004 11 27 27
1073 82 9 57 7
1073 315 9 20 12
1073 504 11 9 12
1074 702 10 46 17
1074 745 11 28 17
1074 300 10 5 12
1075 706 10 54 17
1075 621 8 18 17
1075 830 9 59 22
1075 750 11 26 17
1076 300 9 41 12
1077 1224 10 21 27
1077 745 11 28 17
1078 168 9 15 7
1078 1247 11 31 27
1079 214 10 59 7
1079 1247 11 9 27
1081 1166 9 9 27
1081 480 10 42 12
1081 424 9 14 12
1081 303 9 26 12
1082 913 8 55 22
1083 693 9 54 17
1084 277 10 16 12
1085 672 9 50 17
1086 780 10 42 22
1086 343 8 1 12
1086 860 8 38 22
1086 933 9 6 22
1087 913 8 57 22
1087 1243 11 58 27
1087 677 9 3 17
1087 988 10 9 22
1087 251 11 7 12
1088 998 11 41 22
1088 363 8 37 12
1088 1092 8 12 27
1088 1166 8 27 27
1088 1165 8 47 27
1088 638 8 3 17
1089 616 8 53 17
1089 806 9 20 22
1089 309 9 25 12
1090 416 8 13 12
1090 222 10 36 7
1090 1121 8 56 27
1092 253 11 4 7
1092 786 10 37 22
1092 1130 8 57 27
1092 771 10 46 22
1093 698 9 43 17
1093 697 9 23 17
1094 1030 10 33 27
1094 794 9 37 22
1095 672 8 31 17
1095 337 8 23 12
1096 725 10 11 17
1096 1055 9 24 27
1097 4 11 53 7
1097 116 7 17 7
1097 828 8 21 22
1098 767 10 51 22
1098 347 8 12 12
1098 688 9 22 17
1098 563 9 50 17
1100 991 10 53 22
1100 1236 10 52 27
1100 584 8 2 17
1100 503 11 20 12
1100 971 10 39 22
1100 645 8 6 17
1101 1013 10 5 27
1101 316 9 52 12
1101 613 7 23 17
1102 478 10 10 12
1102 210 9 20 7
1102 305 9 11 12
1102 1056 9 14 27
1103 11 10 57 7
1103 516 10 8 17
1103 932 9 0 22
1103 645 7 40 17
1104 1070 8 24 27
1105 37 10 25 7
1105 745 11 17 17
1105 657 8 47 17
1105 158 8 40 7
1106 725 10 21 17
1107 410 8 12 12
1108 195 9 26 7
1108 355 7 38 12
1109 356 7 25 12
1109 519 10 17 17
1109 25 10 51 7
1110 808 9 40 22
1110 411 8 0 12
1111 732 10 36 17
1111 382 7 32 12
1111 782 10 54 22
1112 245 11 57 7
1113 326 8 3 12
1114 890 7 52 22
1115 662 8 54 17
1116 199 9 55 7
1116 242 10 15 7
1116 877 7 5 22
1117 99 7 15 7
1118 377 7 26 12
1118 315 9 19 12
1118 49 9 4 7
1118 599 7 27 17
1119 1060 9 12 27
1119 684 8 44 17
1120 1064 9 43 27
1120 921 8 29 22
1120 1221 10 54 27
1121 1039 9 30 27
1121 304 9 10 12
1122 1246 11 15 27
1122 236 10 34 7
1122 610 7 36 17
1123 920 8 53 22
1123 875 7 0 22
1124 1054 9 45 27
1124 1054 9 36 27
1124 1139 7 40 27
1125 697 9 45 17
1126 125 7 13 7
1126 782 10 4 22
1127 875 7 40 22
1127 978 10 2 22
1127 1122 7 7 27
1127 671 8 24 17
1128 1062 9 56 27
1128 96 7 55 7
1128 665 8 40 17
1128 956 9 53 22
1129 224 10 2 7
1129 1158 8 58 27
1129 1008 10 5 27
1130 228 10 7 7
1130 1002 11 17 22
1130 705 9 9 17
1130 136 7 51 7
1130 73 8 0 7
1132 326 8 38 12
1134 89 8 37 7
1134 252 11 31 7
1135 730 10 40 17
1135 748 11 52 17
1135 1234 10 5 27
1135 314 9 16 12
1135 1230 10 38 27
1136 467 10 57 12
1136 956 9 54 22
1136 1210 9 14 27
1136 1016 10 29 27
1136 216 10 39 7
1136 305 9 27 12
1137 611 7 33 17
1137 952 9 11 22
1137 1136 7 21 27
1137 855 7 33 22
1137 217 10 28 7
1138 940 9 18 22
1138 892 7 28 22
1139 1136 7 8 27
1139 219 10 11 7
1139 352 7 22 12
1140 660 8 58 17
1140 548 9 8 17
1140 432 8 29 12
1140 679 8 16 17
1140 335 8 17 12
1141 1150 7 13 27
1141 233 10 8 7
1141 286 10 56 12
1141 457 9 50 12
1141 119 7 39 7
1142 57 9 36 7
1142 109 7 35 7
1142 489 10 37 12
1142 984 10 45 22
1142 1207 9 13 27
1143 1052 9 34 27
1144 230 10 39 7
1144 981 10 19 22
1145 214 10 56 7
1146 479 10 10 12
1146 870 7 39 22
1147 1137 7 29 27
1147 189 9 14 7
1148 53 9 0 7
1148 1138 7 54 27
1148 21 10 42 7
1149 649 8 18 17
1149 689 9 22 17
1149 1028 10 42 27
1149 1182 9 22 27
1150 695 9 37 17
1150 413 8 32 12
1150 474 10 22 12
1151 1116 7 6 27
1151 731 10 40 17
1151 198 9 40 7
1152 444 9 19 12
1152 256 11 49 7
1153 929 9 28 22
1153 916 8 2 22
1153 716 10 28 17
1153 84 8 56 7
1153 1096 8 37 27
1154 1172 8 57 27
1154 235 10 41 7
1154 265 10 50 12
1154 251 11 32 7
1155 480 10 12 12
1155 471 10 1 12
1155 106 8 28 7
1156 879 8 15 22
1156 1064 9 40 27
1157 815 9 49 22
1158 1099 8 21 27
1158 719 10 41 17
1158 876 8 44 22
1158 358 8 3 12
1158 495 11 51 12
1158 1116 8 58 27
1158 996 11 37 22
1158 873 8 5 22
1159 361 8 35 12
1159 645 8 1 17
1160 810 9 28 22
1160 990 11 34 22
1160 52 9 42 7
1160 880 8 0 22
1161 484 10 53 12
1161 289 10 31 12
1161 637 8 28 17
1161 1225 10 47 27
1162 282 10 51 12
1162 311 9 24 12
1163 946 9 24 22
1163 934 9 49 22
1163 445 9 6 12
1163 1198 9 6 27
1164 484 10 13 12
1164 354 8 10 12
1164 77 9 8 7
1164 29 10 33 7
1165 803 9 25 22
1165 820 9 40 22
1165 590 8 22 17
1166 485 10 46 12
1166 902 8 13 22
1166 81 9 58 7
1167 227 10 41 7
1167 943 9 5 22
1167 898 8 49 22
1167 840 8 10 22
1168 454 9 2 12
1168 236 10 24 7
1168 680 9 12 17
1169 903 8 22 22
1169 98 8 50 7
1169 916 9 54 22
1170 1059 9 22 27
1171 423 9 36 12
1171 999 11 25 22
1171 241 11 42 7
1172 1095 8 23 27
1172 745 11 16 22
1173 1234 10 7 27
1173 679 9 48 17
1174 631 8 57 17
1174 35 10 5 7
1174 90 9 54 7
1174 990 11 10 27
1174 334 9 15 12
1175 358 8 54 12
1175 66 9 43 7
1176 356 8 33 12
1177 953 10 35 22
1177 49 10 58 7
1177 1031 10 11 27
1177 621 8 48 17
1177 1070 9 56 27
1177 1028 10 53 27
1178 510 11 45 17
1178 1114 8 45 27
1178 107 8 55 7
1179 687 9 40 17
1179 1237 11 2 27
1179 198 10 7 7
1179 1161 9 54 27
1180 265 11 44 12
1181 676 9 53 17
1181 133 8 17 7
1182 909 9 20 22
1182 602 9 10 17
1182 930 9 59 22
1183 603 9 44 17
1183 1073 9 27 27
1183 763 11 58 17
1184 912 9 32 22
1184 886 9 16 22
1184 721 10 3 17
1186 745 11 18 17
1187 582 9 27 17
1187 273 10 11 12
1187 603 9 5 17
1187 646 9 10 17
1188 60 10 36 7
1188 902 9 40 22
1189 595 9 8 17
1189 784 10 47 22
1189 1128 9 20 27
1190 506 11 57 17
1190 661 9 32 17
1190 736 11 58 17
1191 1115 9 34 27
1191 910 9 28 22
1192 156 9 38 7
1192 652 9 36 17
1192 602 9 27 17
1192 1035 10 32 27
1192 63 10 21 7
1193 731 11 21 17
1193 360 9 41 12
1193 818 9 41 22
1193 380 9 31 12
1194 769 11 33 22
1194 539 10 17 17
1195 592 9 50 17
1196 424 9 23 12
1196 402 9 49 12
1196 942 10 7 22
1197 1191 10 27 27
1197 218 10 0 7
1197 588 9 34 17
1197 182 10 30 7
1198 448 10 5 12
1198 189 10 36 7
1199 506 11 6 17
1199 295 10 37 12
1199 853 9 45 22
1199 634 9 45 17
1200 969 11 49 22
1200 390 9 34 12
1201 44 10 18 7
1202 723 11 47 17
1202 133 9 8 7
1202 209 10 38 7
1202 852 9 17 22
1203 153 9 45 7
1204 688 10 5 17
1204 15 11 42 7
1204 780 11 58 22
1204 561 10 18 17
1205 730 11 15 17
1205 227 11 31 7
1205 436 10 50 12
1207 496 11 48 12
1207 1171 10 49 27
1207 601 9 32 17
1207 244 11 12 7
1208 661 10 30 17
1208 455 10 39 12
1209 435 10 31 12
1209 1178 10 22 27
1209 951 10 5 22
1210 1189 10 53 27
1210 953 10 19 22
1211 735 11 42 17
1211 822 10 51 22
1211 666 10 56 17
1211 734 11 19 17
1211 210 11 28 7
1212 586 10 46 17
1212 638 9 53 17
1212 424 10 38 12
1213 585 10 25 17
1213 704 10 1 17
1213 965 11 16 22
1213 688 10 43 17
1213 928 10 38 22
1213 1022 11 14 27
1213 492 11 25 12
1213 1110 9 28 27
1213 1118 9 32 27
1214 665 10 40 17
1214 35 11 0 7
1214 1211 11 14 27
1215 493 11 21 12
1215 359 10 41 12
1215 235 11 47 7
1215 866 10 25 22
1216 800 10 3 22
1216 102 10 18 7
1217 345 10 48 12
1217 1230 11 18 27
1217 1021 11 24 27
1218 801 10 41 22
1218 920 10 37 22
1218 799 11 6 22
1219 222 11 24 7
1219 115 10 26 7
1220 1180 10 25 27
1220 95 10 52 7
1220 564 10 12 17
1220 894 10 10 22
1220 620 10 31 17
1221 54 10 29 7
1221 861 10 11 22
1222 527 11 39 17
1222 44 11 12 7
1222 726 11 50 17
1223 333 10 53 12
1223 1062 10 29 27
1224 1044 11 18 27
1224 723 11 18 17
1224 15 11 2 7
1225 325 10 10 12
1225 18 11 24 7
1225 446 11 23 12
1225 55 11 43 7
1225 239 12 3 7
1227 921 10 40 22
1227 486 12 47 12
1227 910 10 22 22
1227 167 10 28 7
1228 772 11 57 22
1228 855 10 38 22
1228 80 10 1 7
1229 952 11 34 22
1230 1125 10 44 27
1230 1120 10 25 27
1231 459 11 0 12
1231 363 10 1 12
1231 1114 10 9 27
1231 752 12 4 17
1232 1205 11 11 27
1232 920 10 32 22
1233 827 10 34 22
1233 585 10 14 17
1234 1038 11 12 27
1234 589 10 38 17
1235 324 11 4 12
1236 775 11 57 22
1236 44 11 8 7
1237 363 10 15 12
1237 916 10 7 22
1238 441 11 10 12
1238 974 12 17 22
1239 259 12 24 7
1239 1092 10 25 27
1239 1052 11 1 27
1240 381 10 27 12
1240 665 11 5 17
1241 568 11 40 17
1241 725 12 41 17
1241 564 11 33 17
1244 327 11 37 12
1244 874 10 19 22
1245 250 12 26 7
1245 575 11 11 17
1246 1134 11 3 27
1246 357 11 43 12
1246 398 11 4 12
1246 419 11 56 12
1246 1250 12 52 27
1247 968 12 0 22
1248 730 12 59 17
1248 647 11 17 17
1249 1040 12 26 27
1249 986 12 14 22
1250 122 11 29 7
1250 166 11 5 7
