SF7_COMM_RANGE = 30
VERTEX_NUM = 200
MAP_WIDTH = 1250
MAP_LENGTH = 1250
Total links = 42
Capital delta = 3
SF1112 % = 27
# of outliers = 0
DATA PERIOD = 60
------------------------------
x  y  SF  phase which_gateway: 
7 16 12 52 3
11 984 12 11 18
16 1091 10 10 23
23 796 11 38 18
26 384 10 47 8
32 1020 11 36 23
33 626 10 9 13
39 696 10 24 13
41 312 10 9 8
44 726 11 45 13
51 566 10 30 13
51 311 10 39 8
57 955 10 51 18
57 1090 9 3 23
58 95 9 42 3
89 324 9 48 8
106 11 10 53 3
112 474 10 44 8
112 394 7 16 8
132 199 9 54 3
133 674 8 19 13
143 1230 10 4 23
149 947 9 11 18
160 1178 9 7 23
165 940 9 43 18
166 48 9 1 3
174 761 11 9 13
180 360 8 41 8
188 1020 11 29 23
196 817 10 28 18
206 1235 11 48 23
214 321 10 22 8
221 219 11 39 3
222 765 11 58 18
223 423 10 52 8
226 512 12 19 13
231 410 10 26 8
241 762 12 1 18
248 804 11 43 18
253 575 11 35 13
254 373 11 38 8
255 502 12 5 9
277 976 11 6 19
279 1180 10 29 24
283 204 11 0 4
288 938 10 41 19
295 786 10 18 19
296 1198 10 45 24
296 558 10 25 14
299 532 11 26 14
304 766 11 39 19
313 390 9 36 9
321 974 10 30 19
338 125 8 42 4
346 673 8 36 14
355 781 10 5 19
355 474 10 43 9
355 462 9 45 9
358 344 8 38 9
360 344 8 13 9
367 1030 10 13 24
367 183 8 27 4
372 482 10 27 9
373 721 10 44 14
378 376 7 25 9
379 640 7 19 14
382 777 10 3 19
389 891 7 44 19
394 373 7 12 9
395 931 8 38 19
416 198 9 19 4
434 1153 9 50 24
451 684 10 43 14
456 521 11 18 14
462 519 11 11 14
468 252 12 35 4
471 427 10 59 9
476 976 11 21 19
503 970 12 20 19
515 527 11 16 15
528 1172 10 48 25
532 275 11 0 10
534 532 11 45 15
540 1101 9 10 25
544 459 10 42 10
560 1198 10 21 25
577 889 8 16 20
581 888 8 18 20
630 378 7 6 10
630 951 9 46 20
645 346 8 31 10
652 419 8 11 10
656 1008 11 13 20
660 726 10 50 15
661 231 10 55 5
662 281 10 31 10
665 871 8 1 20
666 408 8 51 10
679 179 9 15 5
680 1190 9 13 25
685 462 10 21 10
688 71 9 26 5
696 74 9 55 5
700 651 9 57 15
708 696 10 44 15
711 622 9 58 15
720 403 10 32 10
722 305 10 43 10
730 980 11 20 20
735 465 11 53 10
756 1161 11 52 25
756 461 11 0 11
771 239 12 45 6
778 606 10 37 16
791 87 10 2 6
805 890 9 19 21
806 145 9 58 6
810 736 11 10 16
816 262 11 29 6
816 608 9 56 16
825 60 9 57 6
834 1102 8 0 26
840 1035 10 7 26
842 626 8 10 16
843 665 8 42 16
844 667 8 54 16
852 1176 8 41 26
853 726 10 43 16
855 688 9 45 16
859 1021 10 48 26
863 1204 9 56 26
868 957 9 59 21
870 105 7 15 6
874 410 8 43 11
883 670 8 56 16
885 15 10 59 6
893 637 7 42 16
937 665 9 28 16
941 646 9 35 16
942 691 10 54 16
945 680 9 13 16
951 457 10 27 11
952 727 11 54 16
954 1128 9 50 26
961 382 9 56 11
973 44 11 48 6
974 1244 12 2 26
975 1022 11 54 26
978 889 10 59 21
980 959 11 31 21
980 1240 12 50 26
986 445 11 56 11
998 616 11 24 16
1000 429 11 49 11
1001 568 11 6 16
1003 475 12 6 11
1011 156 10 43 7
1013 47 11 40 7
1016 1102 10 50 27
1020 813 11 21 22
1023 783 11 20 22
1025 805 11 38 22
1040 534 11 20 17
1042 133 9 35 7
1043 196 10 22 7
1044 580 10 16 17
1051 1011 11 27 27
1054 214 10 56 7
1066 603 9 36 17
1078 716 10 54 17
1079 603 8 50 17
1080 274 10 42 12
1089 590 8 13 17
1098 924 8 36 22
1119 385 7 32 12
1123 541 9 9 17
1126 635 7 24 17
1132 533 10 34 17
1133 1035 10 55 27
1134 414 8 23 12
1137 642 7 6 17
1138 812 9 37 22
1145 613 7 19 17
1146 97 8 30 7
1147 862 7 26 22
1152 1023 10 18 27
1154 1227 10 28 27
1155 484 10 1 12
1157 566 9 50 17
1157 1160 8 18 27
1169 170 9 22 7
1171 109 8 10 7
1177 790 10 57 22
1213 800 10 34 22
1213 1084 10 46 27
1217 930 10 11 22
1219 1141 10 42 27
1222 659 10 5 17
1227 670 10 7 17
1242 191 11 11 7
