SF7_COMM_RANGE = 30
VERTEX_NUM = 300
MAP_WIDTH = 1250
MAP_LENGTH = 1250
Total links = 78
Capital delta = 3
SF1112 % = 26
# of outliers = 0
DATA PERIOD = 60
------------------------------
x  y  SF  phase which_gateway: 
7 1211 11 41 23
10 1101 10 26 23
11 530 11 58 13
13 939 11 17 18
15 510 12 38 8
18 987 12 3 18
18 373 10 58 8
27 780 11 54 18
35 1033 11 6 23
37 1018 11 14 23
40 43 10 39 3
44 944 10 3 18
49 670 9 13 13
50 880 9 40 18
56 1187 10 5 23
57 336 9 27 8
58 553 10 3 13
64 790 10 3 18
71 863 8 47 18
71 414 9 11 8
79 352 8 44 8
82 1017 10 37 23
82 276 10 14 8
92 346 8 57 8
93 681 9 27 13
101 1094 8 36 23
105 257 10 17 8
113 443 9 26 8
118 401 7 32 8
120 39 9 54 3
120 763 10 51 18
123 366 7 13 8
138 1225 10 12 23
143 437 9 50 8
146 518 10 31 13
147 388 7 43 8
159 783 10 45 18
162 1189 9 21 23
165 440 9 29 8
166 30 10 52 3
167 518 10 35 13
172 248 11 1 3
180 1116 8 47 23
180 918 9 40 18
188 326 9 41 8
190 55 10 44 3
192 238 11 8 3
193 211 10 36 3
207 647 9 48 13
208 604 9 47 13
215 974 11 47 18
219 991 11 24 18
221 509 12 17 8
222 295 11 53 8
226 1200 11 22 23
230 1042 11 44 23
245 546 11 29 13
248 352 11 31 8
249 300 11 11 8
256 135 10 53 4
261 848 10 17 19
261 868 10 2 19
266 1018 12 7 19
269 636 10 30 14
277 279 11 44 9
279 242 12 30 4
282 1238 11 13 24
296 512 11 30 14
297 771 11 51 19
297 913 9 42 19
298 183 10 22 4
302 98 9 18 4
304 791 10 35 19
308 316 9 1 9
308 312 10 59 9
309 1127 9 16 24
313 779 10 46 19
319 195 9 59 4
338 329 8 44 9
339 404 8 34 9
344 582 8 46 14
346 656 8 31 14
346 33 10 58 4
362 865 7 3 19
363 878 7 24 19
371 1007 10 12 24
378 889 7 40 19
380 565 9 46 14
381 78 8 44 4
389 97 8 51 4
401 211 9 39 4
402 1049 9 53 24
404 119 7 45 4
404 1231 10 38 24
408 421 8 23 9
408 1098 8 30 24
409 607 8 8 14
411 316 9 28 9
413 518 10 52 14
415 159 8 51 4
419 88 8 3 4
421 52 9 6 4
428 473 10 10 9
430 17 11 38 4
448 286 10 7 9
453 536 10 9 14
460 513 11 47 14
460 358 9 53 9
467 379 10 8 9
469 118 10 31 4
481 538 11 19 14
482 892 10 46 19
486 510 12 3 9
497 165 11 18 4
500 487 12 42 9
500 266 12 19 9
516 969 11 22 20
518 1192 11 22 25
520 786 11 57 20
521 810 11 58 20
523 620 10 5 15
524 254 12 29 5
524 28 11 52 5
525 1162 10 50 25
526 739 12 7 15
532 647 10 15 15
550 859 9 12 20
550 1177 10 8 25
551 803 10 36 20
555 450 10 56 10
556 1116 9 59 25
561 1077 9 39 25
577 86 9 2 5
584 145 8 1 5
595 912 8 9 20
602 366 7 10 10
608 277 10 2 10
616 1060 9 56 25
616 12 10 55 5
617 100 7 2 5
630 834 8 28 20
632 615 7 15 15
633 885 7 49 20
639 768 10 23 20
645 815 9 25 20
651 1196 9 31 25
666 453 9 34 10
666 270 10 39 10
670 812 9 53 20
676 817 9 32 20
677 573 9 38 15
683 946 10 50 20
683 217 10 1 5
688 530 10 30 15
689 838 9 40 20
690 454 10 0 10
693 553 10 37 15
702 633 9 45 15
706 233 11 8 5
717 229 11 5 5
718 473 11 41 10
723 171 10 0 5
725 585 10 44 15
727 285 11 36 10
737 467 11 1 10
740 96 10 54 5
746 103 11 38 5
747 254 12 56 5
759 914 11 42 21
762 1057 11 33 26
765 799 11 58 21
767 590 10 10 16
785 905 10 40 21
787 197 10 47 6
792 82 10 25 6
801 980 11 57 21
808 484 11 10 11
808 925 9 0 21
810 543 10 37 16
814 871 9 55 21
818 389 8 24 11
821 730 10 7 16
824 1176 9 45 26
825 226 10 17 6
826 811 9 37 21
830 213 10 18 6
831 436 9 17 11
835 916 8 6 21
846 506 11 3 16
853 827 8 18 21
854 118 7 12 6
857 677 8 36 16
860 1216 10 18 26
862 560 9 48 16
866 395 7 12 11
867 300 9 11 11
869 162 8 34 6
872 506 10 42 16
872 266 10 7 11
875 1244 10 17 26
880 190 9 16 6
891 22 10 6 6
892 807 9 19 21
892 134 7 48 6
894 1006 11 45 21
899 518 10 45 16
902 873 7 38 21
903 182 9 48 6
905 1207 9 45 26
908 154 8 7 6
909 785 10 43 21
918 923 9 1 21
931 1190 9 14 26
934 268 11 21 11
942 184 9 18 6
943 379 9 43 11
945 108 9 39 6
947 416 9 27 11
949 1205 10 49 26
954 884 9 34 21
962 967 11 45 21
964 608 10 53 16
972 1139 10 2 26
976 354 10 3 11
982 182 11 42 6
984 992 12 7 21
984 39 11 7 6
986 461 11 16 11
986 649 10 49 16
996 49 11 14 7
997 1073 11 25 26
1007 1154 11 5 26
1009 475 12 12 11
1010 564 11 45 16
1011 942 11 46 22
1012 1172 11 50 26
1014 733 12 30 16
1016 379 10 24 12
1019 459 11 38 12
1025 428 10 7 12
1036 1139 10 23 27
1036 1082 10 13 27
1041 993 11 8 22
1044 696 10 37 17
1045 714 10 34 17
1051 325 9 18 12
1051 1096 9 20 27
1052 73 9 13 7
1057 997 11 45 27
1068 501 11 1 12
1069 525 10 39 17
1070 926 9 31 22
1072 811 9 55 22
1073 212 10 42 7
1075 675 9 26 17
1079 502 11 29 12
1084 1050 9 49 27
1089 156 8 25 7
1094 312 9 37 12
1097 168 8 38 7
1100 1106 8 32 27
1101 587 8 3 17
1106 139 7 36 7
1108 739 10 44 17
1113 433 8 48 12
1117 1127 7 14 27
1118 428 8 26 12
1123 917 8 18 22
1124 128 7 30 7
1130 1180 8 4 27
1136 953 9 17 22
1138 891 7 53 22
1151 722 10 18 17
1151 180 9 25 7
1159 323 9 30 12
1167 104 8 44 7
1170 194 9 35 7
1174 339 9 42 12
1174 610 8 50 17
1176 620 8 20 17
1179 1025 10 43 27
1189 972 10 29 22
1190 1157 9 43 27
1193 1243 11 30 27
1195 465 10 11 12
1204 455 10 2 12
1206 838 9 51 22
1208 936 10 52 22
1211 218 11 27 7
1214 1112 9 29 27
1219 620 10 23 17
1220 840 10 59 22
1221 933 10 32 22
1222 933 10 59 22
1224 10 12 36 7
1228 404 10 12 12
1231 878 10 13 22
1244 544 11 2 17
1246 842 11 30 22
1249 1164 11 43 27
