SF7_COMM_RANGE = 30
VERTEX_NUM = 250
MAP_WIDTH = 1250
MAP_LENGTH = 1250
Total links = 58
Capital delta = 3
SF1112 % = 27.2
# of outliers = 0
DATA PERIOD = 60
------------------------------
x  y  SF  phase which_gateway: 
3 737 12 54 13
4 1166 11 14 23
9 469 11 26 8
13 647 10 19 13
14 909 10 14 18
20 102 10 43 3
20 1148 10 34 23
24 1205 11 42 23
31 367 10 57 8
40 488 11 44 8
46 259 11 43 8
55 928 9 33 18
58 681 9 10 13
68 1198 10 55 23
69 963 10 56 18
76 1174 9 13 23
79 313 9 56 8
95 497 11 19 8
95 1076 8 5 23
97 1146 8 37 23
98 485 10 18 8
99 1195 9 17 23
100 1212 10 54 23
101 747 11 12 13
103 217 10 48 3
104 997 11 57 18
106 27 10 31 3
109 828 8 14 18
119 132 7 30 3
122 449 9 49 8
124 63 9 1 3
126 1073 8 16 23
147 99 8 55 3
148 959 9 20 18
149 262 10 35 8
155 903 8 9 18
158 402 8 3 8
168 592 8 1 13
171 1129 8 44 23
173 1223 10 52 23
175 1213 10 38 23
176 1249 11 27 23
176 533 10 18 13
177 291 10 40 8
179 1088 9 22 23
186 488 11 14 8
189 887 9 53 18
196 988 11 18 18
204 813 10 33 18
207 1064 10 59 23
208 706 10 47 13
212 653 10 44 13
220 220 11 16 3
224 135 10 33 3
229 298 11 56 8
235 91 10 56 3
237 10 12 30 3
238 1131 10 19 23
244 849 11 10 18
246 323 11 52 8
253 839 11 1 18
254 464 12 3 8
262 573 11 0 13
264 1072 11 56 23
272 159 10 23 4
286 359 10 35 9
292 570 10 58 14
297 533 11 26 14
299 194 10 28 4
303 865 9 42 19
304 868 9 11 19
306 874 9 6 19
314 377 9 9 9
315 170 9 29 4
319 92 9 46 4
322 1230 10 23 24
336 1188 9 35 24
343 826 8 32 19
352 616 7 33 14
362 1193 9 8 24
363 99 7 31 4
379 577 8 20 14
385 408 8 44 9
387 394 7 39 9
390 360 7 45 9
394 560 9 33 14
402 4 11 27 4
403 801 9 7 19
407 946 9 52 19
416 481 10 29 9
449 419 9 51 9
454 1231 11 53 24
455 973 11 32 19
456 739 11 51 14
457 261 11 42 9
459 743 11 56 14
460 389 9 18 9
465 1111 10 40 24
468 636 10 14 14
473 866 10 46 19
474 1033 11 14 24
488 724 12 25 14
493 42 11 45 4
498 1231 12 23 24
499 963 12 54 19
505 1081 11 31 24
508 658 11 38 14
517 428 11 21 10
536 112 9 55 5
539 519 11 11 15
553 563 10 22 15
553 68 10 26 5
554 533 10 23 15
555 774 11 6 20
568 457 10 57 10
587 240 11 8 5
595 771 10 39 20
598 477 10 16 10
607 440 9 7 10
607 314 9 24 10
609 468 10 45 10
614 689 9 58 15
621 881 7 9 20
623 1052 9 18 25
629 409 8 41 10
629 265 10 51 10
631 1023 10 6 25
633 726 10 59 15
638 86 8 23 5
646 422 8 20 10
648 1030 10 45 25
651 77 8 37 5
652 91 8 38 5
652 51 9 30 5
652 1036 10 52 25
653 488 10 24 10
653 1059 9 54 25
680 650 9 22 15
693 1217 10 46 25
708 371 9 49 10
721 591 10 33 15
726 943 11 8 20
728 238 12 8 5
729 836 10 56 20
729 935 11 14 20
730 1220 11 57 25
732 570 11 56 15
737 1113 10 46 25
746 1031 12 14 26
763 329 11 3 10
765 914 10 10 21
774 378 10 51 11
774 868 10 53 21
781 132 10 19 6
789 976 11 1 21
816 192 9 34 6
816 1110 9 3 26
828 377 8 7 11
830 267 10 25 11
833 1091 8 18 26
834 870 8 20 21
836 360 8 11 11
839 1108 8 48 26
851 1176 8 50 26
851 34 10 33 6
853 577 8 32 16
853 210 9 14 6
855 240 10 19 6
855 892 7 55 21
862 873 7 0 21
864 3 11 1 6
870 686 9 28 16
870 29 10 0 6
871 1246 11 1 26
887 72 8 17 6
887 975 10 7 21
888 1106 7 58 26
889 665 8 13 16
890 855 7 53 21
905 159 8 4 6
920 553 9 9 16
923 803 9 55 21
924 610 8 48 16
928 376 8 54 11
939 336 9 14 11
939 1187 9 49 26
940 285 10 21 11
944 862 9 9 21
948 1035 10 49 26
954 395 9 46 11
960 1213 11 20 26
963 393 9 9 11
972 952 11 49 21
979 1107 10 8 26
982 1105 10 59 26
984 404 10 15 11
996 124 11 40 6
999 1025 12 5 26
1002 471 12 34 11
1007 1051 11 35 27
1009 589 11 58 16
1012 788 11 27 22
1016 339 10 56 12
1016 94 10 58 7
1022 1145 10 28 27
1024 753 12 5 17
1028 766 11 5 22
1030 170 10 19 7
1033 1146 10 10 27
1039 1078 10 50 27
1041 72 10 23 7
1054 475 11 11 12
1056 92 9 45 7
1060 747 11 3 17
1061 359 9 6 12
1075 741 11 52 22
1085 393 8 53 12
1092 946 9 19 22
1097 455 9 1 12
1107 1100 8 42 27
1110 106 7 5 7
1119 798 9 21 22
1123 1083 8 43 27
1124 68 8 47 7
1128 1169 8 21 27
1130 269 10 42 12
1131 1054 9 2 27
1134 124 7 2 7
1140 1012 10 39 27
1141 989 10 36 22
1149 513 10 29 17
1152 925 8 37 22
1153 272 10 4 12
1157 305 9 17 12
1164 500 11 36 12
1165 555 9 24 17
1166 693 9 22 17
1169 20 10 33 7
1183 531 10 43 17
1190 1112 9 33 27
1197 580 9 24 17
1200 854 9 59 22
1201 164 9 44 7
1204 528 11 9 17
1205 125 9 2 7
1209 505 11 42 17
1213 522 11 1 17
1219 1152 10 55 27
1243 903 11 1 22
1249 377 11 55 12
