SF7_COMM_RANGE = 30
VERTEX_NUM = 300
MAP_WIDTH = 1250
MAP_LENGTH = 1250
Total links = 70
Capital delta = 3
SF1112 % = 27
# of outliers = 0
DATA PERIOD = 60
------------------------------
x  y  SF  phase which_gateway: 
12 201 11 56 3
15 288 11 12 8
15 58 11 3 3
16 1158 10 9 23
28 1020 11 1 23
31 1110 10 55 23
34 672 10 3 13
36 883 9 41 18
37 138 9 45 3
55 500 11 44 13
58 463 10 29 8
61 707 10 12 13
62 1068 9 19 23
62 372 9 35 8
66 127 8 32 3
67 1126 8 11 23
69 464 10 39 8
71 1168 9 23 23
76 1221 10 30 23
79 223 10 26 3
83 631 8 16 13
86 661 8 0 13
88 956 9 48 18
89 130 8 30 3
91 911 8 40 18
93 141 8 38 3
95 535 10 3 13
100 146 8 31 3
103 436 9 35 8
111 792 9 33 18
112 389 7 46 8
114 1112 7 31 23
116 156 8 37 3
116 195 9 41 3
120 857 7 41 18
121 1183 8 39 23
126 1190 9 28 23
127 835 8 36 18
129 724 10 12 13
136 138 7 6 3
136 183 8 20 3
148 901 8 41 18
154 117 8 10 3
156 320 9 31 8
157 941 9 9 18
160 229 10 42 3
163 1041 10 35 23
165 1225 10 40 23
174 172 9 58 3
191 298 10 5 8
193 249 11 7 3
195 744 11 6 13
196 602 9 6 13
198 874 9 55 18
198 97 9 36 3
204 309 10 38 8
204 579 10 25 13
205 931 10 31 18
205 1035 11 10 23
215 537 11 0 13
217 688 10 5 13
223 239 12 48 3
227 804 11 32 18
244 866 10 42 18
248 1017 12 21 23
250 85 11 5 3
252 770 12 13 19
254 821 11 50 18
255 392 11 33 8
257 1179 11 26 23
259 388 10 56 9
265 529 11 53 14
270 374 10 59 9
271 386 10 58 9
276 1092 10 24 24
284 125 10 0 4
285 1047 10 32 24
285 425 10 59 9
296 1025 11 41 24
306 656 9 30 14
311 294 10 5 9
314 802 10 48 19
325 300 10 36 9
327 895 8 3 19
330 114 8 35 4
333 29 10 13 4
335 705 9 41 14
338 1015 10 0 24
339 1128 8 36 24
343 452 9 43 9
346 107 8 52 4
348 988 10 41 19
353 1204 9 23 24
356 76 8 16 4
358 211 9 16 4
365 337 8 45 9
370 861 7 21 19
379 367 7 21 9
382 198 9 27 4
393 803 9 54 19
397 347 8 47 9
402 436 9 15 9
403 156 8 39 4
409 145 8 39 4
411 277 10 13 9
413 123 8 56 4
428 459 10 39 9
437 1185 9 45 24
438 594 9 55 14
441 697 10 20 14
443 575 9 16 14
451 1113 9 52 24
452 1231 11 0 24
461 1112 9 44 24
461 864 9 47 19
463 530 11 27 14
481 244 12 49 4
482 940 11 29 19
487 205 11 19 4
490 398 10 26 9
491 392 10 4 9
492 818 11 12 19
497 278 12 7 9
502 643 11 28 14
512 22 12 28 4
513 684 11 15 15
518 134 10 13 5
520 5 12 42 5
520 1028 11 37 25
542 1204 10 40 25
545 180 10 28 5
545 1217 11 16 25
555 1032 10 55 25
559 10 11 8 5
559 634 9 55 15
582 678 9 8 15
593 751 11 4 15
600 889 7 35 20
603 131 7 45 5
605 400 8 51 10
606 542 9 47 15
607 166 8 1 5
611 571 8 36 15
613 1225 10 48 25
615 886 7 38 20
631 1210 9 15 25
631 348 7 7 10
641 49 9 27 5
651 461 9 44 10
656 870 8 27 20
661 139 8 53 5
665 506 11 49 10
668 234 10 39 5
669 309 9 53 10
678 103 8 9 5
681 101 9 59 5
682 870 8 0 20
684 229 10 22 5
687 741 11 41 15
687 842 9 37 20
687 1232 11 54 25
689 474 10 2 10
694 1010 11 54 25
696 379 9 49 10
702 521 11 2 15
703 1001 11 41 20
705 191 10 49 5
711 197 10 6 5
712 642 9 16 15
716 272 11 34 10
716 91 10 49 5
727 447 11 56 10
749 154 11 28 5
750 757 12 17 20
755 847 11 36 20
761 693 11 6 16
762 1245 12 33 26
766 372 10 43 11
767 903 10 33 21
770 1151 10 9 26
772 1 12 2 6
776 767 11 19 21
779 546 11 50 16
789 659 10 33 16
791 959 10 4 21
795 616 9 59 16
802 563 10 33 16
804 161 9 4 6
805 1068 10 13 26
806 250 11 6 6
811 78 9 42 6
811 101 9 7 6
829 127 8 8 6
830 60 9 28 6
832 1053 9 48 26
846 804 9 10 21
849 93 8 9 6
853 574 8 29 16
860 659 8 8 16
868 703 9 18 16
877 517 10 56 16
892 1098 8 50 26
896 854 7 14 21
901 770 10 24 21
902 963 10 59 21
905 406 8 50 11
905 769 10 22 21
918 806 9 32 21
922 735 10 25 16
922 1068 9 47 26
924 1178 9 34 26
929 765 11 28 21
939 124 9 6 6
943 1151 9 16 26
947 790 10 1 21
954 940 10 10 21
956 122 9 8 6
971 396 10 26 11
973 1119 10 15 26
979 6 12 21 6
983 479 11 33 11
984 677 11 49 16
986 1210 11 21 26
988 739 12 33 16
994 622 10 17 16
997 436 11 1 11
1004 193 11 36 6
1006 216 11 18 7
1008 978 12 31 21
1014 719 11 44 17
1015 625 10 36 17
1019 518 12 27 12
1020 460 11 26 12
1030 573 10 42 17
1033 625 10 43 17
1035 513 11 26 17
1036 973 11 24 22
1041 1170 10 5 27
1046 655 9 50 17
1050 670 9 50 17
1055 1069 9 52 27
1058 1049 10 16 27
1064 165 9 10 7
1065 1019 11 51 27
1065 476 10 33 12
1070 32 10 11 7
1082 819 9 53 22
1086 49 9 41 7
1088 746 11 30 17
1092 340 8 0 12
1096 968 10 54 22
1096 245 11 3 7
1098 469 10 49 12
1103 1227 10 15 27
1106 1101 8 28 27
1107 774 10 58 22
1107 212 9 17 7
1110 565 9 4 17
1118 111 7 17 7
1120 638 7 40 17
1125 1188 9 49 27
1127 1075 8 45 27
1135 221 10 7 7
1139 775 10 7 22
1141 396 7 28 12
1141 1222 10 42 27
1142 468 10 33 12
1153 1092 8 52 27
1158 596 8 47 17
1159 289 10 24 12
1162 934 9 34 22
1168 488 11 31 12
1172 315 9 40 12
1173 704 10 44 17
1184 620 8 14 17
1186 301 10 5 12
1189 200 10 48 7
1189 677 9 8 17
1192 923 9 46 22
1193 572 9 18 17
1194 491 11 8 12
1194 91 9 41 7
1195 534 10 13 17
1204 91 9 50 7
1207 1245 11 48 27
1208 854 9 41 22
1214 1129 9 48 27
1218 1012 11 57 27
1219 1100 10 46 27
1225 60 10 57 7
1226 993 12 37 22
1227 518 11 27 17
1231 769 11 35 22
1233 326 10 36 12
1234 788 11 34 22
1237 1206 11 3 27
1239 1011 12 18 27
1242 636 10 0 17
1246 811 11 47 22
1250 9 12 57 7
