SF7_COMM_RANGE = 30
VERTEX_NUM = 350
MAP_WIDTH = 1250
MAP_LENGTH = 1250
Total links = 99
Capital delta = 3
SF1112 % = 27.1429
# of outliers = 0
DATA PERIOD = 60
------------------------------
x  y  SF  phase which_gateway: 
3 231 12 39 3
4 228 12 8 3
16 1208 11 21 23
18 958 11 3 18
27 1096 10 42 23
28 339 10 50 8
30 852 10 27 18
38 575 10 45 13
38 73 10 26 3
42 679 10 12 13
44 942 10 3 18
47 914 9 49 18
47 816 10 34 18
51 950 10 57 18
51 199 10 36 3
54 1095 9 35 23
62 117 9 23 3
63 156 9 3 3
73 405 9 29 8
80 784 10 55 18
80 434 9 8 8
81 1159 8 24 23
82 188 9 30 3
89 279 10 42 8
91 319 9 29 8
94 886 8 49 18
95 895 8 21 18
106 1187 9 5 23
107 369 7 36 8
108 1117 7 45 23
110 851 7 47 18
114 1024 10 8 23
115 543 9 53 13
118 1046 9 9 23
120 402 7 11 8
120 443 9 27 8
125 1027 10 51 23
129 713 9 38 13
133 220 10 4 3
136 379 7 17 8
136 1134 7 43 23
138 926 8 0 18
141 862 7 6 18
146 513 10 17 13
147 58 9 49 3
160 480 10 34 8
160 944 9 44 18
164 180 9 12 3
171 83 9 30 3
171 694 9 6 13
172 74 9 59 3
173 952 10 38 18
174 1185 9 30 23
175 405 8 29 8
178 584 9 20 13
179 1152 9 52 23
186 989 11 11 18
201 601 9 34 13
206 525 11 57 13
207 1009 11 47 23
213 403 10 19 8
221 1057 10 36 23
232 485 12 55 8
233 1217 11 4 23
234 1199 11 37 23
234 979 12 59 18
237 402 10 24 8
242 606 10 28 13
245 65 11 29 3
246 813 11 20 18
246 995 12 37 23
247 931 11 4 18
250 350 11 20 8
250 1242 12 44 23
253 634 11 22 13
255 666 11 10 13
256 1127 10 10 24
271 48 11 58 4
274 605 10 14 14
290 930 10 40 19
299 241 11 56 4
301 1139 9 14 24
301 306 10 18 9
307 64 10 27 4
308 756 11 35 14
310 330 9 31 9
323 898 8 19 19
324 939 9 46 19
333 1057 9 5 24
337 773 10 8 19
338 704 9 34 14
342 560 9 16 14
346 384 8 36 9
352 981 10 21 19
352 731 10 12 14
357 213 9 14 4
360 1152 8 12 24
370 156 8 28 4
372 1110 7 42 24
374 254 11 42 4
374 1235 10 49 24
377 669 8 20 14
379 758 10 46 19
381 181 8 1 4
383 243 10 56 4
384 678 8 0 14
393 589 8 3 14
395 945 9 58 19
396 963 10 51 19
398 895 8 18 19
411 632 8 39 14
419 296 10 47 9
421 500 11 24 9
423 648 8 49 14
423 802 9 6 19
423 507 11 59 9
424 30 10 12 4
429 869 8 17 19
430 397 8 38 9
437 650 9 17 14
441 1225 10 25 24
449 456 10 12 9
449 385 9 25 9
454 645 9 54 14
456 72 10 25 4
460 730 11 38 14
463 755 11 8 19
470 395 10 38 9
470 668 10 58 14
472 454 11 42 9
474 1244 12 12 24
475 87 10 47 4
481 261 12 54 4
485 351 10 50 9
495 481 12 41 9
497 1068 11 50 24
499 106 11 43 4
502 564 11 44 15
502 600 11 41 14
513 272 12 26 9
514 713 11 54 15
515 906 10 12 20
519 468 11 13 10
520 14 12 10 5
523 759 12 1 15
532 171 10 20 5
540 760 11 2 20
548 999 11 6 25
549 749 11 29 15
549 1175 10 40 25
549 998 11 23 20
552 988 11 55 20
559 334 9 44 10
563 985 11 41 20
563 948 10 49 20
567 771 10 9 20
575 638 8 11 15
576 8 11 49 5
579 940 9 39 20
581 873 8 9 20
590 812 9 31 20
599 774 10 51 20
600 576 8 49 15
601 99 8 26 5
602 861 7 34 20
604 578 8 30 15
610 1171 8 8 25
623 363 7 17 10
625 620 7 6 15
627 73 8 41 5
629 1145 7 43 25
635 1152 7 53 25
639 843 8 53 20
640 755 11 48 15
647 260 10 3 10
649 305 9 47 10
650 1224 10 0 25
652 901 8 57 20
668 159 8 53 5
669 1054 9 30 25
671 606 8 37 15
673 990 11 8 20
673 1033 10 17 25
676 763 11 21 15
676 980 10 49 20
685 1101 9 58 25
686 1091 9 23 25
693 419 9 0 10
697 625 9 39 15
699 1001 11 2 20
700 113 9 2 5
716 150 10 10 5
721 914 10 46 20
732 979 11 51 20
736 1127 10 28 25
739 623 10 20 15
742 799 11 13 20
744 595 11 29 15
745 351 11 29 10
748 839 11 11 20
748 503 12 10 10
748 264 12 4 10
756 564 11 4 15
757 616 10 56 16
757 877 10 44 21
758 1220 12 0 25
758 491 12 43 10
763 303 11 37 11
766 1060 11 49 26
767 59 11 36 6
771 1038 11 7 26
774 431 10 27 11
776 33 11 36 6
780 670 10 16 16
781 741 11 40 16
788 428 10 26 11
791 656 9 6 16
793 1059 10 3 26
807 779 10 18 21
814 508 11 45 11
816 568 9 6 16
818 502 11 20 11
824 1101 8 47 26
830 1242 11 44 26
833 866 8 3 21
836 649 8 8 16
839 565 9 56 16
839 398 8 8 11
854 60 9 29 6
859 1114 7 17 26
860 1048 9 20 26
869 1244 10 39 26
869 847 7 21 21
871 515 10 16 16
871 783 10 27 21
873 883 7 57 21
876 477 10 8 11
877 822 8 10 21
878 234 10 34 6
878 1004 11 58 21
888 748 11 38 21
893 361 7 33 11
896 425 8 17 11
898 788 9 15 21
900 1051 9 49 26
900 441 9 57 11
902 693 9 33 16
903 592 8 47 16
907 1234 10 53 26
908 623 8 43 16
909 831 8 32 21
911 700 9 51 16
913 220 10 4 6
915 719 10 12 16
921 104 8 35 6
923 1129 8 59 26
924 862 8 20 21
929 804 9 31 21
931 363 8 0 11
933 1066 9 49 26
933 691 9 40 16
937 1184 9 20 26
937 840 9 20 21
942 737 11 1 16
942 963 10 28 21
944 312 10 48 11
946 997 11 50 21
947 845 9 29 21
950 600 9 50 16
955 70 10 25 6
957 1086 10 19 26
957 1174 10 21 26
958 311 10 50 11
963 678 10 28 16
965 1025 11 28 26
966 96 10 40 6
975 1028 11 25 26
975 894 10 1 21
978 747 12 19 16
983 1171 10 18 26
983 483 12 44 11
988 424 11 44 11
997 799 11 9 21
998 588 11 40 16
1001 507 12 56 16
1001 987 12 36 21
1003 549 11 32 16
1007 171 11 16 6
1008 1027 12 59 26
1011 88 10 32 7
1012 1062 11 57 27
1020 355 10 39 12
1025 1104 10 44 27
1026 888 10 17 22
1032 853 10 32 22
1036 591 10 12 17
1042 962 11 57 22
1044 479 11 23 12
1048 1091 9 33 27
1062 336 9 48 12
1066 834 9 40 22
1070 295 10 44 12
1073 1142 8 1 27
1074 745 11 30 17
1086 1151 8 12 27
1087 1085 8 29 27
1089 774 10 2 22
1089 468 10 30 12
1090 23 10 30 7
1094 1147 8 22 27
1097 954 9 40 22
1103 609 7 6 17
1104 340 8 6 12
1106 751 11 42 17
1113 658 8 47 17
1114 466 10 2 12
1116 101 7 18 7
1129 43 9 19 7
1134 926 8 10 22
1135 426 8 18 12
1138 592 8 51 17
1143 777 10 7 22
1143 608 7 49 17
1148 590 8 35 17
1152 157 8 16 7
1152 1237 10 22 27
1161 260 11 39 7
1164 1095 8 14 27
1165 266 10 45 12
1167 724 10 5 17
1169 360 8 54 12
1171 371 8 25 12
1172 1151 8 49 27
1172 880 8 55 22
1178 306 9 55 12
1179 654 9 54 17
1181 805 9 24 22
1189 1028 10 58 27
1192 324 9 24 12
1194 762 11 46 22
1200 400 9 12 12
1207 515 11 4 17
1207 154 9 52 7
1223 866 10 18 22
1224 851 10 46 22
1228 845 10 31 22
1229 581 10 12 17
1231 823 10 57 22
1240 755 12 50 17
1243 643 10 22 17
