SF7_COMM_RANGE = 30
VERTEX_NUM = 400
MAP_WIDTH = 1250
MAP_LENGTH = 1250
Total links = 155
Capital delta = 3
SF1112 % = 29
# of outliers = 0
DATA PERIOD = 60
------------------------------
x  y  SF  phase which_gateway: 
3 253 12 58 3
3 217 12 55 3
10 628 10 16 13
11 346 10 43 8
16 997 12 52 18
16 618 10 3 13
16 837 10 57 18
21 130 10 36 3
22 434 10 22 8
25 8 12 35 3
27 904 10 15 18
27 194 10 43 3
28 477 11 31 8
31 828 10 10 18
36 1227 11 56 23
37 462 11 23 8
40 65 10 3 3
42 1126 9 36 23
61 330 9 43 8
66 324 9 22 8
73 798 10 17 18
74 45 10 48 3
78 614 8 30 13
83 1239 11 10 23
88 276 10 46 8
91 36 10 31 3
94 90 8 43 3
98 297 9 33 8
98 25 10 56 3
99 318 9 30 8
101 248 11 18 8
101 286 10 46 8
110 535 10 25 13
123 316 8 26 8
124 401 7 30 8
124 944 9 9 18
124 1144 7 29 23
136 923 8 19 18
141 894 7 38 18
149 235 10 44 3
161 733 10 46 13
165 757 11 53 13
171 965 10 27 18
178 388 8 18 8
182 106 9 56 3
184 1103 9 16 23
184 199 10 33 3
185 829 9 59 18
187 1129 9 52 23
193 385 9 16 8
199 684 10 13 13
202 1091 9 1 23
202 110 9 4 3
208 324 10 35 8
209 1141 9 4 23
211 925 10 42 18
214 19 11 59 3
215 1000 12 47 18
224 475 11 7 8
225 203 11 55 3
226 620 10 17 13
229 563 11 26 13
234 972 11 42 18
236 564 11 35 13
240 1016 12 44 23
244 996 12 4 18
246 517 12 44 13
246 599 11 14 13
250 475 12 23 8
251 361 11 14 8
252 646 11 58 13
253 664 11 1 13
256 1186 11 0 23
258 1187 11 17 23
258 110 10 11 4
261 224 12 56 3
262 1117 10 25 24
270 1112 10 44 24
276 429 10 47 9
277 169 10 9 4
283 58 10 1 4
283 803 10 0 19
286 616 9 11 14
286 435 10 57 9
289 869 9 27 19
291 1010 11 7 24
294 1143 9 32 24
296 53 10 26 4
297 299 10 54 9
306 343 9 39 9
311 892 9 22 19
314 665 9 3 14
314 319 9 57 9
319 444 9 56 9
332 1223 10 38 24
335 149 8 42 4
335 1098 8 52 24
340 62 9 15 4
347 136 8 48 4
350 717 10 15 14
353 479 10 29 9
357 988 10 38 19
357 69 8 8 4
357 457 9 29 9
362 77 8 47 4
370 368 7 20 9
371 63 9 17 4
372 792 9 13 19
380 1154 7 4 24
386 830 8 56 19
386 295 9 22 9
387 1018 10 57 24
388 785 10 48 19
389 1023 10 25 24
394 836 8 47 19
394 861 7 16 19
399 428 8 32 9
405 563 9 19 14
407 181 9 42 4
409 54 9 18 4
415 940 9 50 19
415 311 9 56 9
416 279 10 14 9
418 898 8 48 19
422 1133 8 44 24
427 1214 10 52 24
437 121 9 22 4
438 955 10 36 19
438 266 11 59 9
443 586 9 10 14
447 974 11 43 19
450 878 9 29 19
450 530 11 48 14
455 906 9 52 19
461 750 12 50 14
465 765 11 35 19
466 881 10 4 19
470 914 10 0 19
474 1199 11 40 24
475 579 10 8 14
482 1210 11 56 24
489 1041 11 55 24
491 995 12 6 20
508 674 11 45 14
508 1014 12 20 24
509 1122 10 53 25
515 497 12 53 10
517 1221 11 45 25
520 1040 11 4 25
521 812 11 27 20
531 725 11 55 15
538 1004 11 54 25
540 670 10 16 15
541 394 9 9 10
544 529 11 42 15
545 1077 10 0 25
545 32 11 54 5
549 831 9 4 20
554 936 10 29 20
558 355 9 53 10
561 255 11 6 5
571 696 9 4 15
574 867 8 14 20
580 542 10 46 15
584 715 10 48 15
585 880 8 57 20
590 719 10 22 15
592 209 10 52 5
593 1216 10 57 25
603 1072 8 54 25
603 868 7 53 20
604 261 10 45 10
606 894 7 49 20
608 1221 10 51 25
610 485 10 22 10
610 154 8 2 5
611 1019 10 44 25
611 1109 7 15 25
612 694 9 39 15
616 168 8 40 5
619 1047 9 43 25
619 722 10 34 15
620 297 9 34 10
621 939 9 59 20
623 694 9 36 15
624 520 10 9 15
627 188 9 51 5
627 995 11 30 20
630 101 7 13 5
636 132 7 12 5
641 1000 11 15 20
648 284 10 12 10
655 1013 10 17 25
657 351 8 30 10
663 322 9 58 10
667 310 9 57 10
667 617 8 27 15
670 612 8 20 15
672 509 11 42 10
676 540 10 16 15
679 417 9 7 10
682 325 9 35 10
684 1077 9 1 25
685 1191 9 56 25
691 1139 9 26 25
691 643 9 24 15
694 1183 10 50 25
698 996 11 2 20
703 882 9 31 20
704 1006 11 29 25
708 934 10 42 20
722 1100 10 14 25
727 424 10 56 10
728 597 10 16 15
729 976 11 5 20
729 1142 10 24 25
733 1217 11 25 25
734 166 10 49 5
739 428 11 46 10
741 266 12 31 10
744 1173 11 1 25
751 1102 11 1 25
752 713 12 43 15
752 15 12 10 5
753 1231 12 31 25
758 84 11 41 5
758 872 10 8 21
760 319 11 50 10
762 851 10 54 21
765 428 11 50 10
768 190 11 6 6
770 302 11 1 11
777 719 11 25 16
778 644 10 0 16
780 126 10 49 6
781 217 11 43 6
782 878 10 16 21
788 1180 10 32 26
795 311 10 45 11
796 675 10 47 16
796 851 9 53 21
800 340 9 27 11
801 608 9 54 16
808 806 10 41 21
813 1134 9 43 26
814 120 9 59 6
815 572 9 5 16
817 131 8 1 6
820 592 9 48 16
823 1012 11 51 21
826 648 8 32 16
829 222 10 42 6
829 758 11 53 16
830 197 9 7 6
839 777 10 52 21
848 943 9 24 21
848 679 9 48 16
862 129 7 0 6
862 1210 9 7 26
867 795 9 34 21
868 872 7 42 21
873 1165 8 13 26
879 414 8 27 11
888 1059 9 7 26
889 861 7 13 21
891 1170 8 17 26
891 1193 9 50 26
894 689 9 21 16
899 673 8 41 16
902 497 11 35 11
904 504 11 9 11
909 33 10 34 6
909 567 9 54 16
910 67 9 3 6
913 870 8 16 21
925 463 10 30 11
926 827 9 54 21
927 507 11 21 11
930 1071 9 31 26
936 481 11 35 11
938 25 10 5 6
939 1250 11 55 26
940 10 11 17 6
944 303 10 58 11
946 222 11 2 6
947 639 9 9 16
949 644 9 14 16
949 949 10 42 21
953 426 10 10 11
954 598 9 21 16
956 160 9 17 6
959 203 10 44 6
961 84 10 27 6
964 1068 10 44 26
972 1161 10 52 26
975 608 10 32 16
980 502 12 53 11
980 949 11 34 21
981 597 10 54 16
987 626 10 34 16
987 802 11 2 21
993 699 11 3 16
993 1232 12 1 26
998 113 11 56 6
998 1225 12 58 26
1000 862 11 17 21
1000 261 12 26 11
1003 230 12 44 6
1003 224 12 30 6
1004 1015 12 49 26
1005 714 11 19 17
1012 498 12 35 17
1013 455 11 44 12
1020 974 11 36 22
1022 1175 10 33 27
1023 1169 10 38 27
1023 132 10 38 7
1023 748 12 48 22
1026 1135 10 21 27
1026 256 12 40 7
1028 1053 11 1 27
1034 583 10 30 17
1034 311 10 24 12
1034 67 10 28 7
1035 9 11 6 7
1036 765 11 16 22
1036 117 9 1 7
1040 1076 10 0 27
1048 408 9 43 12
1052 1172 9 55 27
1053 770 11 26 22
1055 420 9 45 12
1055 154 9 50 7
1058 573 9 27 17
1060 547 10 33 17
1061 818 9 48 22
1062 1188 9 36 27
1066 186 9 52 7
1070 745 11 32 17
1071 561 9 7 17
1071 1178 9 41 27
1072 920 9 44 22
1076 324 9 42 12
1078 811 9 26 22
1080 123 8 20 7
1080 337 8 16 12
1082 698 9 4 17
1085 306 9 58 12
1085 361 8 56 12
1085 959 10 17 22
1089 543 9 30 17
1094 188 9 57 7
1100 265 10 47 12
1100 103 8 55 7
1104 740 10 18 17
1108 1196 9 46 27
1110 283 10 3 12
1110 11 10 19 7
1119 268 10 38 12
1125 525 10 46 17
1128 1086 8 6 27
1131 654 7 4 17
1131 389 7 23 12
1134 221 10 56 7
1137 65 9 24 7
1140 755 11 57 22
1143 560 9 36 17
1145 628 7 0 17
1154 248 11 49 7
1159 86 8 8 7
1161 1069 9 59 27
1165 76 9 30 7
1165 216 10 44 7
1168 929 9 42 22
1169 1249 11 48 27
1172 994 11 5 22
1184 374 8 50 12
1185 699 10 45 17
1185 1016 11 55 27
1191 753 11 46 17
1193 194 10 2 7
1194 1212 10 26 27
1195 960 10 35 22
1198 928 10 42 22
1199 1198 10 13 27
1209 642 9 45 17
1210 1005 11 20 27
1212 384 9 16 12
1214 46 10 4 7
1214 165 10 58 7
1215 1163 10 3 27
1215 1018 11 2 27
1216 984 11 2 22
1218 153 10 26 7
1223 636 10 58 17
1231 555 11 18 17
1238 766 12 15 22
1243 899 11 34 22
1245 390 11 11 12
1250 117 11 4 7
