SF7_COMM_RANGE = 30
VERTEX_NUM = 200
MAP_WIDTH = 1250
MAP_LENGTH = 1250
Total links = 32
Capital delta = 3
SF1112 % = 23
# of outliers = 0
DATA PERIOD = 60
------------------------------
x  y  SF  phase which_gateway: 
1 409 11 36 8
1 339 11 5 8
7 269 12 49 8
17 1014 12 49 18
26 296 11 42 8
33 507 11 50 13
35 365 10 40 8
36 884 9 34 18
36 834 10 41 18
37 1099 10 54 23
39 594 10 34 13
41 237 11 12 3
56 813 10 3 18
57 857 9 17 18
63 1193 10 56 23
66 688 9 40 13
67 950 10 49 18
69 347 9 4 8
73 354 8 52 8
80 1216 10 47 23
80 1227 10 2 23
91 1056 9 43 23
97 303 9 38 8
107 114 7 34 3
107 960 9 34 18
111 75 8 32 3
112 338 8 2 8
122 767 10 41 18
123 425 8 37 8
124 278 10 19 8
125 496 11 36 8
130 567 8 13 13
132 1212 9 16 23
132 1123 7 25 23
137 995 11 2 18
139 209 9 59 3
143 139 7 15 3
147 1158 8 34 23
149 973 10 33 18
149 503 11 48 8
161 1201 9 29 23
177 886 8 59 18
184 167 9 1 3
188 188 9 32 3
189 230 11 8 3
200 205 10 49 3
202 1172 10 12 23
208 86 10 58 3
214 536 11 53 13
217 750 12 5 13
219 438 10 45 8
229 178 10 48 3
231 1082 10 40 23
231 383 10 15 8
235 708 11 22 13
242 358 10 14 8
263 1225 12 40 23
271 635 10 16 14
276 507 12 47 14
280 447 10 17 9
281 890 10 27 19
289 678 10 23 14
290 715 11 30 14
296 285 10 44 9
304 180 9 49 4
333 1023 10 32 24
349 749 11 35 19
355 935 9 56 19
364 837 8 7 19
375 919 8 0 19
393 1186 9 45 24
396 1215 10 28 24
399 454 9 51 9
402 562 9 38 14
425 281 10 0 9
426 663 9 0 14
428 766 11 27 19
435 599 9 4 14
449 790 10 58 19
460 389 9 20 9
463 177 10 1 4
469 378 10 35 9
470 520 11 8 14
481 123 10 41 4
484 1217 11 43 24
487 1005 12 22 19
488 612 10 47 14
520 1072 10 23 25
529 65 10 38 5
532 688 10 35 15
541 299 10 40 10
562 444 10 6 10
567 1096 9 50 25
586 335 8 2 10
589 583 8 42 15
612 1120 7 31 25
617 903 7 26 20
620 67 8 17 5
623 45 9 28 5
623 1002 11 33 20
626 124 7 17 5
642 1221 10 5 25
645 448 9 53 10
651 191 9 8 5
663 1101 8 43 25
671 1042 10 53 25
675 871 8 8 20
685 1101 9 2 25
686 1079 9 50 25
689 252 11 58 5
697 1108 9 14 25
699 932 10 51 20
700 156 9 26 5
703 128 9 15 5
742 210 11 33 5
743 1041 11 9 25
743 444 11 37 10
771 62 11 12 6
771 1151 10 32 26
778 382 10 8 11
781 356 10 39 11
782 10 11 4 6
784 171 10 6 6
786 1241 11 30 26
786 980 11 6 21
795 110 9 40 6
804 654 9 1 16
819 144 8 32 6
823 212 10 57 6
830 459 10 21 11
832 1124 8 58 26
836 984 10 6 21
836 372 8 18 11
836 1051 9 51 26
844 578 8 6 16
852 36 10 1 6
854 728 10 37 16
866 758 10 7 21
875 267 10 55 11
879 455 9 27 11
882 1034 10 57 26
885 1242 10 10 26
888 1138 7 10 26
896 1079 8 23 26
896 1038 9 25 26
897 1247 11 35 26
899 541 9 24 16
911 753 11 54 16
911 723 10 48 16
912 638 8 48 16
916 686 9 54 16
920 117 8 27 6
923 953 10 52 21
924 205 10 52 6
928 455 10 49 11
929 162 9 50 6
936 413 9 32 11
940 337 9 51 11
951 639 9 15 16
954 883 9 21 21
955 605 9 4 16
962 700 10 13 16
964 686 10 27 16
983 336 10 23 11
984 447 11 56 11
988 1069 11 26 26
992 1082 11 16 26
994 932 11 25 21
1031 353 10 33 12
1046 617 9 12 17
1064 497 11 52 12
1073 11 11 22 7
1080 218 10 14 7
1082 968 10 3 22
1088 28 10 46 7
1098 307 9 31 12
1109 1221 10 30 27
1117 1159 8 10 27
1117 1021 10 17 27
1119 1213 9 18 27
1120 678 8 51 17
1134 153 7 12 7
1136 110 7 38 7
1145 1227 10 43 27
1153 1168 8 4 27
1157 855 8 27 22
1158 371 8 26 12
1165 303 9 29 12
1172 620 8 10 17
1173 293 10 41 12
1175 1013 11 50 22
1184 11 11 15 7
1197 997 11 46 22
1204 1016 11 10 27
1205 1072 10 38 27
1225 1031 11 42 27
1229 526 11 36 17
1230 319 10 46 12
1235 827 11 8 22
1239 353 10 1 12
