SF7_COMM_RANGE = 30
VERTEX_NUM = 270
MAP_WIDTH = 1250
MAP_LENGTH = 1250
Total links = 63
Capital delta = 3
SF1112 % = 29.6296
# of outliers = 0
DATA PERIOD = 60
------------------------------
x  y  SF  phase which_gateway: 
19 1191 11 0 23
23 881 10 6 18
31 903 10 17 18
32 1039 11 15 23
33 622 10 1 13
38 480 11 3 8
38 873 9 18 18
41 1242 11 17 23
48 1126 9 52 23
52 337 9 49 8
56 1090 9 4 23
59 1137 9 29 23
61 913 9 26 18
71 966 10 3 18
81 1129 8 45 23
88 816 9 23 18
88 672 8 32 13
93 606 8 11 13
111 135 7 26 3
114 1209 9 23 23
115 1173 8 19 23
127 520 10 49 13
136 871 7 19 18
138 641 7 38 13
142 535 10 20 13
145 147 7 20 3
147 1019 10 47 23
155 1116 8 13 23
156 912 8 58 18
156 711 10 58 13
167 1083 8 13 23
168 1119 8 50 23
169 571 9 4 13
174 268 10 22 8
175 354 8 5 8
177 220 10 5 3
178 763 11 25 18
204 278 11 24 8
204 1171 10 14 23
208 1231 11 10 23
209 531 11 13 13
213 1111 9 10 23
215 854 10 39 18
215 552 10 32 13
221 1006 12 6 23
226 317 10 24 8
238 981 12 55 18
253 361 11 30 8
255 732 12 27 13
263 351 10 13 9
268 82 10 53 4
269 117 10 47 4
274 1098 10 2 24
282 976 11 4 19
282 681 10 25 14
290 662 10 23 14
308 531 10 24 14
308 558 10 4 14
308 654 9 28 14
317 1038 10 15 24
319 654 9 2 14
325 405 8 41 9
332 106 8 5 4
332 210 10 6 4
333 420 9 4 9
333 438 9 3 9
342 637 8 4 14
342 421 8 21 9
345 486 10 27 9
345 58 9 10 4
347 229 10 31 4
351 159 8 32 4
369 669 8 13 14
371 267 10 2 9
379 1137 7 4 24
381 711 9 11 14
383 575 8 18 14
389 700 9 52 14
389 986 10 41 19
394 462 9 46 9
396 392 7 5 9
406 923 8 26 19
409 1195 9 25 24
409 997 11 0 19
410 624 8 31 14
417 865 8 42 19
425 890 8 23 19
425 302 9 47 9
426 687 9 46 14
430 815 9 43 19
433 761 11 2 19
435 193 10 49 4
441 945 10 25 19
447 690 10 0 14
451 541 10 47 14
455 257 11 21 9
456 808 10 3 19
458 863 9 43 19
459 420 10 34 9
465 77 10 22 4
465 304 10 46 9
467 593 10 58 14
467 309 10 46 9
469 853 10 59 19
472 295 11 0 9
479 209 11 51 4
482 816 11 10 19
486 958 11 19 19
501 894 11 35 19
516 6 12 43 5
517 1220 11 57 25
521 483 11 32 10
522 263 12 9 5
525 1086 10 22 25
535 867 10 32 20
543 587 10 40 15
545 361 9 4 10
546 299 10 47 10
548 1124 9 20 25
560 476 11 42 10
562 1113 9 31 25
563 458 10 22 10
569 816 9 31 20
571 205 10 48 5
574 988 11 14 20
581 77 9 11 5
587 550 9 1 15
588 976 10 17 20
591 1047 9 46 25
592 663 8 35 15
595 366 8 31 10
597 989 10 32 20
597 492 11 33 10
605 591 8 18 15
608 508 10 23 15
626 839 8 26 20
636 569 8 1 15
641 207 9 33 5
653 105 8 45 5
655 776 10 36 20
661 492 11 8 10
663 479 10 34 10
670 741 11 0 20
677 1162 9 18 25
683 379 8 56 10
691 484 11 25 10
694 284 10 50 10
699 164 9 52 5
701 145 9 12 5
707 409 9 10 10
708 496 11 34 10
711 231 11 35 5
720 990 11 25 20
722 90 10 58 5
727 457 11 23 10
748 957 11 31 20
749 578 11 1 15
751 809 11 16 20
755 636 11 49 15
755 362 11 47 10
757 545 11 52 16
762 1033 11 20 26
763 606 10 20 16
773 995 12 17 21
777 983 11 38 21
779 578 10 43 16
780 907 10 43 21
781 458 11 31 11
783 1244 12 9 26
788 333 10 20 11
788 1015 11 7 26
788 114 9 17 6
798 508 11 54 16
805 743 11 0 16
805 333 9 27 11
807 920 9 42 21
822 700 10 25 16
822 1148 8 18 26
829 1161 8 34 26
830 798 9 29 21
831 365 8 20 11
840 273 10 9 11
845 917 8 5 21
847 1076 8 37 26
849 959 9 59 21
849 1025 10 20 26
863 523 10 9 16
864 1170 8 0 26
870 1119 7 37 26
873 1005 11 50 21
874 727 10 47 16
891 43 9 29 6
894 1099 8 2 26
909 751 11 59 21
917 686 9 38 16
920 1053 9 33 26
931 94 9 35 6
936 754 11 22 16
937 1131 9 4 26
944 1146 9 44 26
945 874 9 42 21
948 294 10 4 11
960 491 11 53 11
960 369 9 29 11
965 880 10 4 21
979 784 11 13 21
980 109 10 11 6
981 726 11 29 16
983 231 12 23 11
984 948 11 46 21
985 1158 10 58 26
986 635 10 35 16
997 1159 11 47 26
998 153 11 55 6
1002 1029 12 13 26
1009 186 11 38 6
1010 571 11 16 16
1011 705 11 14 17
1016 661 10 38 17
1021 193 11 45 7
1029 48 11 4 7
1031 684 10 17 17
1031 387 10 14 12
1033 1002 12 6 27
1033 310 10 17 12
1038 1237 11 52 27
1041 516 11 39 17
1041 877 9 44 22
1048 72 10 6 7
1060 537 10 44 17
1062 1089 9 20 27
1077 628 8 41 17
1084 23 10 48 7
1087 779 10 13 22
1094 830 8 10 22
1094 151 8 44 7
1095 498 11 18 17
1096 1 11 21 7
1097 393 8 13 12
1119 585 8 41 17
1121 98 7 59 7
1129 867 7 3 22
1131 28 10 9 7
1138 408 8 38 12
1139 237 10 59 7
1144 514 10 22 17
1147 1230 10 16 27
1147 211 9 7 7
1147 167 8 36 7
1148 850 8 46 22
1157 1250 11 52 27
1158 688 9 32 17
1168 117 8 4 7
1173 1125 8 58 27
1178 1002 11 38 22
1180 777 10 13 22
1180 933 9 42 22
1183 445 10 18 12
1189 127 9 57 7
1197 136 9 49 7
1223 561 10 54 17
1230 1137 10 17 27
1231 790 11 22 22
1235 793 11 34 22
1238 282 11 22 12
1241 303 11 32 12
1242 684 11 18 17
1243 328 11 41 12
1245 528 12 45 17
1245 353 11 23 12
