SF7_COMM_RANGE = 30
VERTEX_NUM = 320
MAP_WIDTH = 1250
MAP_LENGTH = 1250
Total links = 108
Capital delta = 3
SF1112 % = 20.9375
# of outliers = 0
DATA PERIOD = 60
------------------------------
x  y  SF  phase which_gateway: 
3 660 11 40 13
5 671 11 45 13
10 759 12 5 13
25 126 10 25 3
38 223 11 43 3
41 1248 11 44 23
45 875 9 44 18
47 166 9 20 3
57 1138 9 54 23
58 667 9 45 13
59 1121 9 52 23
60 27 10 3 3
66 387 9 17 8
86 1228 10 17 23
87 577 9 8 13
94 1249 11 32 23
95 1203 9 4 23
97 1036 10 51 23
100 467 10 1 8
106 1086 8 26 23
109 326 8 44 8
110 1012 10 2 23
113 98 7 45 3
114 338 8 44 8
115 777 10 50 18
116 1021 10 53 23
117 796 9 26 18
130 879 7 22 18
132 356 7 33 8
133 858 7 36 18
138 778 10 52 18
142 513 10 5 13
143 182 8 21 3
146 520 10 57 13
148 142 7 30 3
169 640 8 57 13
170 272 10 33 8
170 67 9 14 3
177 772 10 17 18
183 788 10 28 18
184 68 9 51 3
188 936 9 1 18
189 694 10 23 13
197 83 9 8 3
197 971 10 11 18
205 773 11 31 18
209 932 10 41 18
210 417 10 7 8
211 1171 10 15 23
214 908 10 42 18
215 834 10 25 18
217 933 10 59 18
219 418 10 36 8
225 16 11 10 3
228 851 10 35 18
231 415 10 19 8
240 957 11 3 18
257 731 12 1 13
260 110 10 33 4
261 347 10 28 9
261 1159 10 37 24
270 64 11 25 4
278 364 10 33 9
278 68 10 51 4
279 275 11 14 9
282 310 10 3 9
282 353 10 48 9
285 872 10 48 19
285 793 11 18 19
289 595 10 57 14
291 342 10 16 9
293 15 11 9 4
295 889 9 50 19
297 1061 10 31 24
304 1050 10 10 24
304 402 9 1 9
304 670 9 55 14
306 41 10 51 4
309 283 10 1 9
311 1089 9 10 24
315 804 10 25 19
316 220 10 26 4
317 258 11 1 4
321 394 8 54 9
322 413 9 29 9
323 98 8 36 4
327 631 8 13 14
329 152 8 24 4
335 272 10 29 9
336 581 8 38 14
336 536 10 53 14
341 1018 10 59 24
343 18 10 56 4
349 1111 7 26 24
356 858 7 50 19
358 1149 7 10 24
362 43 9 30 4
371 1139 7 30 24
374 187 9 58 4
376 434 8 40 9
377 45 9 27 4
382 823 8 6 19
390 491 10 41 9
394 618 7 17 14
396 1217 10 38 24
399 229 10 51 4
402 1031 10 11 24
406 180 9 25 4
407 1154 8 34 24
409 508 11 12 14
410 1046 9 35 24
418 24 10 52 4
422 1116 8 30 24
423 847 8 28 19
424 21 10 46 4
429 1116 8 59 24
429 280 10 4 9
434 1077 9 51 24
451 1046 10 16 24
453 548 10 25 14
455 1148 9 29 24
458 358 9 9 9
470 461 11 24 9
471 254 12 25 4
472 804 11 35 19
476 382 10 6 9
477 109 10 36 4
478 1241 12 57 24
480 1115 10 36 24
480 1207 11 26 24
487 1095 10 29 24
488 1107 10 3 24
489 925 11 25 19
498 550 11 11 14
502 732 12 13 14
507 73 11 55 4
512 512 12 54 14
515 1222 11 16 25
522 1089 10 20 25
528 636 10 21 15
528 137 10 28 5
532 1088 10 47 25
534 24 11 13 5
535 121 10 50 5
536 1135 9 15 25
537 617 9 59 15
543 303 10 42 10
547 68 10 11 5
548 20 11 50 5
549 702 10 58 15
552 22 11 36 5
554 634 9 11 15
560 547 10 7 15
570 373 8 53 10
592 821 9 37 20
597 918 8 34 20
603 328 8 59 10
605 1089 8 5 25
610 732 10 32 15
610 211 9 36 5
615 343 8 23 10
624 562 9 53 15
631 998 11 31 20
632 188 9 40 5
636 697 9 4 15
637 149 7 36 5
638 370 7 35 10
643 29 10 51 5
647 893 7 52 20
648 1155 8 47 25
665 746 11 12 15
666 887 8 12 20
666 815 9 34 20
666 861 8 25 20
680 690 9 55 15
681 671 9 49 15
684 473 10 16 10
684 1000 11 37 20
684 13 11 52 5
691 175 9 6 5
693 486 11 27 10
694 1124 9 29 25
698 964 10 9 20
705 907 9 26 20
707 1214 11 22 25
708 1247 11 38 25
726 1193 11 0 25
727 108 10 13 5
729 995 12 35 20
729 134 10 24 5
736 267 12 41 10
737 754 12 51 20
739 474 12 10 10
741 4 12 13 5
745 992 12 31 25
752 952 11 14 20
754 846 11 41 20
763 140 10 59 6
787 58 10 57 6
788 698 10 34 16
791 1069 10 46 26
798 217 10 9 6
799 810 10 38 21
807 830 9 21 21
815 62 9 26 6
822 668 9 33 16
826 819 9 2 21
828 1084 9 42 26
837 282 10 2 11
838 643 8 55 16
842 134 8 40 6
846 1248 11 21 26
848 279 10 16 11
849 953 9 50 21
850 455 9 47 11
852 1220 10 30 26
855 938 9 20 21
855 134 7 40 6
856 1025 10 43 26
859 1056 9 56 26
862 351 7 56 11
864 936 9 17 21
865 303 9 47 11
874 1144 7 6 26
880 255 11 30 6
882 75 8 18 6
882 1236 10 13 26
884 467 10 3 11
889 928 8 17 21
890 343 8 10 11
891 906 8 29 21
891 1059 9 56 26
896 67 9 12 6
902 900 8 8 21
905 168 8 9 6
913 1167 8 38 26
914 521 10 33 16
920 827 9 3 21
930 839 9 13 21
931 85 9 28 6
933 928 9 58 21
936 98 9 53 6
938 863 9 49 21
938 427 9 6 11
946 832 9 35 21
946 566 10 29 16
947 429 9 28 11
948 530 10 56 16
949 992 11 9 21
954 1094 9 4 26
959 587 10 52 16
959 819 10 57 21
962 36 11 21 6
964 1169 10 31 26
967 669 10 56 16
968 651 10 43 16
978 177 10 49 6
981 637 10 9 16
984 682 11 46 16
987 1091 10 59 26
995 946 11 11 21
997 933 11 16 21
1006 1196 11 47 26
1010 3 12 23 7
1010 1193 11 16 27
1013 409 10 56 12
1034 986 11 54 22
1049 1070 10 41 27
1050 1119 9 59 27
1052 848 9 59 22
1054 117 9 9 7
1057 3 11 50 7
1060 307 10 44 12
1066 711 10 51 17
1074 1077 9 56 27
1075 763 11 20 17
1079 941 9 12 22
1080 58 9 17 7
1080 780 10 8 22
1088 714 10 13 17
1095 986 10 21 22
1099 824 8 0 22
1099 520 10 10 17
1101 266 10 42 12
1101 841 8 23 22
1105 843 8 6 22
1106 285 10 25 12
1108 210 9 4 7
1112 658 8 7 17
1118 83 8 3 7
1121 378 7 3 12
1122 742 10 19 17
1123 852 7 19 22
1134 709 9 50 17
1139 826 8 34 22
1149 233 10 27 7
1156 1107 8 38 27
1157 176 9 20 7
1171 633 8 9 17
1171 399 8 38 12
1171 51 9 19 7
1173 360 8 10 12
1173 753 11 28 17
1175 280 10 4 12
1176 86 9 53 7
1186 1040 10 16 27
1206 1173 10 16 27
1206 664 9 5 17
1209 399 9 25 12
1212 475 11 24 12
1213 762 11 18 22
1214 959 11 46 22
1218 435 10 16 12
1219 235 11 21 7
1220 826 10 28 22
1230 693 11 39 17
1232 168 10 27 7
1235 1138 10 45 27
1238 1035 11 43 27
1247 368 11 27 12
