SF7_COMM_RANGE = 30
VERTEX_NUM = 370
MAP_WIDTH = 1250
MAP_LENGTH = 1250
Total links = 110
Capital delta = 3
SF1112 % = 27.5676
# of outliers = 0
DATA PERIOD = 60
------------------------------
x  y  SF  phase which_gateway: 
2 1210 11 12 23
6 546 11 0 13
8 484 12 52 8
16 394 10 14 8
16 369 10 48 8
19 1105 10 26 23
25 60 10 20 3
34 108 10 49 3
40 607 9 18 13
42 316 10 20 8
44 1073 10 58 23
50 14 11 36 3
62 545 10 33 13
63 990 11 51 18
65 243 11 42 3
69 39 10 43 3
69 340 9 26 8
75 505 11 35 8
77 1056 9 47 23
78 987 11 8 23
82 420 9 56 8
84 1244 11 11 23
87 283 10 38 8
93 1131 8 21 23
101 244 11 52 3
112 733 10 3 13
113 53 9 57 3
116 399 7 43 8
119 560 9 42 13
128 746 11 39 13
129 1063 9 4 23
130 507 10 46 13
130 783 10 32 18
132 214 9 57 3
133 137 7 1 3
134 948 9 20 18
137 941 9 15 18
138 553 9 13 13
145 794 9 10 18
145 1036 10 34 23
147 283 10 25 8
151 1157 8 0 23
154 1114 8 2 23
161 245 11 58 3
165 51 9 43 3
166 420 9 44 8
169 550 9 33 13
169 457 10 9 8
177 893 8 19 18
180 648 8 20 13
182 406 9 18 8
183 197 10 8 3
184 315 9 23 8
188 869 9 48 18
192 350 9 21 8
193 835 9 15 18
195 926 9 51 18
199 756 11 18 18
200 1239 11 50 23
201 460 10 26 8
203 902 9 58 18
211 804 10 55 18
217 244 12 12 3
221 204 11 30 3
221 1068 10 52 23
231 373 10 5 8
234 704 11 50 13
248 1231 12 59 23
251 156 11 19 3
252 183 11 52 3
254 243 12 25 3
261 339 10 36 9
263 778 11 52 19
264 836 10 28 19
265 499 12 35 9
270 333 10 36 9
272 3 12 12 4
282 703 11 0 14
287 1058 10 45 24
287 57 10 24 4
290 1121 9 21 24
291 247 11 55 4
291 1184 10 24 24
297 921 10 36 19
298 807 10 36 19
302 911 9 45 19
304 1012 11 52 24
305 483 11 19 9
308 1031 10 56 24
310 875 9 34 19
315 57 10 45 4
318 646 9 54 14
320 888 8 29 19
321 966 10 50 19
321 979 10 16 19
323 344 9 13 9
326 1132 8 55 24
326 955 10 58 19
330 535 10 13 14
334 1220 10 6 24
339 684 9 51 14
341 1135 8 38 24
345 952 9 43 19
346 901 8 43 19
349 507 11 58 9
361 1157 8 10 24
362 219 10 11 4
367 1069 8 3 24
370 587 8 10 14
372 204 9 57 4
373 829 8 19 19
374 105 7 23 4
388 595 8 44 14
388 950 9 43 19
394 656 8 0 14
397 674 8 20 14
404 1170 8 20 24
404 501 11 44 9
406 345 8 40 9
409 756 11 16 14
412 587 8 18 14
413 283 10 17 9
413 283 10 2 9
418 739 11 40 14
422 542 10 59 14
425 561 9 18 14
427 316 9 45 9
427 246 11 55 9
427 475 10 17 9
439 595 9 58 14
443 819 9 53 19
445 128 9 0 4
446 185 10 29 4
446 481 11 28 9
448 1088 9 43 24
448 269 11 27 9
451 1065 10 30 24
452 254 11 55 9
453 94 9 22 4
458 424 10 41 9
460 1226 11 44 24
462 966 11 41 19
464 1043 11 56 24
470 1088 10 20 24
471 1010 11 16 24
477 1126 10 48 24
479 485 12 41 9
480 897 10 37 19
493 966 11 32 19
497 507 12 13 9
509 179 11 45 4
509 654 10 43 15
517 1183 11 22 25
519 993 12 40 20
522 82 10 23 5
525 1051 11 22 25
537 379 9 50 10
539 520 11 0 15
544 1232 11 9 25
545 1127 9 59 25
547 836 9 59 20
548 297 10 2 10
549 1159 9 59 25
556 180 9 20 5
559 1159 9 31 25
559 357 9 43 10
560 518 11 39 15
564 153 9 53 5
567 791 10 30 20
574 570 9 2 15
583 869 8 26 20
584 1203 9 6 25
586 929 9 43 20
592 494 11 23 10
593 697 9 26 15
596 317 9 0 10
596 70 9 11 5
596 369 7 59 10
598 413 8 29 10
601 1091 8 36 25
606 829 8 4 20
607 617 7 6 15
607 1034 10 19 25
619 1054 9 27 25
620 987 10 46 20
632 217 10 34 5
636 870 7 41 20
640 481 10 29 10
644 593 8 34 15
647 845 8 50 20
648 1202 9 28 25
648 730 10 25 15
651 566 9 52 15
651 146 8 28 5
662 431 9 45 10
664 645 8 15 15
664 732 10 3 15
675 1098 8 17 25
683 42 10 1 5
689 725 10 25 15
689 717 10 19 15
691 645 9 27 15
704 496 11 31 10
705 966 11 54 20
705 8 11 50 5
713 419 10 49 10
717 115 10 46 5
718 30 11 54 5
720 62 10 41 5
721 603 10 7 15
728 640 10 30 15
734 532 11 45 15
736 770 12 14 20
742 23 12 41 5
746 741 12 4 15
748 780 12 52 20
752 505 12 7 11
760 347 10 45 11
760 112 10 21 6
765 246 12 41 6
768 102 10 27 6
774 926 10 50 21
775 453 11 59 11
775 91 10 12 6
777 670 10 10 16
777 336 10 36 11
780 1007 12 19 21
793 33 11 13 6
795 426 10 53 11
795 1102 9 20 26
796 979 11 30 21
801 1122 9 4 26
803 362 9 48 11
805 17 11 1 6
808 355 9 59 11
808 590 9 38 16
809 1046 10 42 26
813 1200 10 37 26
814 281 10 32 11
817 1051 10 15 26
819 93 9 45 6
820 278 10 54 11
821 789 10 53 21
822 875 8 59 21
824 487 11 35 11
824 781 10 57 21
828 260 11 43 6
832 897 8 42 21
833 70 9 35 6
833 1 11 57 6
835 192 9 16 6
835 352 8 2 11
835 463 10 39 11
837 409 8 7 11
839 515 10 14 16
843 521 10 49 16
844 738 10 43 16
846 572 9 34 16
847 8 11 54 6
853 394 7 29 11
863 1127 7 54 26
865 913 8 24 21
870 876 7 33 21
872 522 10 34 16
875 827 8 17 21
877 192 9 24 6
879 280 10 13 11
879 251 11 51 6
886 1009 10 2 26
888 710 9 37 16
894 1026 10 7 26
898 742 10 47 16
898 248 11 24 6
902 566 9 0 16
904 245 11 38 6
905 789 10 51 21
908 591 8 49 16
909 665 8 21 16
913 1128 8 26 26
915 1231 10 24 26
917 474 10 18 11
921 790 10 42 21
922 592 8 19 16
924 1192 9 49 26
925 1009 11 49 21
925 1134 8 25 26
934 865 8 38 21
939 1001 11 24 21
942 825 9 51 21
943 412 9 24 11
944 497 11 53 11
947 777 11 38 21
949 748 11 48 21
950 350 9 19 11
956 138 9 12 6
962 527 11 57 16
971 188 10 43 6
972 957 11 17 21
980 258 12 49 6
982 678 10 45 16
988 351 10 47 11
1000 263 12 56 11
1003 928 11 24 21
1006 932 11 11 21
1008 550 11 56 17
1008 1215 11 2 27
1013 906 10 2 22
1013 944 11 37 22
1022 249 12 16 12
1024 123 10 28 7
1030 49 11 2 7
1031 964 11 26 22
1032 1183 10 2 27
1033 1052 10 13 27
1036 144 10 16 7
1037 1011 11 43 27
1039 830 10 30 22
1039 377 9 54 12
1041 1047 10 8 27
1046 950 10 22 22
1052 170 9 11 7
1055 1107 9 53 27
1056 185 10 0 7
1058 40 10 59 7
1060 1098 9 12 27
1061 362 9 4 12
1062 149 9 49 7
1062 875 9 48 22
1067 629 8 22 17
1069 1204 10 38 27
1069 885 8 25 22
1076 815 9 9 22
1082 529 10 34 17
1082 1131 8 50 27
1086 661 8 12 17
1089 127 8 22 7
1097 1239 10 44 27
1103 632 7 14 17
1106 1008 10 59 27
1116 600 7 0 17
1119 318 8 43 12
1120 1144 7 53 27
1144 1125 7 27 27
1150 1206 9 37 27
1155 834 8 58 22
1155 65 9 43 7
1163 201 9 21 7
1172 962 10 29 22
1173 263 11 29 7
1174 768 10 21 22
1182 803 10 43 22
1189 1198 10 40 27
1190 963 10 14 22
1192 452 10 35 12
1196 516 11 32 17
1197 296 10 27 12
1201 483 11 39 12
1203 1168 9 21 27
1208 63 10 15 7
1214 224 11 53 7
1214 437 10 59 12
1217 359 10 32 12
1219 564 10 2 17
1223 482 11 25 12
1224 1004 12 22 22
1226 10 12 14 7
1227 819 10 39 22
1243 277 12 7 12
1248 480 12 21 12
1248 55 11 30 7
