SF7_COMM_RANGE = 30
VERTEX_NUM = 1100
MAP_WIDTH = 1250
MAP_LENGTH = 1250
Total links = 1108
Capital delta = 9
SF1112 % = 26
# of outliers = 0
DATA PERIOD = 60
------------------------------
x  y  SF  phase which_gateway: 
2 309 11 23 8
3 635 11 58 13
5 101 11 38 3
5 317 11 18 8
6 627 10 39 13
7 169 11 41 3
9 455 11 1 8
9 445 11 5 8
10 353 10 31 8
11 1216 11 3 23
14 572 11 12 13
14 977 12 33 18
15 357 10 8 8
18 374 10 59 8
20 310 11 18 8
21 319 10 57 8
22 1035 11 40 23
22 80 10 41 3
24 590 10 40 13
24 1225 11 45 23
24 7 12 45 3
24 17 11 31 3
27 1237 11 53 23
27 80 10 47 3
28 415 10 41 8
29 654 10 13 13
29 169 10 2 3
30 1179 10 24 23
32 471 11 33 8
33 950 10 25 18
35 50 10 12 3
35 220 11 57 3
36 264 11 16 8
37 746 11 51 13
37 563 10 7 13
38 551 10 47 13
38 412 10 32 8
43 720 11 8 13
45 25 11 45 3
45 1227 11 4 23
46 696 10 3 13
46 273 11 49 8
47 240 11 37 3
47 246 11 3 3
48 91 9 48 3
48 716 10 47 13
48 697 10 0 13
51 18 11 21 3
53 743 11 28 13
55 333 9 41 8
58 274 11 58 8
59 1072 9 5 23
62 1217 10 4 23
62 1032 10 52 23
65 1030 10 52 23
65 841 9 45 18
66 209 10 5 3
68 530 10 46 13
68 201 10 1 3
69 542 10 39 13
69 725 10 4 13
71 773 10 5 18
73 369 8 28 8
74 1 11 20 3
74 725 10 56 13
75 959 10 35 18
76 545 10 59 13
78 1247 11 21 23
79 514 11 35 8
79 438 9 44 8
80 1002 11 25 23
80 1105 8 31 23
82 1158 8 33 23
82 271 10 54 8
82 870 8 34 18
82 462 10 22 8
83 1060 9 33 23
86 231 10 35 3
87 201 9 35 3
88 284 10 1 8
90 586 8 8 13
91 190 9 33 3
92 620 8 59 13
92 687 9 12 13
92 185 9 25 3
92 581 8 51 13
93 1165 8 49 23
93 343 8 23 8
94 647 8 30 13
94 1135 8 50 23
94 980 10 54 18
95 972 10 34 18
97 709 9 47 13
97 1084 8 22 23
99 45 9 46 3
99 978 10 44 18
100 418 8 49 8
101 823 8 45 18
102 1117 7 5 23
104 426 8 24 8
108 202 9 30 3
109 291 9 22 8
109 53 9 55 3
110 1080 8 55 23
111 871 7 8 18
112 33 10 30 3
112 890 7 9 18
113 1109 7 41 23
113 227 10 57 3
115 528 10 44 13
116 1242 10 34 23
116 1101 7 5 23
117 497 11 18 8
117 831 8 33 18
118 817 8 17 18
119 385 7 35 8
123 146 7 17 3
124 1004 11 6 23
124 1003 11 58 23
125 284 10 47 8
126 1215 10 48 23
128 10 10 52 3
129 214 9 21 3
131 824 8 35 18
132 621 7 6 13
134 1100 7 7 23
134 284 10 19 8
135 765 10 55 18
135 928 8 44 18
136 496 11 16 8
138 1008 10 12 23
139 722 10 6 13
139 423 8 38 8
140 43 9 7 3
142 515 10 2 13
147 287 10 38 8
148 83 8 29 3
148 1023 10 3 23
149 97 8 19 3
150 98 8 26 3
150 4 11 48 3
151 898 8 46 18
153 961 10 31 18
153 964 10 58 18
154 606 8 19 13
154 424 8 40 8
155 579 8 33 13
155 488 10 28 8
156 1243 11 46 23
157 538 10 32 13
157 1096 8 15 23
158 247 11 26 8
159 208 9 16 3
160 630 8 28 13
161 973 10 2 18
163 1169 8 23 23
164 1148 8 35 23
166 84 8 13 3
166 677 9 10 13
167 339 8 12 8
169 130 8 30 3
170 487 11 22 8
170 623 8 18 13
172 1096 8 0 23
172 765 10 22 18
175 199 9 12 3
182 82 9 31 3
183 731 11 51 13
184 889 9 16 18
185 1123 9 50 23
185 193 10 10 3
186 1150 9 56 23
186 952 10 28 18
186 894 9 33 18
186 385 9 46 8
187 1126 9 48 23
187 624 9 14 13
189 947 10 19 18
189 830 9 16 18
189 738 11 52 13
190 379 9 43 8
191 892 9 24 18
191 237 11 19 3
193 797 10 52 18
193 29 10 52 3
193 743 11 21 13
194 983 11 7 18
195 297 10 20 8
197 1136 9 26 23
197 459 10 17 8
200 173 9 32 3
202 838 9 48 18
204 435 10 32 8
204 383 9 42 8
205 443 10 49 8
205 346 9 54 8
205 777 11 55 18
207 661 9 20 13
208 104 9 37 3
208 702 10 3 13
209 850 9 2 18
209 399 9 47 8
210 60 10 51 3
215 415 10 31 8
215 252 12 13 8
219 278 11 37 8
220 439 10 11 8
221 384 10 19 8
223 617 10 48 13
225 888 10 19 18
226 344 10 11 8
226 1206 11 24 23
228 1008 12 43 18
228 1188 11 22 23
231 1141 10 16 23
232 1047 11 28 23
234 484 12 35 8
236 626 10 23 13
236 1024 12 48 23
236 1053 11 2 23
238 1205 11 32 23
239 734 12 12 13
239 823 11 50 18
240 342 10 4 8
240 912 11 54 18
241 216 11 31 3
241 538 11 58 13
242 1027 12 41 23
246 870 11 43 18
247 199 11 28 3
248 698 11 36 13
249 1028 12 46 23
250 338 11 7 8
250 455 11 27 8
251 116 11 9 3
251 78 11 20 3
251 441 11 4 8
252 567 11 12 13
254 703 11 39 14
255 402 11 45 8
256 430 11 23 8
256 1100 11 43 23
256 985 12 9 18
258 365 10 59 9
258 1025 12 5 23
259 1116 10 25 24
260 844 10 27 19
261 975 12 33 18
262 1052 11 40 24
264 767 12 7 18
266 90 10 35 4
267 184 11 12 4
268 326 10 11 9
268 988 12 17 19
268 297 11 9 9
269 28 11 57 4
269 324 10 49 9
273 1241 12 59 24
276 381 10 39 9
282 198 10 32 4
285 441 10 27 9
286 716 11 7 14
286 621 9 10 14
287 788 11 35 19
287 790 11 35 19
288 501 12 11 9
289 685 10 47 14
291 1107 9 31 24
291 1213 11 23 24
292 385 9 27 9
292 570 10 16 14
292 29 11 47 4
294 816 10 2 19
294 922 10 25 19
295 692 10 38 14
295 317 10 59 9
297 691 10 50 14
299 144 9 57 4
299 1072 10 32 24
300 683 10 22 14
301 434 10 4 9
303 259 11 7 9
304 318 10 35 9
304 4 11 7 4
305 1179 9 25 24
306 998 11 44 19
306 278 10 4 9
306 900 9 6 19
307 1213 10 43 24
307 656 9 35 14
307 1105 9 38 24
307 187 10 3 4
307 185 10 43 4
308 907 9 49 19
309 343 9 38 9
314 1099 9 18 24
316 56 10 0 4
317 889 8 17 19
318 174 9 49 4
318 1230 10 16 24
320 762 11 44 14
320 1091 9 58 24
321 144 8 55 4
322 1120 8 38 24
322 844 9 23 19
323 1141 8 33 24
325 290 10 38 9
325 674 9 6 14
325 638 8 30 14
327 562 9 10 14
327 595 8 28 14
327 453 10 26 9
328 890 8 10 19
332 169 9 3 4
333 104 8 33 4
333 864 8 35 19
334 401 8 39 9
334 401 8 37 9
336 408 8 41 9
336 223 10 15 4
337 1186 9 5 24
338 906 8 11 19
344 1168 8 10 24
346 1216 10 48 24
346 1083 8 0 24
348 1108 8 40 24
348 500 11 58 9
348 442 9 53 9
348 892 8 57 19
350 784 10 39 19
350 189 9 1 4
350 603 8 34 14
351 1184 9 37 24
354 640 7 56 14
357 144 7 12 4
357 506 11 1 14
358 1121 7 21 24
358 419 8 50 9
359 472 10 7 9
360 767 10 43 19
361 241 10 53 4
361 283 10 35 9
362 20 10 9 4
362 588 8 3 14
363 426 8 31 9
363 646 7 42 14
364 367 7 30 9
368 602 7 2 14
370 318 8 11 9
372 536 9 3 14
372 906 8 17 19
372 933 8 8 19
373 495 11 14 9
376 941 9 27 19
376 315 9 56 9
377 256 10 7 9
377 1111 7 7 24
378 57 9 46 4
378 214 9 52 4
378 475 10 5 9
378 582 8 26 14
379 153 7 53 4
380 763 10 31 19
380 854 7 55 19
382 478 10 41 9
382 328 8 43 9
384 225 10 48 4
385 863 7 2 19
386 1147 7 34 24
387 150 7 55 4
388 858 7 45 19
389 1097 8 19 24
389 736 10 23 14
389 303 9 46 9
390 582 8 22 14
392 210 9 46 4
394 566 9 20 14
395 2 11 52 4
396 137 7 48 4
396 969 10 31 19
396 669 8 55 14
397 285 10 58 9
398 1192 9 32 24
399 65 9 1 4
400 279 10 25 9
401 751 11 28 14
401 815 9 8 19
402 609 8 25 14
402 1098 8 7 24
402 1074 8 0 24
403 504 11 22 9
404 720 10 25 14
404 470 10 45 9
405 910 8 53 19
405 1023 10 20 24
406 88 8 26 4
407 512 10 28 14
407 87 8 9 4
409 997 11 28 19
412 1157 8 54 24
412 1017 10 56 24
412 119 8 5 4
414 123 8 13 4
414 4 11 19 4
416 1073 9 51 24
417 241 11 35 9
418 468 10 57 9
418 1028 10 11 24
422 261 11 19 4
422 1225 10 46 24
423 407 8 35 9
423 1040 10 6 24
426 1205 10 44 24
429 1080 9 7 24
429 1044 10 8 24
430 915 9 1 19
430 275 10 27 9
431 399 9 8 9
431 649 9 18 14
433 367 8 34 9
436 291 10 1 9
437 360 9 32 9
437 1166 9 51 24
437 69 9 38 4
440 928 9 25 19
440 425 9 12 9
442 558 10 5 14
444 203 10 46 4
444 115 9 13 4
444 361 9 25 9
445 662 9 40 14
445 653 9 1 14
448 278 11 23 9
448 214 10 54 4
449 570 10 13 14
449 18 11 14 4
450 1173 9 21 24
452 1034 10 10 24
453 779 11 18 19
455 847 9 33 19
455 49 10 56 4
456 1063 10 53 24
456 614 9 39 14
458 359 9 40 9
459 666 10 52 14
461 1058 10 39 24
463 828 10 34 19
466 480 11 19 9
466 648 10 40 14
469 427 10 52 9
472 105 10 46 4
472 498 12 41 9
472 242 12 25 9
473 499 12 29 9
473 1200 11 19 24
474 1232 11 42 24
475 272 11 33 9
475 240 12 16 4
476 600 10 28 14
476 244 12 46 4
477 424 10 42 9
477 164 10 9 4
478 437 11 40 9
478 1122 10 57 24
481 994 12 55 19
482 50 11 53 4
483 1038 11 11 24
484 732 12 16 14
485 527 11 3 14
485 1191 11 21 24
487 691 11 49 14
487 748 12 0 14
488 833 11 6 19
488 488 12 21 9
490 119 10 32 4
490 1101 10 58 24
494 308 11 0 9
496 1187 11 6 24
497 1103 11 10 24
497 440 11 40 9
499 827 11 51 19
500 515 12 48 14
504 408 11 13 10
504 639 11 16 14
507 604 10 17 15
508 823 11 25 19
510 89 11 50 4
511 728 12 51 15
511 649 10 41 15
511 407 10 19 10
512 13 12 29 4
513 1074 11 15 24
513 1040 11 20 25
514 355 10 9 10
514 592 10 12 15
514 1011 12 7 24
516 53 11 2 5
516 272 11 16 10
517 594 10 23 15
519 1025 11 58 25
520 388 10 37 10
520 1127 10 5 25
522 589 10 50 15
523 1066 10 44 25
524 1161 10 26 25
525 1145 10 22 25
525 246 12 34 10
527 438 10 18 10
527 485 11 21 10
530 926 10 44 20
530 660 10 51 15
541 890 9 4 20
543 1034 11 24 25
544 492 11 4 10
545 915 9 12 20
545 61 10 42 5
545 939 10 29 20
546 64 10 2 5
548 822 10 25 20
548 493 11 3 10
549 1169 9 13 25
552 568 10 46 15
553 165 9 18 5
555 666 9 25 15
555 187 10 48 5
556 1184 10 23 25
559 696 10 32 15
559 727 11 42 15
561 350 9 31 10
564 712 10 56 15
564 1126 9 40 25
566 713 10 0 15
567 494 11 53 10
570 720 10 30 15
570 723 10 44 15
571 552 10 11 15
576 180 9 45 5
576 697 9 11 15
580 144 8 29 5
581 899 8 58 20
583 1043 10 47 25
584 233 10 20 5
584 895 8 2 20
584 967 10 12 20
585 494 11 17 10
585 914 8 14 20
586 589 8 46 15
588 1204 9 38 25
590 26 10 16 5
590 818 9 3 20
591 85 8 41 5
591 780 10 22 20
593 1025 10 49 25
595 10 10 52 5
598 555 9 47 15
598 906 8 29 20
599 735 10 7 15
599 1012 10 20 25
601 633 7 12 15
603 452 9 38 10
603 82 8 8 5
604 877 7 52 20
605 533 10 38 15
606 1226 10 53 25
606 457 9 15 10
606 1058 9 15 25
607 293 9 4 10
608 870 7 0 20
608 948 9 18 20
611 1015 10 25 25
612 759 10 58 20
614 1190 9 5 25
615 1150 7 38 25
615 1012 10 52 25
618 472 10 17 10
618 340 8 55 10
618 745 11 6 15
619 754 11 55 15
620 28 10 33 5
620 1245 11 14 25
623 756 10 58 20
625 56 9 7 5
628 832 8 36 20
628 159 8 40 5
629 698 9 51 15
629 206 9 16 5
630 216 10 9 5
630 1214 9 58 25
632 807 9 28 20
633 113 7 21 5
634 40 9 28 5
636 213 9 36 5
636 110 7 6 5
636 23 10 58 5
638 93 8 29 5
638 949 9 13 20
639 374 7 5 10
639 54 9 25 5
640 702 9 5 15
643 1086 8 23 25
647 56 9 50 5
650 604 8 3 15
650 532 10 29 15
652 316 9 28 10
654 687 9 47 15
654 1084 8 38 25
654 737 10 15 15
655 99 8 53 5
656 729 10 34 15
657 4 11 41 5
657 759 11 59 15
658 40 10 24 5
659 507 11 40 15
659 1068 9 28 25
660 102 8 56 5
660 949 9 31 20
661 685 9 44 15
662 646 8 6 15
662 844 8 21 20
665 204 9 12 5
666 1101 8 19 25
667 158 8 49 5
667 1033 10 40 25
669 867 8 17 20
669 674 9 39 15
671 1198 9 1 25
672 299 9 30 10
673 390 8 45 10
674 736 11 26 15
678 441 9 35 10
678 705 10 8 15
683 504 11 8 10
683 532 10 30 15
684 671 9 29 15
686 93 9 29 5
688 343 9 17 10
689 923 9 8 20
690 252 11 44 5
690 638 9 2 15
692 1058 10 34 25
693 134 9 25 5
693 735 11 2 15
694 880 9 50 20
694 1065 10 5 25
695 405 9 30 10
697 592 9 47 15
698 565 10 28 15
699 1220 11 6 25
701 98 9 45 5
701 1133 9 49 25
702 709 10 18 15
703 417 9 4 10
705 1222 11 30 25
705 498 11 50 10
706 837 9 14 20
706 607 9 2 15
711 1031 11 51 25
711 587 10 44 15
712 6 11 47 5
712 868 9 9 20
713 302 10 12 10
713 834 10 47 20
713 171 10 17 5
714 994 11 34 20
719 987 11 17 20
723 142 10 46 5
726 348 10 44 10
728 1157 10 17 25
729 1126 10 23 25
732 541 11 46 15
734 579 10 43 15
735 124 10 40 5
737 517 12 40 15
737 736 12 25 15
739 583 11 46 15
740 178 11 2 5
741 1197 11 12 25
743 323 11 6 10
743 510 12 8 10
745 160 11 57 5
745 164 11 48 5
746 124 11 18 5
747 655 11 54 15
749 631 11 18 15
749 668 11 8 15
751 602 11 8 15
752 374 11 20 10
756 608 11 51 15
758 1059 11 44 25
759 655 10 59 16
760 179 11 0 5
761 386 10 48 11
761 702 11 39 16
761 604 10 18 16
761 663 11 23 15
762 635 10 56 16
762 60 11 56 6
765 279 11 59 11
766 921 10 5 21
766 24 11 19 6
767 548 11 45 16
769 216 11 40 6
771 756 12 0 16
772 955 11 18 21
774 630 10 5 16
774 879 10 38 21
774 929 10 20 21
774 611 10 10 16
775 1221 11 36 26
775 941 10 21 21
775 457 11 7 11
775 308 11 24 11
778 864 10 39 21
779 151 10 53 6
781 1118 10 43 26
782 525 11 48 16
782 195 10 1 6
783 1177 10 55 26
785 398 10 39 11
786 1206 11 38 26
786 696 10 47 16
788 1068 10 32 26
788 244 11 26 6
791 298 10 26 11
793 907 9 42 21
795 749 11 41 16
797 554 10 14 16
798 1095 9 38 26
800 859 9 40 21
800 513 11 11 16
801 555 10 50 16
801 241 11 18 6
803 641 9 51 16
804 767 11 42 21
804 940 10 36 21
805 876 9 48 21
806 810 10 12 21
806 840 9 48 21
806 716 10 58 16
806 337 9 48 11
806 996 11 9 21
807 36 10 58 6
807 443 10 13 11
807 369 9 49 11
808 242 11 51 6
808 588 9 48 16
809 236 11 29 6
812 714 10 45 16
812 17 11 35 6
816 830 9 0 21
817 666 9 23 16
818 722 10 14 16
818 1232 11 32 26
819 1179 9 49 26
821 324 9 40 11
824 282 10 14 11
824 466 10 23 11
825 1140 8 46 26
826 455 10 45 11
828 1072 9 3 26
828 509 11 57 16
829 1092 8 27 26
831 1215 10 13 26
831 1029 10 40 26
831 702 9 9 16
832 1201 9 49 26
833 296 9 29 11
834 948 9 13 21
834 778 10 30 21
834 1130 8 27 26
836 1168 8 53 26
836 1083 8 39 26
837 1107 8 17 26
837 503 11 58 11
838 1117 8 20 26
838 836 8 9 21
839 1129 8 38 26
839 1250 11 41 26
840 110 8 54 6
840 18 10 14 6
841 759 11 42 16
842 645 8 17 16
849 944 9 20 21
849 745 11 14 16
850 624 7 58 16
850 1034 10 1 26
852 253 11 21 6
855 1089 8 21 26
856 416 8 47 11
856 634 7 6 16
858 963 9 17 21
858 219 10 37 6
859 161 8 33 6
859 845 8 30 21
862 152 7 17 6
862 25 10 34 6
862 739 10 12 16
866 908 8 46 21
867 1234 10 47 26
867 88 8 34 6
871 129 7 6 6
871 37 9 40 6
874 892 7 13 21
874 143 7 23 6
878 375 7 39 11
880 436 9 26 11
881 1071 8 24 26
881 124 7 17 6
883 320 8 7 11
884 1030 10 18 26
885 131 7 23 6
887 733 10 49 16
888 1133 7 27 26
888 1093 8 44 26
889 313 9 56 11
889 114 7 18 6
890 729 10 37 16
890 64 9 17 6
891 473 10 31 11
893 1036 10 16 26
894 271 10 23 11
894 882 7 48 21
897 310 9 53 11
897 40 9 48 6
899 37 10 11 6
899 333 8 11 11
899 32 10 22 6
902 461 10 23 11
902 971 10 49 21
903 292 9 1 11
903 193 9 49 6
903 917 8 55 21
904 339 8 41 11
904 1075 8 54 26
904 947 9 11 21
904 788 10 12 21
904 573 8 20 16
905 681 9 35 16
906 301 9 22 11
909 322 9 20 11
909 133 8 46 6
911 518 10 37 16
916 468 10 1 11
917 448 9 13 11
919 856 8 13 21
919 1160 8 57 26
920 296 10 31 11
921 302 9 42 11
921 34 10 6 6
922 1203 10 55 26
926 101 8 59 6
927 477 10 29 11
929 707 10 43 16
931 333 9 44 11
932 137 8 9 6
932 101 9 46 6
932 540 10 55 16
933 132 8 31 6
934 1157 9 1 26
934 1027 10 45 26
934 348 9 32 11
935 635 9 50 16
942 525 11 32 16
942 120 9 6 6
942 137 9 45 6
942 450 10 43 11
943 421 9 10 11
944 383 9 5 11
944 565 10 19 16
946 260 11 24 11
947 831 9 17 21
947 395 9 5 11
948 300 10 2 11
948 388 9 19 11
949 164 9 10 6
952 509 11 7 16
952 1140 9 16 26
953 332 9 34 11
955 1227 11 50 26
955 809 10 23 21
959 606 9 29 16
960 631 9 49 16
961 652 10 44 16
963 928 10 4 21
963 194 10 25 6
965 624 10 54 16
966 238 11 51 6
969 22 11 21 6
969 467 11 17 11
972 324 10 52 11
972 619 10 58 16
973 33 11 42 6
973 1179 10 43 26
975 1059 10 30 26
975 475 11 48 11
976 247 12 28 6
977 396 10 6 11
978 880 10 50 21
980 773 11 25 21
980 302 11 17 11
981 43 11 15 6
981 369 10 43 11
982 411 10 14 11
983 1157 10 17 26
983 252 12 2 11
983 1037 11 24 26
984 1066 11 24 26
986 232 12 10 6
986 186 11 50 6
987 691 11 6 16
987 407 10 25 11
992 221 12 11 6
992 1097 11 47 26
993 105 10 2 6
997 955 11 16 21
998 729 12 13 16
1000 625 11 56 16
1001 357 11 59 11
1002 783 12 26 21
1003 832 11 5 22
1006 735 12 51 16
1007 87 11 24 6
1007 380 10 47 12
1009 258 12 34 7
1011 1140 10 46 27
1011 416 11 27 11
1011 72 11 54 6
1012 1102 10 52 27
1013 301 11 18 12
1014 976 12 12 21
1015 565 11 1 17
1015 1018 12 33 26
1016 1077 10 55 27
1016 481 12 15 11
1016 395 10 42 12
1018 156 10 49 7
1019 112 10 32 7
1020 651 10 58 17
1021 616 10 51 17
1023 597 10 22 17
1023 896 10 5 22
1024 116 10 17 7
1024 726 11 26 17
1025 1153 10 52 27
1026 368 10 19 12
1027 930 10 42 22
1029 901 10 5 22
1031 539 11 7 17
1031 316 10 41 12
1037 100 10 31 7
1038 68 10 4 7
1040 722 11 24 17
1040 438 10 47 12
1045 396 9 52 12
1046 354 9 51 12
1048 966 10 26 22
1049 999 11 11 22
1050 992 11 45 22
1051 670 9 10 17
1053 1168 9 29 27
1058 330 9 57 12
1059 363 9 12 12
1062 1157 9 54 27
1063 13 11 44 7
1064 1207 10 27 27
1064 375 9 36 12
1067 1049 10 25 27
1068 877 8 51 22
1070 374 8 35 12
1073 825 9 17 22
1075 1228 10 14 27
1077 109 8 32 7
1079 118 8 34 7
1079 1023 10 32 27
1079 109 8 24 7
1081 418 9 45 12
1084 199 9 14 7
1084 10 11 22 7
1084 406 8 44 12
1085 831 8 47 22
1085 771 10 45 22
1091 1055 9 48 27
1093 940 9 11 22
1093 592 8 25 17
1095 393 8 32 12
1095 370 8 2 12
1096 784 10 51 22
1099 355 8 44 12
1099 214 10 40 7
1102 872 7 1 22
1102 235 10 5 7
1103 285 10 29 12
1103 32 10 13 7
1111 226 10 0 7
1112 952 9 14 22
1112 1230 10 33 27
1114 1115 7 28 27
1115 178 8 31 7
1115 687 9 24 17
1117 393 7 3 12
1119 334 8 48 12
1120 1130 7 30 27
1121 295 9 27 12
1122 1244 10 14 27
1124 438 9 2 12
1128 1156 8 44 27
1128 1157 8 59 27
1130 858 7 8 22
1133 46 9 58 7
1133 847 7 43 22
1135 1042 9 55 27
1137 220 10 43 7
1140 1065 9 24 27
1140 909 8 59 22
1142 1094 8 8 27
1143 210 9 56 7
1144 651 8 1 17
1144 503 11 51 12
1144 916 8 40 22
1144 54 9 33 7
1145 157 8 53 7
1147 777 10 46 22
1147 1013 10 3 27
1148 1137 7 58 27
1149 213 10 46 7
1151 563 9 9 17
1154 918 8 31 22
1154 1010 10 14 27
1154 777 10 40 22
1155 200 9 56 7
1159 612 8 10 17
1162 631 8 29 17
1163 182 9 26 7
1163 943 9 29 22
1164 175 9 35 7
1164 447 9 21 12
1166 652 8 13 17
1166 642 8 35 17
1167 1222 10 29 27
1167 722 10 11 17
1167 57 9 10 7
1168 1031 10 25 27
1170 790 10 47 22
1173 1179 9 34 27
1174 438 9 24 12
1174 583 9 47 17
1175 836 9 31 22
1177 844 9 17 22
1181 122 8 39 7
1181 466 10 3 12
1183 751 11 43 17
1184 569 9 32 17
1186 297 10 49 12
1191 175 9 46 7
1193 327 9 30 12
1193 1203 10 27 27
1193 791 10 47 22
1194 525 11 54 17
1197 872 9 34 22
1201 1097 9 27 27
1203 208 10 50 7
1204 304 10 36 12
1205 636 9 48 17
1206 1139 9 8 27
1206 577 10 5 17
1207 1202 10 16 27
1208 1084 10 29 27
1209 338 10 19 12
1209 1051 10 43 27
1211 183 10 59 7
1213 155 10 30 7
1213 878 9 53 22
1215 1160 10 16 27
1215 669 10 17 17
1216 562 10 20 17
1217 264 11 32 12
1223 176 10 57 7
1224 339 10 43 12
1226 937 10 41 22
1228 1062 11 36 27
1228 248 12 38 12
1228 31 11 24 7
1230 753 12 0 17
1231 340 10 28 12
1231 119 10 2 7
1232 2 12 30 7
1235 40 11 47 7
1237 617 10 49 17
1237 1178 11 16 27
1237 321 11 21 12
1238 177 11 9 7
1239 648 10 6 17
1240 382 10 57 12
1242 672 11 49 17
1242 11 12 7 7
1245 570 11 3 17
1246 61 11 5 7
1248 537 12 36 17
1248 762 12 14 22
1249 1207 11 48 27
