SF7_COMM_RANGE = 30
VERTEX_NUM = 1140
MAP_WIDTH = 1250
MAP_LENGTH = 1250
Total links = 1148
Capital delta = 9
SF1112 % = 27.0175
# of outliers = 0
DATA PERIOD = 60
------------------------------
x  y  SF  phase which_gateway: 
2 1057 11 23 23
5 418 11 54 8
7 471 12 2 8
7 633 10 6 13
9 3 12 21 3
10 1246 12 6 23
10 832 11 12 18
11 656 10 59 13
11 41 11 23 3
12 131 10 57 3
15 1182 11 10 23
15 256 12 0 3
17 749 12 47 18
20 170 10 25 3
20 722 11 26 13
21 1176 10 27 23
24 902 10 47 18
25 896 10 25 18
26 1108 10 17 23
26 303 11 46 8
28 417 10 6 8
31 1154 10 16 23
31 268 11 32 8
31 469 11 9 8
32 116 10 13 3
33 339 10 31 8
33 633 10 23 13
34 529 11 27 13
36 243 11 28 3
37 658 10 46 13
37 883 9 28 18
37 1249 12 51 23
37 482 11 40 8
37 1010 11 22 23
38 806 10 49 18
38 784 11 53 18
38 773 11 20 18
39 629 9 2 13
39 291 11 44 8
39 147 9 43 3
39 979 11 59 18
40 1159 10 54 23
42 665 10 35 13
42 1020 11 38 23
45 1016 11 20 23
48 1164 9 54 23
52 1110 9 57 23
52 876 9 59 18
53 752 11 19 13
59 630 9 6 13
59 650 9 45 13
60 394 9 18 8
60 965 10 22 18
60 1089 9 17 23
61 734 11 27 13
62 269 11 35 8
63 146 9 40 3
63 79 9 42 3
64 1088 9 54 23
65 763 11 0 18
66 698 10 20 13
67 83 9 14 3
67 87 9 51 3
67 638 8 0 13
67 491 11 36 8
68 207 10 33 3
69 399 9 45 8
70 1166 9 48 23
73 125 8 35 3
74 222 10 30 3
74 68 9 24 3
75 1221 10 26 23
76 843 8 16 18
78 620 8 59 13
78 467 10 57 8
79 29 10 28 3
80 874 8 45 18
80 573 9 54 13
82 274 10 27 8
82 383 8 5 8
82 1227 10 1 23
83 1199 9 12 23
83 124 8 23 3
88 66 9 23 3
88 43 9 21 3
90 1241 11 42 23
92 165 8 51 3
93 1190 9 53 23
94 459 9 25 8
94 323 9 45 8
94 633 8 53 13
95 1179 9 45 23
95 1205 9 0 23
96 561 9 37 13
97 1062 9 38 23
98 505 11 28 8
99 497 11 2 8
100 132 7 15 3
101 235 10 9 3
101 669 8 29 13
101 57 9 37 3
102 629 7 33 13
103 56 9 55 3
103 798 9 54 18
110 499 11 24 8
112 575 8 44 13
112 895 7 22 18
113 1083 8 10 23
114 533 10 39 13
115 1041 9 42 23
116 18 10 15 3
116 378 7 40 8
116 757 10 54 18
117 206 9 30 3
119 847 7 3 18
120 385 7 8 8
120 374 7 12 8
121 654 7 54 13
122 385 7 1 8
123 622 7 29 13
124 824 8 32 18
125 328 8 47 8
128 131 7 7 3
129 34 10 24 3
129 1007 10 16 23
129 855 7 37 18
130 44 9 44 3
130 842 8 18 18
131 1241 10 44 23
131 1248 11 53 23
133 37 9 47 3
133 464 9 22 8
136 998 11 18 18
138 872 7 34 18
141 974 10 8 18
141 894 7 43 18
143 112 7 19 3
145 789 9 30 18
146 818 9 53 18
146 191 9 58 3
150 725 10 12 13
153 603 8 0 13
153 299 9 30 8
154 1128 7 59 23
155 646 8 22 13
156 727 10 33 13
157 1124 8 7 23
160 906 8 26 18
161 641 8 20 13
166 923 9 0 18
167 947 9 56 18
169 345 8 44 8
169 786 10 47 18
170 645 8 55 13
170 177 9 8 3
172 72 9 55 3
172 196 9 24 3
174 80 9 44 3
175 31 10 13 3
175 377 8 8 8
176 474 10 38 8
177 324 9 52 8
178 346 9 30 8
178 91 9 56 3
179 602 8 27 13
179 528 10 30 13
181 967 10 31 18
182 81 9 38 3
183 380 8 1 8
184 755 11 16 13
186 798 10 36 18
187 1065 9 5 23
187 425 9 16 8
187 257 11 6 3
187 481 11 56 8
188 593 9 30 13
189 624 9 31 13
190 886 9 55 18
192 676 9 57 13
192 451 10 43 8
193 860 9 56 18
193 1084 9 53 23
195 998 11 19 18
195 852 9 35 18
196 512 11 40 13
198 989 11 19 18
199 197 10 31 3
199 824 9 4 18
201 1237 11 4 23
202 1031 11 36 23
203 743 11 12 13
203 75 10 42 3
204 18 11 21 3
205 928 10 35 18
206 789 10 30 18
207 1112 9 48 23
210 1197 10 5 23
210 290 11 54 8
211 475 11 26 8
214 637 9 58 13
214 848 10 10 18
215 1076 10 54 23
217 896 10 56 18
217 93 10 19 3
220 608 10 52 13
221 849 10 44 18
223 1199 11 49 23
223 1244 12 15 23
223 822 10 40 18
224 1102 10 46 23
225 621 10 59 13
227 923 10 36 18
229 311 11 31 8
230 215 11 10 3
230 829 10 3 18
231 310 11 11 8
232 424 10 30 8
232 206 11 26 3
233 43 11 7 3
233 445 11 34 8
234 790 11 55 18
236 361 10 12 8
240 130 10 8 3
240 1156 10 16 23
241 676 11 39 13
241 230 12 30 3
243 878 10 56 18
244 215 11 36 3
245 1225 12 24 23
245 1126 11 14 23
247 333 11 35 8
248 751 12 35 13
249 1170 11 8 23
250 258 12 23 8
250 355 11 46 8
251 796 11 52 18
255 321 11 7 8
255 452 11 35 9
256 556 11 7 13
256 391 11 47 8
256 799 11 22 19
258 80 11 58 3
258 919 11 15 18
258 560 11 45 13
259 1064 11 9 23
259 759 12 11 14
260 1130 10 49 24
261 561 11 39 14
263 535 11 37 14
265 756 12 56 14
265 176 11 13 3
266 699 11 32 14
266 660 10 0 14
267 1156 10 13 24
267 149 10 40 4
271 433 10 39 9
276 408 10 43 9
277 1248 12 36 24
277 302 11 16 9
278 534 11 8 14
278 423 10 50 9
279 1208 11 43 24
279 1031 11 35 24
281 473 11 50 9
281 897 10 58 19
282 520 11 21 14
284 1040 11 42 24
285 491 11 5 9
287 669 10 56 14
288 740 11 42 14
290 704 10 45 14
290 265 11 10 9
292 935 10 40 19
293 529 11 52 14
293 1039 10 56 24
294 1 11 41 4
295 572 10 55 14
295 778 11 37 19
296 130 9 20 4
296 1120 9 33 24
297 647 9 25 14
298 1067 10 25 24
299 671 9 57 14
300 1162 9 26 24
301 1215 10 38 24
302 1086 9 38 24
302 1047 10 57 24
302 217 10 22 4
303 1102 9 14 24
305 1031 10 5 24
306 1228 11 22 24
306 1240 11 57 24
311 985 11 48 19
316 8 11 57 4
318 135 8 47 4
318 541 10 38 14
320 11 11 18 4
320 1127 8 30 24
320 430 9 44 9
321 1153 9 6 24
322 155 9 12 4
324 576 9 21 14
325 1066 9 17 24
326 954 10 44 19
327 682 9 5 14
328 551 9 5 14
328 516 10 26 14
328 954 10 1 19
331 1218 10 34 24
331 525 10 38 14
334 810 9 26 19
335 849 8 59 19
335 545 9 4 14
335 922 9 23 19
338 856 8 17 19
340 654 8 34 14
341 150 8 53 4
343 967 10 15 19
346 128 7 48 4
348 442 9 0 9
349 1042 9 20 24
350 1014 10 2 24
351 709 9 57 14
352 851 8 1 19
352 961 9 59 19
352 594 8 36 14
354 588 8 39 14
354 1227 10 9 24
355 1190 9 58 24
356 307 9 15 9
356 978 10 16 19
357 1000 11 10 19
358 295 9 28 9
359 593 8 25 14
359 1174 8 47 24
359 551 9 34 14
360 285 10 22 9
360 99 8 13 4
362 690 9 27 14
362 1021 10 56 24
363 1137 7 43 24
364 714 9 53 14
364 405 8 47 9
365 1012 10 39 24
365 234 10 8 4
368 99 7 5 4
372 467 10 14 9
373 642 7 2 14
373 880 7 12 19
374 35 10 54 4
375 829 8 2 19
378 1035 10 24 24
379 312 9 57 9
386 345 8 51 9
386 376 7 17 9
386 827 8 48 19
386 253 11 27 9
390 61 9 49 4
392 1182 8 58 24
392 681 8 26 14
393 883 7 4 19
393 806 9 6 19
394 195 9 28 4
396 194 9 25 4
397 1172 8 23 24
398 397 8 7 9
399 64 9 51 4
403 541 9 45 14
403 40 9 12 4
405 586 8 18 14
407 333 8 33 9
407 368 8 56 9
411 814 9 11 19
412 559 9 12 14
413 535 10 35 14
414 144 8 19 4
415 1101 8 9 24
416 197 9 41 4
417 1126 8 13 24
417 987 10 13 19
417 859 8 28 19
417 304 9 7 9
418 631 8 38 14
418 450 9 25 9
420 1208 10 58 24
420 89 8 47 4
420 378 8 5 9
422 914 9 18 19
426 552 9 36 14
426 1219 10 3 24
428 750 11 36 19
430 868 8 33 19
430 161 9 1 4
432 1206 10 56 24
433 949 10 58 19
434 315 9 24 9
435 983 11 4 19
436 715 10 41 14
439 488 11 1 9
440 111 9 16 4
441 359 9 59 9
441 244 11 26 4
442 638 9 4 14
443 448 10 2 9
445 599 9 39 14
446 1079 9 40 24
446 1239 11 21 24
447 678 9 48 14
448 479 11 13 9
448 1105 9 27 24
450 71 10 54 4
452 1022 11 41 24
453 707 10 34 14
455 842 9 32 19
456 1070 10 58 24
461 476 11 33 9
462 436 10 11 9
463 854 10 4 19
464 281 11 43 9
465 1041 11 48 24
465 72 10 59 4
467 977 11 19 19
467 1214 11 13 24
468 509 11 1 14
468 336 10 7 9
468 399 10 3 9
471 20 11 17 4
472 575 10 11 14
473 322 10 44 9
473 213 11 19 4
477 801 11 20 19
477 396 10 43 9
480 536 11 45 14
480 970 11 24 19
484 862 10 45 19
485 962 11 16 19
485 169 10 56 4
485 479 12 58 9
485 101 10 57 4
485 356 10 10 9
488 771 12 25 19
488 75 11 51 4
489 596 10 43 14
489 656 10 0 14
494 1101 11 15 24
495 355 11 34 9
495 142 11 25 4
495 604 11 26 14
497 955 11 38 19
500 838 11 0 19
501 485 12 14 9
501 753 12 29 14
501 974 12 11 19
503 640 11 19 14
503 975 12 22 19
506 1 12 18 5
506 835 11 22 19
508 311 11 40 10
508 1054 11 30 25
510 1197 11 6 25
510 661 11 51 14
513 705 11 42 15
513 803 11 41 20
514 988 12 28 19
514 567 11 6 15
515 519 12 18 14
517 63 11 45 5
517 17 12 3 4
519 326 10 9 10
519 731 11 42 15
519 1066 11 5 25
519 629 10 34 15
520 1142 10 33 25
521 825 10 48 20
522 1221 11 26 25
522 1098 10 48 25
523 1031 11 22 25
523 1063 10 43 25
523 501 12 14 10
525 197 11 52 5
527 656 10 35 15
531 700 11 21 15
534 668 10 14 15
534 866 10 46 20
535 922 10 32 20
536 1032 11 36 25
536 398 10 5 10
536 299 10 55 10
537 1113 9 8 25
539 1051 10 27 25
540 1128 9 1 25
541 616 9 51 15
543 508 11 9 15
544 413 9 35 10
545 213 10 20 5
545 821 10 7 20
545 560 10 53 15
546 440 10 5 10
547 12 11 10 5
547 1169 9 2 25
547 383 9 39 10
548 651 9 7 15
548 760 11 29 20
549 150 9 12 5
549 656 9 56 15
550 440 10 47 10
551 1250 11 52 25
552 575 9 10 15
552 768 11 23 20
553 962 10 58 20
553 67 10 55 5
554 853 9 58 20
554 889 9 11 20
555 1046 10 9 25
556 564 10 45 15
559 521 11 44 15
560 385 9 37 10
561 890 9 42 20
565 736 11 39 15
566 410 9 38 10
569 882 8 9 20
571 1158 9 32 25
571 771 10 29 20
572 774 10 10 20
572 202 10 7 5
573 889 8 41 20
574 583 9 17 15
574 116 8 53 5
575 1233 10 38 25
575 1020 10 20 25
575 354 8 55 10
579 461 10 17 10
580 991 11 27 20
582 156 8 16 5
583 131 8 21 5
584 812 9 23 20
585 517 10 4 15
588 237 10 13 5
589 1149 8 26 25
590 859 8 19 20
590 53 9 4 5
591 1035 10 21 25
593 554 9 17 15
593 1175 8 7 25
596 896 8 22 20
597 360 8 54 10
598 27 10 51 5
598 265 10 51 10
598 760 10 36 20
599 808 9 22 20
601 817 9 21 20
601 81 8 45 5
602 811 9 47 20
603 1088 8 43 25
604 360 7 55 10
605 877 7 54 20
607 470 10 24 10
607 1025 10 5 25
608 420 8 39 10
608 600 8 3 15
608 336 8 25 10
611 121 7 35 5
612 875 7 12 20
613 21 10 52 5
613 522 10 43 15
614 922 8 34 20
617 129 7 8 5
618 804 9 39 20
618 826 8 39 20
620 313 9 34 10
620 667 8 58 15
620 607 7 43 15
621 520 10 47 15
625 335 8 16 10
625 1177 8 51 25
626 758 10 1 20
627 370 7 10 10
628 783 10 34 20
630 437 9 52 10
631 1126 7 47 25
632 183 8 57 5
636 707 9 14 15
636 768 10 24 20
637 648 7 44 15
639 1230 10 49 25
640 765 10 12 20
641 1115 7 30 25
641 422 8 13 10
643 63 9 17 5
644 1098 8 10 25
645 171 8 8 5
645 832 8 42 20
647 1120 7 37 25
649 323 8 21 10
650 731 10 34 15
650 183 9 20 5
650 519 10 55 15
651 849 8 42 20
652 624 7 0 15
652 191 9 34 5
654 1125 7 8 25
654 597 8 58 15
654 231 10 10 5
654 614 8 55 15
656 80 8 6 5
656 609 8 53 15
657 1034 10 56 25
658 1160 8 9 25
658 898 8 27 20
659 453 9 41 10
660 1103 8 56 25
662 1103 8 16 25
663 662 8 55 15
663 1029 10 12 25
665 1138 8 52 25
665 869 8 36 20
665 273 10 24 10
666 1052 9 23 25
667 54 9 49 5
667 472 10 41 10
668 456 10 25 10
668 348 8 50 10
670 1215 10 23 25
672 1249 11 2 25
673 482 10 11 10
674 250 11 50 5
675 29 10 22 5
675 1089 9 58 25
680 337 9 32 10
681 443 9 14 10
684 408 9 24 10
685 1220 10 41 25
686 679 9 5 15
687 226 10 34 5
687 836 9 28 20
687 589 9 11 15
687 1227 10 27 25
690 1206 10 25 25
691 1245 11 20 25
691 933 9 47 20
692 664 9 6 15
695 255 11 8 5
697 708 10 3 15
697 992 11 53 20
697 349 9 21 10
698 1150 9 48 25
699 1122 9 29 25
699 722 11 45 15
699 1006 11 11 25
703 108 9 10 5
704 1204 10 27 25
704 691 10 36 15
705 727 11 0 15
706 497 11 42 10
706 559 10 30 15
707 513 11 3 15
709 236 11 32 5
710 699 10 44 15
710 323 10 1 10
712 956 10 57 20
714 349 10 59 10
715 623 10 26 15
715 1119 10 30 25
715 578 10 4 15
717 444 10 0 10
717 293 11 58 10
718 804 10 7 20
718 271 11 20 10
718 689 10 15 15
719 576 10 28 15
719 585 10 59 15
720 501 12 13 10
723 730 11 36 15
725 831 10 54 20
725 423 10 6 10
726 277 11 49 10
727 1248 12 42 25
735 1183 11 27 25
737 19 12 27 6
738 28 11 45 5
739 1152 10 30 25
740 1198 11 54 25
741 679 11 21 15
742 756 12 22 15
743 765 12 28 20
743 858 10 43 20
743 380 10 26 10
744 162 11 53 5
745 319 11 28 10
745 364 11 19 10
746 555 11 50 15
748 74 11 27 5
749 797 11 45 20
750 1162 11 20 25
751 1217 12 23 25
753 686 11 38 15
754 1244 12 18 25
755 925 11 30 20
755 662 11 50 15
756 40 11 34 6
756 526 12 50 15
757 548 11 49 16
759 12 12 47 5
759 6 12 19 6
761 193 11 35 6
761 625 10 46 16
763 1161 10 8 26
763 861 10 18 21
763 631 10 5 16
764 408 10 35 11
768 888 10 3 21
768 1193 11 27 26
769 902 10 21 21
774 915 10 17 21
775 138 10 50 6
777 140 10 42 6
778 83 10 0 6
778 340 10 8 11
778 112 10 35 6
778 1060 10 20 26
779 705 11 27 16
781 1157 10 25 26
784 1114 10 39 26
785 276 11 5 11
785 486 11 45 11
785 108 10 2 6
787 1181 10 43 26
790 1187 10 55 26
791 398 9 25 11
791 592 10 33 16
791 1192 10 21 26
792 847 9 15 21
794 213 10 14 6
795 1004 11 1 26
795 940 10 34 21
797 952 10 49 21
797 434 10 39 11
798 278 11 35 11
798 699 10 59 16
799 498 11 36 11
800 197 10 2 6
800 65 10 55 6
804 841 9 4 21
806 771 11 16 21
807 912 9 4 21
808 381 9 46 11
810 517 11 58 16
814 580 9 56 16
815 1147 9 54 26
815 1194 10 33 26
815 872 9 17 21
817 112 8 13 6
817 1045 10 50 26
818 327 9 56 11
819 320 9 18 11
820 475 10 27 11
821 737 11 59 16
822 184 9 1 6
822 1175 9 22 26
825 927 9 16 21
827 1060 9 26 26
828 55 9 36 6
829 1 11 31 6
830 678 9 32 16
830 376 8 37 11
830 825 9 58 21
831 191 9 14 6
833 719 10 8 16
835 469 10 25 11
835 893 8 5 21
838 379 8 44 11
842 91 8 27 6
842 601 8 0 16
844 1175 8 48 26
844 284 10 43 11
844 427 9 4 11
845 1051 9 26 26
846 66 9 33 6
848 802 9 1 21
849 116 7 20 6
850 325 8 6 11
852 772 10 10 21
854 755 11 26 16
855 677 8 48 16
855 428 8 6 11
857 574 8 44 16
858 1201 9 15 26
858 552 9 57 16
859 512 10 38 16
859 315 9 30 11
860 652 8 13 16
860 710 9 56 16
863 1025 10 6 26
863 1083 8 45 26
867 1059 9 29 26
867 873 7 35 21
868 1139 7 35 26
870 322 8 43 11
871 414 8 35 11
871 475 10 0 11
871 160 8 48 6
873 401 7 19 11
873 193 9 19 6
876 404 7 41 11
877 1030 10 0 26
878 1068 8 3 26
878 514 10 37 16
880 69 8 26 6
880 393 7 36 11
881 263 10 30 11
881 799 9 47 21
882 107 7 35 6
882 274 10 40 11
882 308 9 5 11
883 1068 8 23 26
885 443 9 47 11
888 1067 8 49 26
891 213 9 39 6
891 365 7 44 11
891 783 10 27 21
892 1057 9 1 26
893 777 10 58 21
896 35 10 16 6
896 931 8 59 21
899 1130 7 35 26
900 825 8 45 21
900 334 8 34 11
903 206 9 2 6
903 503 11 20 11
905 409 8 9 11
908 1119 8 2 26
911 139 8 0 6
912 565 9 20 16
914 943 9 21 21
914 461 10 41 11
916 239 11 20 6
918 616 8 16 16
919 845 8 11 21
919 136 8 47 6
919 851 8 45 21
919 620 8 41 16
920 744 11 26 21
921 275 10 20 11
926 889 8 22 21
926 410 9 31 11
926 745 11 35 16
926 658 9 1 16
927 1119 8 20 26
927 1191 9 6 26
929 1134 8 37 26
932 735 11 40 16
932 289 10 7 11
933 1024 10 27 26
935 35 10 56 6
938 184 9 6 6
938 113 9 2 6
940 837 9 33 21
941 545 10 32 16
943 257 11 4 11
944 379 9 53 11
945 750 11 33 16
945 166 9 58 6
946 740 11 45 16
948 422 9 54 11
948 101 9 12 6
949 881 9 19 21
949 669 9 14 16
950 587 9 28 16
951 977 11 30 21
952 903 9 1 21
953 1219 11 13 26
955 567 10 11 16
955 389 9 19 11
956 1066 10 25 26
956 767 11 25 21
957 906 9 50 21
957 827 10 1 21
959 481 11 26 11
961 202 10 3 6
961 140 9 7 6
965 173 10 4 6
965 819 10 35 21
966 1011 11 15 26
966 625 10 23 16
967 1168 10 31 26
968 576 10 13 16
971 156 10 26 6
972 601 10 56 16
972 309 10 46 11
974 1014 11 22 26
974 1118 10 41 26
974 835 10 19 21
974 548 11 13 16
975 604 10 26 16
975 627 10 5 16
975 1136 10 25 26
975 622 10 45 16
975 554 11 20 16
976 904 10 53 21
976 945 11 7 21
977 789 11 13 21
978 592 10 7 16
980 491 12 19 11
980 1091 10 33 26
981 244 12 24 11
981 1155 10 36 26
982 1220 11 15 26
982 625 10 25 16
984 1083 10 3 26
986 75 11 18 6
987 520 12 33 16
990 97 10 59 6
993 678 11 53 16
994 161 11 40 6
994 283 12 22 11
994 828 11 16 21
995 589 11 53 16
996 954 11 40 21
998 941 11 12 21
998 1031 12 31 26
1002 411 11 55 11
1003 33 12 53 6
1003 1113 11 43 26
1003 788 11 8 22
1007 891 10 12 22
1007 750 12 48 17
1009 919 11 33 21
1009 1137 10 49 27
1010 588 11 0 16
1011 1076 11 18 26
1012 453 11 57 12
1014 885 10 6 22
1014 770 12 17 21
1015 1167 10 16 27
1016 1085 10 39 27
1018 188 11 42 7
1018 1076 10 44 27
1020 607 10 54 17
1021 105 10 7 7
1021 1168 10 47 27
1021 987 12 5 22
1022 710 11 32 17
1022 700 11 38 17
1024 774 11 58 22
1024 103 10 4 7
1025 435 10 53 12
1026 1142 10 15 27
1028 1034 11 50 27
1028 130 10 33 7
1030 103 10 19 7
1030 663 10 21 17
1031 1188 10 20 27
1031 962 11 5 22
1031 1088 10 56 27
1033 666 10 28 17
1034 723 11 17 17
1036 893 10 45 22
1038 908 10 53 22
1038 383 9 58 12
1041 87 10 37 7
1041 530 11 12 17
1041 613 9 55 17
1044 304 10 43 12
1045 96 9 29 7
1050 22 11 3 7
1051 989 11 14 22
1052 40 10 3 7
1053 656 9 48 17
1053 1155 9 1 27
1053 635 9 11 17
1054 208 10 27 7
1054 1058 10 6 27
1055 655 9 35 17
1056 442 10 6 12
1056 81 9 4 7
1056 847 9 40 22
1058 397 9 59 12
1060 55 10 11 7
1060 841 9 30 22
1060 333 9 24 12
1062 556 10 31 17
1064 2 11 43 7
1065 920 9 37 22
1066 1221 10 36 27
1068 535 10 40 17
1069 759 11 5 17
1071 489 11 53 17
1075 1155 8 17 27
1075 526 10 51 17
1078 1189 9 51 27
1079 226 10 54 7
1080 505 11 55 12
1080 480 10 39 12
1082 139 8 30 7
1082 675 9 16 17
1082 845 8 42 22
1082 384 8 44 12
1085 4 11 20 7
1086 1084 8 30 27
1090 588 8 45 17
1090 625 8 31 17
1092 1069 9 50 27
1093 348 8 43 12
1100 1202 9 58 27
1101 29 10 56 7
1102 630 7 48 17
1102 410 8 38 12
1102 512 10 47 17
1103 1236 10 51 27
1103 1209 9 8 27
1105 1204 9 3 27
1107 630 7 22 17
1108 1099 8 44 27
1109 936 9 40 22
1110 1216 10 58 27
1110 1001 11 24 22
1110 148 7 38 7
1110 9 10 43 7
1111 18 10 41 7
1113 1010 10 29 27
1113 1212 9 27 27
1115 906 8 27 22
1115 519 10 24 17
1117 612 7 6 17
1118 611 7 57 17
1119 896 7 40 22
1120 821 8 48 22
1121 47 9 42 7
1121 827 8 52 22
1122 26 10 11 7
1123 704 9 19 17
1124 944 9 15 22
1126 809 9 1 22
1126 122 7 3 7
1127 522 10 14 17
1130 38 9 49 7
1130 26 10 43 7
1130 456 9 52 12
1132 948 9 28 22
1133 1160 8 34 27
1133 691 9 53 17
1135 173 8 31 7
1136 759 10 49 22
1138 1066 9 37 27
1139 532 10 4 17
1139 361 7 47 12
1140 111 7 53 7
1142 153 8 42 7
1142 1098 8 31 27
1144 16 10 34 7
1144 1097 8 3 27
1145 764 10 58 22
1147 1039 9 53 27
1149 859 7 19 22
1155 701 9 56 17
1155 814 9 51 22
1155 50 9 51 7
1156 96 8 36 7
1157 421 8 25 12
1157 205 9 44 7
1158 180 9 39 7
1160 877 8 44 22
1161 256 11 59 7
1161 297 9 32 12
1162 1051 9 39 27
1162 302 9 13 12
1163 452 9 21 12
1164 312 9 14 12
1167 891 8 58 22
1170 294 10 41 12
1178 870 8 41 22
1178 624 8 43 17
1179 1123 8 5 27
1180 389 8 30 12
1181 591 9 20 17
1181 33 10 9 7
1183 747 11 17 17
1183 919 9 5 22
1183 644 9 51 17
1186 316 9 40 12
1187 1179 9 31 27
1188 1084 9 46 27
1190 211 10 30 7
1190 235 11 24 7
1191 916 9 5 22
1193 58 10 26 7
1194 960 10 15 22
1195 797 10 56 22
1196 713 10 55 17
1196 894 9 40 22
1198 173 9 40 7
1201 1026 11 34 27
1201 1036 10 17 27
1202 452 10 32 12
1202 435 10 7 12
1203 957 10 48 22
1204 90 9 37 7
1205 854 9 20 22
1206 345 9 55 12
1206 988 11 35 22
1208 887 9 54 22
1212 64 10 36 7
1214 877 9 18 22
1215 708 11 59 17
1215 701 10 58 17
1216 1113 10 30 27
1217 870 10 8 22
1218 370 10 7 12
1218 980 11 27 22
1218 1058 10 51 27
1219 1028 11 40 27
1220 1235 11 58 27
1221 425 10 37 12
1222 493 12 10 17
1223 137 10 23 7
1224 1012 12 34 22
1226 679 10 29 17
1227 741 12 38 22
1227 999 12 30 22
1231 18 12 16 7
1231 423 10 11 12
1232 33 11 3 7
1232 464 11 50 12
1233 868 10 20 22
1233 790 11 27 22
1233 559 11 49 17
1235 756 12 0 17
1236 168 10 4 7
1237 11 12 2 7
1238 557 11 55 17
1239 528 11 40 17
1239 140 10 56 7
1241 461 11 23 12
1242 783 11 50 22
1245 442 11 55 12
1246 51 11 13 7
1246 629 11 13 17
1248 207 11 55 7
1248 1039 12 21 27
1250 1175 11 40 27
