SF7_COMM_RANGE = 30
VERTEX_NUM = 1200
MAP_WIDTH = 1250
MAP_LENGTH = 1250
Total links = 1277
Capital delta = 9
SF1112 % = 26.5833
# of outliers = 0
DATA PERIOD = 60
------------------------------
x  y  SF  phase which_gateway: 
1 866 11 48 18
1 819 11 26 18
5 425 11 47 8
5 413 11 32 8
5 596 11 18 13
7 605 10 41 13
7 1212 11 53 23
12 616 10 31 13
12 489 12 14 13
16 758 12 55 13
16 423 10 0 8
16 78 10 19 3
17 856 10 9 18
17 981 12 26 18
17 684 11 56 13
18 956 11 34 18
18 287 11 45 8
18 630 10 2 13
19 1247 12 33 23
20 575 10 13 13
21 1176 10 26 23
21 106 10 30 3
23 115 10 44 3
25 260 12 0 3
26 464 11 46 8
28 192 10 21 3
28 633 10 54 13
30 288 11 19 8
30 304 10 6 8
30 523 11 27 13
31 937 10 33 18
34 270 11 55 8
34 718 11 46 13
35 561 10 20 13
36 1232 11 19 23
37 892 9 56 18
37 720 11 54 13
38 1014 11 12 23
39 190 10 28 3
39 752 12 8 18
41 369 9 0 8
41 330 10 20 8
43 234 11 19 3
44 844 9 9 18
47 430 10 38 8
47 626 9 7 13
48 240 11 44 3
49 430 10 24 8
50 979 11 2 18
51 61 10 9 3
52 903 9 29 18
53 242 11 28 3
54 1104 9 31 23
55 949 10 5 18
56 1143 9 20 23
56 1062 10 18 23
56 551 10 26 13
58 437 10 14 8
58 498 11 37 13
59 590 9 32 13
59 861 9 34 18
59 454 10 2 8
61 135 9 19 3
62 52 10 20 3
63 568 9 15 13
63 112 9 30 3
64 942 10 8 18
65 92 9 9 3
65 258 11 35 3
69 474 10 36 8
70 604 8 9 13
71 785 10 35 18
71 946 9 49 18
71 1003 11 29 18
72 324 9 36 8
73 315 9 27 8
75 672 9 28 13
78 471 10 12 8
78 321 9 43 8
79 811 9 30 18
81 283 10 21 8
81 1098 8 4 23
82 4 11 50 3
82 701 9 53 13
82 704 9 9 13
85 792 10 10 18
85 527 10 3 13
91 801 9 27 18
92 600 8 17 13
92 473 10 32 8
93 727 10 0 13
95 1062 9 43 23
97 509 10 26 13
98 472 10 11 8
98 280 10 55 8
98 214 10 41 3
100 220 10 42 3
100 1230 10 3 23
100 387 7 50 8
103 929 8 17 18
104 250 11 32 3
107 104 7 0 3
108 31 10 44 3
109 257 10 21 8
110 1099 8 21 23
110 921 8 20 18
111 547 9 40 13
112 929 8 41 18
112 1089 8 33 23
113 170 8 24 3
115 305 9 12 8
117 1147 7 46 23
118 698 9 20 13
118 15 10 2 3
118 50 9 39 3
119 709 9 30 13
120 1093 8 5 23
121 873 7 34 18
121 1231 10 57 23
121 127 7 22 3
126 201 9 58 3
126 180 8 49 3
127 903 7 5 18
128 334 8 25 8
130 384 7 1 8
131 187 9 52 3
132 615 7 6 13
132 32 10 35 3
133 1018 10 55 23
134 586 8 49 13
135 662 8 52 13
136 362 7 27 8
136 534 10 41 13
140 890 7 36 18
140 571 8 40 13
141 177 8 54 3
142 195 9 48 3
146 632 7 21 13
148 1212 9 35 23
150 1052 9 21 23
151 1109 8 37 23
152 686 9 47 13
153 556 9 8 13
153 759 10 57 18
154 730 10 42 13
154 1092 8 39 23
155 961 10 19 18
157 365 8 47 8
160 751 11 6 13
161 306 9 17 8
162 892 8 1 18
162 826 9 4 18
163 651 8 58 13
164 88 8 58 3
165 982 10 21 18
165 489 11 51 8
167 130 8 50 3
167 689 9 20 13
168 390 8 26 8
169 867 8 45 18
169 178 9 9 3
172 707 10 10 13
173 441 9 13 8
173 663 9 50 13
173 951 9 38 18
175 336 9 45 8
175 1179 9 36 23
176 308 9 27 8
179 501 11 6 8
179 320 9 11 8
179 640 8 40 13
180 861 8 43 18
181 903 9 59 18
182 595 9 48 13
183 1194 10 33 23
183 636 8 41 13
185 398 9 20 8
187 350 9 52 8
188 401 9 20 8
189 987 11 18 18
189 969 10 9 18
190 798 10 21 18
192 577 9 22 13
195 545 10 0 13
195 924 9 19 18
197 317 10 36 8
198 1068 10 51 23
198 116 9 9 3
199 491 11 56 8
199 142 9 18 3
199 286 10 54 8
200 17 11 5 3
201 706 10 28 13
202 839 9 59 18
203 803 10 47 18
203 880 9 59 18
203 767 11 45 18
203 395 9 23 8
203 551 10 26 13
204 579 10 43 13
204 834 9 34 18
207 210 10 58 3
208 655 9 19 13
209 483 11 25 8
211 571 10 47 13
214 735 11 52 13
214 349 10 58 8
215 692 10 59 13
215 490 11 44 8
216 785 11 18 18
216 881 10 17 18
217 1131 10 46 23
217 1160 10 31 23
218 1167 10 31 23
220 955 11 46 18
221 979 11 50 18
223 239 12 59 3
223 812 10 37 18
224 506 12 51 8
226 656 10 55 13
229 839 10 47 18
229 141 10 38 3
229 655 10 52 13
236 1144 10 16 23
236 852 10 29 18
240 1033 11 39 23
241 78 11 7 4
241 812 11 6 18
244 1138 10 54 23
249 1227 12 25 23
249 1042 11 50 23
249 491 12 21 9
250 1026 12 23 23
251 1235 12 9 23
251 1133 11 38 23
252 1204 11 2 23
253 391 11 1 8
253 50 11 29 3
255 206 11 1 4
255 31 12 37 3
255 178 11 39 3
256 851 11 10 19
258 289 11 23 9
260 890 10 11 19
260 729 12 34 13
261 820 11 1 18
261 1011 12 1 24
262 399 10 33 9
263 1234 12 39 23
264 1217 11 45 24
265 1003 12 29 19
266 579 10 26 14
267 478 11 23 9
269 993 12 21 19
270 1044 11 34 24
271 860 10 52 19
273 818 10 53 19
277 1190 10 41 24
278 293 11 59 9
279 358 10 39 9
279 63 10 6 4
282 470 11 49 9
284 455 11 52 9
284 771 11 30 19
284 1177 10 50 24
285 972 11 31 19
285 749 12 24 19
286 494 11 43 9
288 168 10 0 4
288 993 11 26 19
288 229 11 20 4
290 703 10 31 14
290 1150 9 28 24
291 1016 11 36 24
291 292 10 42 9
292 991 11 2 19
292 1181 10 37 24
292 467 11 36 9
293 1205 10 36 24
293 175 10 16 4
295 716 11 21 14
295 77 10 57 4
296 1174 10 35 24
296 191 10 44 4
298 123 9 10 4
299 590 9 9 14
299 927 10 36 19
300 700 10 55 14
302 782 10 43 19
302 231 11 35 4
303 418 9 35 9
304 1144 9 41 24
306 1095 9 16 24
308 951 10 19 19
308 1038 10 3 24
309 1123 9 6 24
310 5 11 42 4
313 598 9 28 14
316 328 9 41 9
316 466 10 34 9
316 526 10 46 14
316 1250 11 54 24
316 31 10 6 4
316 1120 8 14 24
319 549 10 30 14
320 28 10 48 4
320 1025 10 9 24
322 850 8 7 19
323 627 8 24 14
323 716 10 37 14
325 224 10 16 4
327 602 8 45 14
329 239 11 34 4
330 1224 10 43 24
331 699 9 21 14
333 165 8 36 4
333 1068 9 52 24
334 940 9 58 19
335 1012 10 32 24
336 575 9 27 14
336 997 11 25 24
337 679 9 59 14
338 229 10 9 4
338 1185 9 34 24
339 87 8 18 4
339 830 8 12 19
340 255 11 32 4
341 807 9 1 19
342 1126 8 32 24
344 350 8 14 9
345 1244 11 35 24
345 473 10 18 9
347 424 8 8 9
348 285 10 41 9
349 747 11 33 14
353 1034 10 38 24
355 1199 9 22 24
355 250 11 42 4
355 859 7 37 19
355 789 9 46 19
355 518 10 19 14
355 1185 9 45 24
356 1131 7 24 24
357 271 10 45 9
357 272 10 28 9
357 987 10 45 19
358 302 9 21 9
358 907 8 13 19
359 823 8 35 19
359 1060 9 45 24
360 314 9 40 9
360 1160 8 53 24
361 327 8 44 9
362 63 9 41 4
363 620 7 27 14
363 511 10 55 14
364 1109 7 46 24
366 486 10 59 9
367 278 10 48 9
368 482 10 18 9
369 473 10 13 9
370 271 10 15 9
370 124 7 29 4
370 1075 8 13 24
371 419 8 57 9
372 560 9 2 14
373 150 7 43 4
375 453 9 11 9
377 958 9 36 19
378 1219 10 13 24
380 537 9 57 14
380 258 10 47 9
385 305 9 58 9
389 830 8 13 19
389 308 9 32 9
391 790 9 19 19
391 157 8 51 4
391 132 7 45 4
391 815 9 32 19
393 1147 7 26 24
396 1117 7 31 24
397 150 8 4 4
397 771 10 19 19
397 112 7 7 4
398 629 7 46 14
398 42 9 38 4
399 1063 9 2 24
399 679 8 24 14
400 759 10 38 19
401 1009 10 50 24
401 1036 10 34 24
404 690 9 43 14
407 1074 9 6 24
407 513 10 3 14
407 1103 8 49 24
408 1089 8 55 24
408 827 8 57 19
408 491 11 32 9
412 1162 8 58 24
412 297 9 33 9
413 1125 8 45 24
413 385 8 55 9
416 547 9 20 14
416 785 10 36 19
417 114 8 1 4
417 42 10 44 4
417 180 9 55 4
420 426 9 52 9
421 826 9 30 19
421 241 11 27 4
423 181 9 10 4
426 131 8 53 4
426 671 9 23 14
427 278 10 22 9
427 14 11 0 4
427 372 8 1 9
428 692 9 0 14
428 33 10 55 4
429 500 11 25 9
430 868 8 30 19
430 388 8 45 9
432 597 9 0 14
433 822 9 6 19
434 418 9 43 9
434 348 9 55 9
434 850 9 55 19
435 1204 10 30 24
435 977 10 53 19
435 127 9 27 4
437 1205 10 28 24
437 1100 9 26 24
437 1006 11 5 19
438 21 11 16 4
438 195 10 39 4
440 44 10 41 4
441 494 11 17 14
441 1055 10 15 24
441 152 9 28 4
441 934 9 1 19
442 1114 9 37 24
442 149 9 47 4
444 185 10 11 4
445 15 11 30 4
445 34 10 10 4
446 1041 10 25 24
446 51 10 23 4
447 1050 10 12 24
448 325 9 26 9
453 309 10 18 9
453 379 9 37 9
454 932 10 56 19
455 70 10 55 4
455 118 9 29 4
456 858 9 2 19
456 1073 10 31 24
458 295 10 25 9
459 1086 10 49 24
460 502 11 1 14
461 976 11 10 19
461 1223 11 17 24
463 118 9 22 4
465 750 12 36 14
466 1032 11 14 24
467 397 10 30 9
468 228 11 7 4
470 1004 12 55 19
470 586 10 47 14
472 407 10 15 9
473 226 11 15 4
476 239 12 40 4
476 945 11 52 19
477 242 12 2 4
480 723 11 43 14
480 961 11 15 19
482 145 10 12 4
483 616 10 9 14
484 599 10 30 14
484 994 12 24 19
484 676 11 35 14
485 916 10 48 19
487 440 11 54 9
488 879 10 23 19
489 168 11 43 4
490 312 11 15 9
492 526 12 18 14
493 929 11 6 19
495 408 11 40 9
496 166 11 7 4
499 113 11 8 4
503 864 11 50 19
507 550 11 16 15
510 234 12 22 4
511 317 11 19 9
513 776 11 30 20
513 263 12 52 5
513 595 10 18 15
517 638 10 17 15
517 948 11 31 20
518 1199 11 25 25
519 172 10 32 5
519 907 10 11 20
519 535 11 18 15
524 478 11 34 10
524 1027 11 54 25
525 498 12 25 10
526 314 10 47 10
528 1034 11 55 25
528 359 10 55 10
528 1158 10 3 25
529 1099 10 22 25
530 802 10 35 20
531 350 10 49 10
531 746 12 46 15
532 154 10 10 5
533 48 10 5 5
535 174 10 56 5
535 161 10 17 5
536 265 11 37 10
537 875 9 3 20
539 1048 10 25 25
540 31 11 20 5
542 1029 11 12 25
542 1179 10 39 25
544 1006 11 31 25
545 718 11 42 15
546 437 10 31 10
547 1071 10 49 25
547 783 11 52 20
547 231 11 2 5
547 183 10 7 5
547 389 9 24 10
550 973 11 5 20
551 1115 9 17 25
551 33 10 51 5
552 924 9 51 20
553 595 9 42 15
553 873 9 30 20
553 1002 11 47 20
555 530 10 29 15
557 193 10 33 5
557 1170 9 9 25
558 637 9 4 15
560 1010 11 23 20
564 1168 9 47 25
566 742 11 14 15
566 408 9 20 10
567 1178 9 43 25
567 983 11 31 20
567 717 10 57 15
569 694 9 39 15
569 1078 9 48 25
570 948 10 17 20
572 211 10 51 5
572 99 8 19 5
573 1090 9 48 25
574 205 10 25 5
575 429 9 50 10
583 301 9 30 10
584 567 9 17 15
585 1227 10 44 25
586 451 9 37 10
587 777 10 42 20
587 1198 9 49 25
588 556 9 54 15
588 699 9 33 15
589 787 10 33 20
591 934 9 28 20
591 1035 10 55 25
591 489 10 12 10
594 1239 10 57 25
595 457 9 28 10
595 112 8 21 5
599 1154 8 53 25
600 87 8 43 5
600 334 8 1 10
601 220 10 59 5
602 647 8 3 15
604 863 7 36 20
604 707 9 23 15
604 513 10 1 15
604 604 7 7 15
604 130 7 3 5
604 649 8 10 15
605 896 7 58 20
605 138 7 23 5
605 284 10 51 10
606 392 7 16 10
607 731 10 5 15
608 1239 10 21 25
608 701 9 33 15
608 384 7 50 10
609 235 10 50 5
611 238 10 7 5
615 311 9 31 10
617 7 10 36 5
617 773 10 32 20
619 202 9 4 5
620 623 7 4 15
621 783 10 27 20
623 717 10 8 15
624 866 7 53 20
625 354 7 56 10
626 655 8 30 15
626 30 10 38 5
626 331 8 31 10
627 92 8 23 5
627 141 7 37 5
627 384 7 35 10
630 622 7 59 15
636 524 10 0 15
637 880 7 28 20
637 792 9 59 20
638 475 10 4 10
638 77 8 38 5
639 117 7 49 5
640 279 10 19 10
640 266 10 29 10
641 426 8 5 10
642 1232 10 24 25
644 443 9 42 10
645 156 8 39 5
645 559 9 14 15
645 972 10 24 20
646 353 8 46 10
646 660 8 38 15
646 291 9 0 10
649 1078 8 11 25
650 1156 8 34 25
650 166 8 4 5
651 193 9 38 5
651 183 9 43 5
653 461 10 49 10
654 1142 8 26 25
656 1242 11 5 25
656 634 8 27 15
657 398 8 58 10
657 455 9 28 10
658 731 10 5 15
658 331 8 25 10
659 335 8 19 10
659 328 8 57 10
659 1179 9 45 25
659 183 9 18 5
660 924 9 53 20
660 563 9 15 15
661 60 9 8 5
662 512 10 12 15
662 890 8 37 20
662 478 10 5 10
663 875 8 37 20
663 647 8 19 15
664 765 10 44 20
666 1212 10 51 25
666 1120 8 44 25
666 250 11 23 10
668 248 11 21 10
669 901 8 36 20
669 671 9 34 15
669 1035 10 56 25
670 500 11 33 15
676 1129 8 4 25
679 1043 10 39 25
680 1183 9 22 25
683 821 9 31 20
683 502 11 44 10
685 696 10 42 15
686 450 10 21 10
686 324 9 4 10
687 766 11 39 20
689 1222 10 46 25
689 618 9 15 15
690 698 10 36 15
690 637 9 31 15
690 546 10 34 15
691 487 11 30 10
693 581 9 46 15
694 649 9 34 15
694 583 9 42 15
696 1236 11 15 25
698 409 9 39 10
699 948 10 11 20
700 378 9 35 10
701 875 9 16 20
701 152 9 55 5
702 95 9 11 5
703 604 9 31 15
703 980 11 16 20
703 75 10 39 5
706 699 10 5 15
714 194 10 4 5
715 753 12 12 20
715 509 11 9 15
716 984 11 43 20
716 1069 10 27 25
717 35 11 32 5
717 113 10 19 5
718 514 11 9 15
718 913 10 53 20
719 1135 10 15 25
721 800 11 48 20
722 718 11 39 15
723 51 11 31 5
723 978 11 16 20
723 864 10 2 20
725 1198 11 57 25
726 1234 11 38 25
728 640 10 41 15
728 232 11 31 5
729 809 11 13 20
730 696 11 56 15
731 348 10 2 10
733 984 12 24 20
733 567 11 23 15
733 432 11 10 10
736 603 10 19 15
739 599 10 26 15
740 521 12 41 15
740 1016 12 28 25
740 569 11 6 15
741 49 11 46 5
743 360 10 32 10
744 288 11 18 10
746 1235 12 48 25
746 666 11 16 15
748 972 12 45 20
750 866 11 20 20
753 1083 11 27 25
754 1146 11 46 25
755 512 12 14 15
756 1054 11 43 25
756 1213 11 26 26
757 1215 11 45 26
758 510 12 6 11
759 604 10 43 16
759 1027 12 48 25
759 1092 11 3 25
763 1210 11 21 26
767 245 12 21 6
771 76 10 26 6
772 717 11 34 16
772 631 10 17 16
773 762 12 20 21
774 276 11 51 11
774 626 10 33 16
776 761 12 31 16
777 324 10 10 11
777 1118 10 59 26
778 600 10 12 16
778 2 12 38 6
779 718 11 57 16
779 934 10 51 21
781 61 10 11 6
782 799 11 16 21
786 872 9 31 21
786 540 11 19 16
786 3 12 53 6
787 961 11 43 21
789 793 10 38 21
789 376 9 32 11
790 58 10 49 6
790 727 11 13 16
790 361 9 58 11
791 291 10 35 11
793 980 11 19 21
796 1183 10 33 26
797 758 11 15 21
801 634 9 14 16
801 887 9 55 21
801 666 9 28 16
803 747 11 40 16
804 1083 9 21 26
804 953 10 45 21
804 1206 10 53 26
805 221 10 12 6
806 294 10 10 11
806 605 9 24 16
808 1223 10 15 26
808 373 9 10 11
808 1083 9 28 26
808 724 10 53 16
809 727 11 59 16
809 919 9 11 21
810 60 10 56 6
811 38 10 15 6
811 272 11 34 11
812 428 9 7 11
812 870 9 1 21
814 422 9 18 11
814 472 10 46 11
814 44 10 25 6
815 233 11 7 6
816 1118 8 51 26
816 48 10 23 6
819 1207 10 34 26
820 906 9 11 21
820 196 9 57 6
821 1188 9 41 26
821 331 9 25 11
822 1111 8 44 26
822 1215 10 9 26
822 986 11 58 21
823 656 9 5 16
823 629 8 47 16
824 841 9 51 21
827 725 10 10 16
827 657 8 57 16
827 382 8 7 11
828 1005 11 25 21
831 951 9 59 21
832 34 10 27 6
832 982 10 10 21
832 416 8 59 11
832 1162 8 39 26
835 306 9 7 11
835 174 9 6 6
835 60 9 5 6
836 705 9 14 16
837 1223 10 59 26
837 436 9 23 11
839 206 9 52 6
841 608 8 24 16
842 1128 8 23 26
843 72 9 44 6
845 610 8 48 16
845 1070 9 57 26
848 267 10 47 11
848 1116 7 37 26
848 646 8 31 16
849 48 9 4 6
852 202 9 13 6
852 907 8 40 21
852 1223 10 2 26
853 343 8 10 11
853 589 8 27 16
855 96 8 45 6
857 805 9 20 21
858 409 8 17 11
860 15 10 44 6
861 521 10 37 16
861 502 11 16 11
861 993 10 4 21
862 1211 9 48 26
863 577 8 7 16
865 1190 9 35 26
867 814 9 47 21
867 852 7 14 21
867 170 8 40 6
868 482 10 53 11
868 1071 8 13 26
869 1153 7 4 26
870 760 10 46 21
870 1063 9 38 26
871 305 9 19 11
872 125 7 22 6
874 61 9 18 6
875 601 7 8 16
875 342 8 9 11
875 7 10 47 6
875 393 7 39 11
876 335 8 5 11
876 192 9 0 6
877 733 10 20 16
877 959 9 0 21
877 1065 9 2 26
881 1207 9 39 26
881 431 8 37 11
883 639 7 15 16
889 1008 10 56 26
893 155 8 22 6
895 374 7 52 11
896 424 8 13 11
897 999 11 26 26
898 950 9 40 21
899 181 9 20 6
899 886 7 1 21
902 463 10 19 11
903 729 10 26 16
903 1068 9 33 26
907 965 10 13 21
907 44 9 40 6
907 427 9 29 11
908 1033 10 51 26
909 1218 10 10 26
910 747 11 48 16
914 963 10 13 21
915 1175 9 20 26
916 691 9 57 16
916 495 11 14 16
916 1250 11 59 26
919 1224 10 28 26
921 108 8 19 6
922 928 9 51 21
928 688 9 40 16
929 425 9 19 11
929 29 10 53 6
934 703 10 20 16
935 916 9 49 21
935 35 10 8 6
936 1034 10 16 26
936 31 10 11 6
936 1096 9 1 26
937 965 10 21 21
937 174 9 29 6
938 830 9 33 21
939 939 10 34 21
940 791 10 22 21
940 367 9 53 11
942 761 11 0 21
943 960 10 55 21
943 963 10 58 21
943 1055 10 32 26
944 622 9 25 16
946 804 10 49 21
947 557 10 34 16
949 452 10 5 11
950 1088 9 54 26
951 454 10 46 11
953 921 10 54 21
954 188 10 8 6
954 383 9 45 11
954 904 9 23 21
956 45 10 19 6
956 216 11 36 6
956 182 10 3 6
958 864 9 31 21
962 885 9 30 21
964 114 9 23 6
964 605 10 20 16
966 60 10 30 6
966 1036 11 32 26
967 1142 10 23 26
968 486 11 31 11
968 1192 10 45 26
969 494 12 44 11
970 744 12 57 16
971 390 10 19 11
971 23 11 6 6
971 95 10 50 6
971 1165 10 12 26
973 1060 10 53 26
973 151 10 48 6
973 903 10 36 21
974 766 11 10 21
975 1067 10 29 26
975 864 10 11 21
976 264 12 16 6
978 110 10 23 6
979 253 12 57 6
979 977 11 10 21
983 362 10 23 11
983 1092 10 35 26
984 1166 10 25 26
986 58 11 34 6
986 1130 10 11 26
987 1176 11 21 26
988 573 11 5 16
989 82 11 33 6
989 542 11 36 16
991 674 11 17 16
992 1024 12 4 26
992 883 10 8 21
994 840 11 32 21
994 950 11 27 21
998 1209 11 46 26
999 247 12 16 6
1000 40 12 24 6
1000 558 11 5 16
1001 1232 12 14 26
1001 271 12 6 11
1001 679 11 17 16
1003 236 12 8 6
1003 540 11 46 17
1004 919 11 46 21
1005 166 11 10 6
1006 222 12 15 6
1006 686 11 57 16
1006 585 11 26 16
1008 39 11 38 7
1008 756 12 46 17
1008 202 11 29 7
1012 36 11 53 7
1012 867 10 21 22
1014 90 10 46 7
1014 1165 10 28 27
1014 810 11 25 22
1014 443 11 7 12
1016 154 10 25 7
1017 938 11 58 22
1018 995 12 44 22
1019 646 10 43 17
1019 457 11 54 12
1020 381 10 44 12
1025 304 11 7 12
1027 224 11 22 7
1027 914 10 30 22
1029 1194 10 24 27
1029 505 12 38 12
1031 578 10 28 17
1032 1021 11 38 27
1033 984 11 45 22
1033 1170 10 37 27
1036 125 9 38 7
1041 75 10 31 7
1042 510 11 23 17
1044 169 10 49 7
1045 1106 9 39 27
1045 774 11 12 22
1047 1036 10 7 27
1047 280 11 9 12
1047 167 9 51 7
1048 824 10 36 22
1048 191 10 3 7
1048 997 11 4 22
1050 278 11 15 12
1052 440 10 31 12
1052 548 10 29 17
1053 779 10 22 22
1053 371 9 48 12
1054 1098 9 20 27
1055 1031 10 58 27
1056 695 10 31 17
1057 961 10 6 22
1058 568 9 35 17
1058 1170 9 39 27
1058 106 9 28 7
1059 396 9 57 12
1059 1091 9 55 27
1063 861 9 7 22
1065 245 11 17 7
1065 615 9 25 17
1066 112 9 44 7
1066 180 9 55 7
1069 150 9 56 7
1071 316 9 15 12
1071 1 11 10 7
1072 1028 10 45 27
1072 904 9 46 22
1073 977 10 23 22
1076 1233 10 52 27
1076 289 10 56 12
1076 64 9 6 7
1077 1227 10 21 27
1078 170 9 51 7
1078 854 8 10 22
1079 499 11 28 12
1079 57 9 14 7
1081 101 8 40 7
1081 1004 11 50 27
1082 93 8 2 7
1082 1130 8 52 27
1083 877 8 41 22
1085 792 10 26 22
1085 279 10 58 12
1086 44 9 8 7
1086 419 8 57 12
1089 196 9 19 7
1089 639 8 5 17
1089 646 8 52 17
1089 711 10 26 17
1090 287 10 23 12
1091 269 10 9 12
1092 751 11 2 17
1092 7 11 10 7
1093 813 9 5 22
1093 755 11 17 17
1094 353 8 20 12
1096 917 8 50 22
1097 884 7 56 22
1098 1002 11 35 22
1098 557 9 35 17
1102 1183 9 52 27
1102 1199 9 41 27
1103 961 9 48 22
1103 371 7 35 12
1105 723 10 52 17
1105 192 9 16 7
1105 186 9 49 7
1106 123 7 24 7
1109 1205 9 58 27
1109 1248 11 51 27
1111 812 9 8 22
1111 182 8 39 7
1114 74 8 17 7
1115 345 8 6 12
1115 298 9 39 12
1117 201 9 14 7
1117 24 10 17 7
1119 1012 10 45 27
1121 604 7 58 17
1121 162 8 35 7
1122 1183 8 0 27
1123 845 8 8 22
1124 22 10 37 7
1126 448 9 2 12
1128 197 9 13 7
1131 931 8 47 22
1132 496 11 22 12
1133 437 9 56 12
1133 977 10 43 22
1133 867 7 50 22
1134 602 7 23 17
1136 872 7 27 22
1137 137 7 31 7
1137 1055 9 11 27
1138 88 8 2 7
1139 305 9 15 12
1140 726 10 27 17
1143 268 10 51 12
1144 275 10 39 12
1144 702 9 25 17
1147 685 9 34 17
1148 248 11 47 7
1149 616 7 57 17
1149 434 9 44 12
1150 340 8 46 12
1151 59 9 36 7
1151 785 10 58 22
1152 256 11 55 7
1154 1098 8 13 27
1157 585 8 49 17
1157 941 9 31 22
1160 1180 9 5 27
1164 808 9 49 22
1166 917 8 8 22
1167 924 9 7 22
1167 286 10 2 12
1167 966 10 55 22
1167 938 9 22 22
1168 905 8 50 22
1168 339 8 38 12
1172 17 10 12 7
1173 282 10 13 12
1178 1054 9 57 27
1180 847 9 43 22
1181 923 9 16 22
1182 369 8 59 12
1186 941 9 51 22
1186 362 9 43 12
1187 927 9 42 22
1187 531 10 30 17
1189 125 9 1 7
1190 381 9 17 12
1190 1137 9 10 27
1190 56 10 50 7
1191 300 10 1 12
1191 398 9 48 12
1192 275 11 18 12
1192 920 9 51 22
1195 945 10 43 22
1195 211 10 32 7
1199 417 9 40 12
1199 587 9 14 17
1200 537 10 29 17
1200 1207 10 21 27
1201 322 10 15 12
1201 1233 11 37 27
1202 398 9 16 12
1203 707 10 10 17
1204 784 11 59 22
1204 776 11 6 22
1205 236 11 41 7
1208 722 11 3 17
1209 954 10 12 22
1209 573 10 38 17
1212 852 9 38 22
1215 1005 11 28 27
1216 391 10 38 12
1216 399 10 29 12
1217 785 11 4 22
1219 8 12 12 7
1221 610 10 0 17
1222 302 11 5 12
1224 383 10 29 12
1224 1220 11 2 27
1224 415 10 47 12
1225 193 11 22 7
1226 980 11 42 22
1226 471 11 5 12
1228 1010 12 6 22
1228 1240 12 17 27
1228 1160 10 29 27
1230 580 10 38 17
1231 1215 11 32 27
1231 86 10 59 7
1232 542 11 0 17
1235 360 10 39 12
1237 460 11 28 12
1238 717 11 16 17
1242 436 11 49 12
1243 923 11 19 22
1244 1203 11 22 27
1244 42 11 30 7
1246 19 12 22 7
1247 296 11 34 12
1248 76 11 1 7
1248 1130 11 0 27
1249 923 11 55 22
1249 834 11 31 22
1250 97 11 30 7
1250 1012 12 59 27
