SF7_COMM_RANGE = 30
VERTEX_NUM = 1300
MAP_WIDTH = 1250
MAP_LENGTH = 1250
Total links = 1548
Capital delta = 9
SF1112 % = 27.6154
# of outliers = 0
DATA PERIOD = 60
------------------------------
x  y  SF  phase which_gateway: 
1 684 11 13 13
1 995 12 25 18
1 109 11 51 3
3 1046 11 57 23
6 854 11 49 18
6 830 11 9 18
7 618 10 22 13
7 796 11 12 18
8 286 11 22 8
8 283 11 5 8
9 879 10 12 18
10 1201 11 17 23
12 208 11 28 3
13 1198 11 24 23
14 299 11 50 8
15 572 11 54 13
15 747 12 24 13
15 864 10 59 18
16 886 10 26 18
17 166 10 21 3
19 1151 10 42 23
20 991 12 33 18
22 447 11 33 8
23 585 10 41 13
23 672 10 4 13
24 878 10 59 18
26 1032 11 56 23
26 1144 10 42 23
27 103 10 12 3
28 242 12 36 8
30 271 11 15 8
32 93 10 25 3
33 383 10 1 8
34 804 10 59 18
35 671 10 14 13
36 659 10 50 13
38 731 11 8 13
39 485 11 28 8
39 403 10 55 8
42 552 10 23 13
43 608 9 34 13
44 1010 11 7 23
44 1015 11 32 23
45 1138 9 54 23
45 863 9 23 18
45 639 9 22 13
46 268 11 48 8
47 635 9 39 13
49 115 9 14 3
49 293 10 7 8
49 1200 10 0 23
52 550 10 48 13
52 1022 11 32 23
52 834 9 26 18
53 514 11 21 13
54 714 10 36 13
54 161 9 17 3
56 559 10 9 13
57 526 11 18 13
58 824 9 30 18
59 685 9 45 13
59 48 10 25 3
59 1082 9 47 23
63 706 10 47 13
64 372 9 24 8
64 56 10 2 3
65 423 9 29 8
71 451 10 25 8
72 1110 8 30 23
72 1081 9 24 23
73 587 9 40 13
73 1244 11 56 23
73 18 10 24 3
73 340 9 12 8
74 925 9 51 18
75 1132 8 47 23
75 936 9 27 18
77 364 8 39 8
81 196 9 27 3
82 1037 10 33 23
83 43 10 46 3
83 74 9 19 3
85 1221 10 13 23
86 623 8 10 13
86 403 8 45 8
87 116 8 34 3
88 225 10 46 3
88 472 10 3 8
90 1211 10 44 23
92 122 8 56 3
92 233 10 25 3
94 162 8 21 3
94 1203 9 22 23
96 1039 10 12 23
97 398 8 0 8
101 740 10 38 13
103 251 11 14 3
103 818 9 30 18
103 1115 7 3 23
104 27 10 45 3
104 664 8 46 13
104 184 9 43 3
105 620 7 41 13
106 845 8 2 18
107 1012 10 48 23
108 984 10 24 18
108 724 10 50 13
108 273 10 7 8
108 574 8 4 13
109 253 11 9 3
110 532 10 32 13
111 434 9 42 8
112 329 8 20 8
112 1184 9 45 23
112 1053 9 45 23
113 774 10 58 18
113 141 7 11 3
115 1222 10 31 23
115 1202 9 53 23
115 98 7 47 3
116 39 9 20 3
118 663 8 18 13
119 988 10 9 18
120 265 10 34 8
125 338 8 30 8
125 934 8 9 18
125 356 7 12 8
127 1216 10 37 23
128 1223 10 31 23
128 569 8 8 13
129 53 9 14 3
131 332 8 10 8
134 875 7 43 18
134 1054 9 47 23
134 1215 10 12 23
134 247 11 23 3
135 1084 8 12 23
136 311 9 54 8
137 287 9 30 8
137 1142 7 8 23
141 791 9 55 18
141 905 8 54 18
142 928 8 42 18
144 515 10 16 13
144 1155 8 39 23
145 582 8 27 13
145 264 10 14 8
148 99 8 51 3
149 1225 10 51 23
149 1112 7 7 23
149 1044 9 38 23
152 1219 10 11 23
152 719 10 17 13
152 836 8 39 18
154 1204 9 37 23
158 260 10 47 8
162 595 8 49 13
164 135 8 49 3
164 555 9 16 13
165 1007 11 12 18
170 397 8 49 8
170 1166 9 30 23
171 704 10 22 13
171 882 8 33 18
172 1043 10 18 23
173 1114 8 27 23
174 316 9 48 8
174 201 10 22 3
175 1007 11 21 23
176 579 9 11 13
176 220 10 30 3
176 277 10 9 8
177 457 10 5 8
177 1006 11 4 18
178 225 10 25 3
178 908 9 45 18
179 782 10 24 18
179 547 10 31 13
180 277 10 28 8
180 374 8 15 8
180 1019 10 38 23
181 344 9 58 8
181 437 9 18 8
182 375 8 55 8
182 1144 9 30 23
182 971 10 55 18
182 783 10 34 18
184 525 10 11 13
184 1064 9 36 23
184 869 8 43 18
184 1225 10 23 23
185 437 9 26 8
186 334 9 13 8
187 540 10 38 13
188 703 10 51 13
189 264 11 23 8
189 686 9 5 13
190 1183 9 39 23
195 429 9 45 8
196 776 11 18 18
198 465 10 50 8
198 450 10 7 8
199 497 11 27 8
200 1093 9 56 23
200 984 11 4 18
201 82 9 44 3
202 770 11 33 18
202 1006 11 28 23
202 279 11 15 8
203 501 11 53 13
203 709 10 43 13
203 502 11 45 8
203 1005 11 51 23
203 894 9 53 18
204 767 11 32 18
205 210 10 13 3
206 556 10 48 13
207 722 11 7 13
207 38 10 24 3
211 462 11 24 8
214 918 10 50 18
216 722 11 48 13
216 796 11 50 18
218 757 12 55 13
223 387 10 18 8
225 861 10 33 18
227 57 11 19 3
228 499 12 15 8
228 336 10 13 8
229 62 11 56 3
230 63 11 33 3
230 572 10 3 13
231 857 10 56 18
234 298 11 53 8
235 477 12 51 8
235 528 11 0 13
236 114 10 29 3
236 1022 12 24 23
237 869 10 28 18
238 1160 10 45 23
241 364 10 9 8
241 312 11 3 8
242 50 11 30 3
243 264 12 1 8
244 383 10 56 8
245 450 11 3 8
246 268 12 6 8
246 1129 11 36 23
247 605 11 2 13
247 818 11 31 18
249 466 12 0 8
249 297 11 44 8
249 975 12 19 18
252 495 12 43 8
253 611 11 39 13
253 516 12 29 13
253 1181 11 16 23
253 162 11 50 3
256 25 12 44 3
257 415 11 21 8
257 228 12 39 3
258 288 11 9 9
260 929 11 25 18
261 583 11 35 13
262 349 10 2 9
262 15 12 8 3
265 242 12 27 4
265 99 10 24 4
265 117 10 33 4
268 127 10 55 4
269 72 10 9 4
269 1003 12 42 24
269 853 10 50 19
271 863 10 31 19
275 44 11 35 4
275 445 11 38 9
275 351 10 26 9
276 363 10 42 9
277 444 10 14 9
277 1005 12 28 19
278 557 10 5 14
279 582 10 6 14
280 204 11 4 4
280 1248 12 16 24
282 471 11 49 9
282 761 11 36 19
282 883 10 45 19
284 1219 11 58 24
284 981 11 26 19
285 151 10 29 4
285 581 10 19 14
287 386 9 57 9
287 840 10 38 19
289 354 9 36 9
289 605 9 32 14
293 323 10 33 9
293 240 11 45 4
294 479 11 59 9
294 1238 11 57 24
295 741 11 10 14
295 749 11 46 14
299 587 9 58 14
300 817 10 44 19
303 410 9 28 9
304 1086 9 29 24
306 240 11 12 4
306 1014 11 6 24
306 426 9 56 9
307 416 9 46 9
307 801 10 12 19
308 152 9 16 4
310 564 9 51 14
312 959 10 19 19
313 720 10 21 14
313 704 10 7 14
314 915 9 0 19
314 576 9 57 14
315 1089 9 44 24
315 829 9 50 19
315 543 10 15 14
316 684 9 13 14
316 442 9 10 9
318 1042 10 13 24
318 46 10 43 4
320 672 9 38 14
320 689 9 37 14
322 224 10 8 4
322 946 9 23 19
323 725 10 29 14
326 140 8 5 4
326 618 8 25 14
326 428 9 7 9
327 331 9 55 9
328 471 10 10 9
329 938 9 36 19
331 889 8 25 19
332 1066 9 14 24
332 687 9 34 14
334 213 10 13 4
334 458 10 0 9
334 463 10 47 9
335 254 11 29 4
337 513 10 43 14
337 586 8 58 14
337 1249 11 42 24
338 808 9 42 19
339 449 9 58 9
339 921 8 31 19
340 929 9 26 19
341 481 10 49 9
343 682 9 39 14
343 836 8 39 19
345 315 9 51 9
346 822 9 44 19
347 374 7 14 9
347 313 9 21 9
348 372 7 21 9
348 408 8 23 9
350 877 7 45 19
350 185 9 42 4
351 1156 8 28 24
351 812 9 2 19
352 1204 9 42 24
352 1233 10 16 24
352 1219 10 4 24
355 216 10 18 4
355 47 9 33 4
356 58 9 18 4
357 944 9 44 19
359 32 10 46 4
359 957 9 10 19
361 520 10 31 14
362 1044 9 7 24
362 230 10 53 4
362 87 8 29 4
363 25 10 42 4
363 50 9 35 4
364 399 7 20 9
366 214 9 13 4
367 285 10 1 9
367 3 11 1 4
368 583 8 52 14
369 351 7 32 9
371 826 8 44 19
372 108 7 36 4
372 73 8 47 4
372 789 9 5 19
372 75 8 50 4
373 44 9 10 4
374 92 8 42 4
375 929 8 24 19
378 1021 10 30 24
380 305 9 37 9
380 1219 10 6 24
380 87 8 46 4
380 705 9 41 14
382 119 7 16 4
382 960 9 11 19
382 990 10 52 19
384 1104 7 1 24
384 624 7 57 14
384 368 7 2 9
388 1041 9 24 24
389 749 11 57 14
389 955 9 48 19
390 778 10 46 19
390 287 9 39 9
390 243 10 15 4
391 535 10 6 14
391 209 9 44 4
392 1208 9 17 24
394 541 9 59 14
394 673 8 29 14
395 926 8 41 19
395 722 10 35 14
395 814 9 57 19
395 667 8 20 14
395 378 7 40 9
396 95 8 47 4
396 282 10 30 9
396 348 8 15 9
396 1025 10 4 24
397 113 7 53 4
397 976 10 52 19
400 708 9 10 14
400 458 9 31 9
403 592 8 33 14
403 768 10 27 19
404 699 9 43 14
406 874 8 25 19
406 597 8 28 14
407 354 8 32 9
410 514 10 20 14
412 426 9 44 9
412 847 8 29 19
414 1114 8 8 24
416 975 10 30 19
416 719 10 0 14
418 122 8 23 4
418 749 11 28 19
421 988 11 37 19
423 967 10 32 19
423 933 9 27 19
424 723 10 6 14
424 404 8 6 9
424 1017 10 2 24
424 1150 8 55 24
425 1077 9 26 24
427 971 10 35 19
427 363 8 43 9
427 628 8 49 14
427 771 10 50 19
428 80 9 39 4
429 863 8 42 19
429 692 9 34 14
431 293 10 49 9
432 583 9 13 14
432 1054 10 59 24
434 418 9 16 9
436 724 10 48 14
436 2 11 17 4
436 559 9 36 14
438 504 11 21 9
438 366 9 37 9
438 566 9 21 14
439 817 9 50 19
439 735 11 37 14
440 505 11 43 9
441 1186 9 43 24
441 95 9 52 4
442 1148 9 12 24
442 216 10 12 4
444 791 10 17 19
445 714 10 39 14
445 346 9 10 9
448 1065 10 23 24
449 242 11 34 4
449 59 10 5 4
449 456 10 49 9
450 71 10 9 4
454 401 9 40 9
455 349 9 38 9
456 1104 9 51 24
457 613 9 19 14
461 782 11 12 19
462 588 10 17 14
462 917 10 9 19
462 322 10 18 9
466 272 11 16 9
466 53 10 17 4
466 27 11 6 4
467 863 10 33 19
467 768 11 46 19
467 136 10 27 4
468 814 10 2 19
468 306 10 59 9
468 498 12 10 9
470 959 11 39 19
471 1101 10 42 24
471 443 10 45 9
477 830 10 24 19
477 870 10 54 19
477 265 12 57 9
481 197 11 41 4
481 456 11 26 9
482 782 11 7 19
482 339 10 4 9
483 1210 11 52 24
483 148 10 12 4
484 155 10 45 4
484 282 11 53 9
484 604 10 53 14
485 238 12 16 4
485 1004 12 36 19
487 860 10 4 19
487 432 11 20 9
489 713 11 53 14
491 772 12 13 20
493 1153 11 38 24
493 420 11 9 9
494 294 11 23 9
494 113 10 45 4
494 550 11 35 14
495 145 11 1 4
498 1033 12 4 24
499 950 11 29 19
500 988 12 0 19
500 838 11 14 19
500 1220 12 1 24
503 509 12 34 14
503 431 11 59 9
506 416 11 25 9
508 96 11 21 4
509 713 11 48 15
511 954 11 58 20
512 258 12 39 5
514 289 11 55 10
514 844 10 2 20
514 391 10 31 10
515 239 12 0 5
516 367 10 39 10
517 1032 11 24 25
518 727 11 45 15
519 868 10 47 20
519 212 11 0 5
520 1062 11 49 25
520 69 10 8 5
521 169 10 45 5
521 845 10 55 20
521 480 11 46 10
522 1058 11 46 25
525 213 11 18 5
526 768 11 23 20
526 1172 10 13 25
528 1104 10 19 25
529 57 10 28 5
529 581 10 43 15
530 319 10 11 10
530 411 10 42 10
531 954 11 44 20
531 383 10 45 10
533 422 10 34 10
533 208 11 1 5
533 996 12 6 20
534 98 10 22 5
534 29 11 59 5
535 1188 10 37 25
536 594 10 10 15
538 940 10 53 20
543 127 9 8 5
544 204 10 10 5
544 286 11 32 10
544 232 11 24 5
548 1048 10 47 25
548 930 10 12 20
549 487 11 16 10
551 713 10 36 15
551 674 9 20 15
551 184 10 1 5
551 759 11 31 20
552 789 10 58 20
552 168 9 48 5
552 494 11 41 10
552 270 11 22 10
553 1144 9 1 25
553 19 11 52 5
554 971 10 50 20
555 130 9 36 5
556 790 10 3 20
557 870 9 24 20
558 1080 9 12 25
558 248 11 41 5
559 431 9 50 10
562 771 11 13 20
563 931 9 39 20
564 1034 10 5 25
564 1040 10 4 25
565 1028 10 17 25
565 1107 9 7 25
568 877 8 57 20
570 62 9 25 5
572 744 11 9 15
574 1049 10 22 25
575 201 10 42 5
576 298 10 56 10
576 519 10 34 15
577 849 8 58 20
577 1084 9 24 25
578 394 8 46 10
578 721 10 0 15
581 96 8 56 5
586 452 9 44 10
586 787 10 40 20
587 59 9 29 5
587 1119 8 58 25
588 441 9 33 10
589 802 9 22 20
591 1086 8 48 25
594 1067 9 10 25
595 1190 9 17 25
595 434 9 5 10
595 12 10 14 5
596 29 10 50 5
600 879 7 47 20
600 314 9 28 10
600 156 8 30 5
603 912 8 52 20
604 179 8 24 5
605 201 9 39 5
606 465 10 51 10
607 1230 10 22 25
608 94 8 4 5
611 147 7 0 5
611 397 7 36 10
612 132 7 38 5
613 1067 8 56 25
614 482 10 2 10
615 764 10 37 20
618 647 7 21 15
619 194 9 48 5
619 531 10 29 15
620 1216 10 9 25
621 1212 9 24 25
623 204 9 9 5
625 467 10 30 10
625 695 9 23 15
626 863 7 42 20
629 62 9 44 5
630 440 9 3 10
631 1003 11 44 20
631 894 7 2 20
632 1218 10 0 25
632 108 7 59 5
633 297 9 52 10
633 990 10 48 20
634 1157 8 19 25
635 456 9 14 10
635 1075 8 32 25
636 633 7 43 15
637 557 9 53 15
638 319 8 24 10
638 258 10 57 10
639 425 8 50 10
639 1235 10 24 25
639 1099 7 25 25
640 203 9 28 5
640 331 8 13 10
641 1122 7 27 25
641 1014 10 57 25
641 1016 10 34 25
644 115 7 7 5
644 955 9 26 20
646 1108 7 35 25
649 1018 10 24 25
649 946 9 35 20
649 863 7 5 20
649 304 9 47 10
651 487 10 10 10
651 1228 10 50 25
653 426 8 42 10
655 1188 9 46 25
656 408 8 44 10
656 355 8 43 10
656 39 10 37 5
657 661 8 28 15
658 445 9 31 10
658 681 9 56 15
659 1150 8 43 25
660 549 9 55 15
660 747 11 32 20
661 1119 8 28 25
661 1015 10 19 25
661 164 8 29 5
664 802 9 18 20
665 1210 10 36 25
668 960 10 47 20
669 197 9 39 5
669 846 8 49 20
669 1117 8 14 25
670 1129 8 36 25
672 523 10 15 15
674 571 9 14 15
675 345 8 3 10
677 973 10 50 20
677 454 10 38 10
677 1167 9 30 25
678 259 11 55 10
680 152 9 17 5
681 673 9 32 15
684 406 9 37 10
685 473 10 59 10
688 759 11 19 15
688 315 9 21 10
690 1004 11 34 20
693 929 9 48 20
694 55 10 50 5
694 55 10 5 5
695 163 9 45 5
696 962 10 25 20
699 72 10 1 5
700 79 9 9 5
700 194 10 53 5
702 814 10 12 20
703 282 11 30 10
703 633 9 4 15
703 844 9 48 20
705 755 11 17 20
705 174 10 43 5
707 720 11 29 15
708 1008 11 24 25
709 522 11 11 15
709 970 11 44 20
710 394 9 38 10
713 904 10 6 20
714 188 10 34 5
714 1195 10 8 25
714 624 9 37 15
714 717 11 22 15
715 1095 10 17 25
715 288 11 1 10
715 430 10 51 10
716 333 10 16 10
718 1233 11 12 25
719 1189 10 13 25
722 1088 10 43 25
724 955 11 1 20
727 338 10 55 10
727 863 10 48 20
728 1112 10 38 25
728 556 11 20 15
729 665 10 41 15
730 442 11 47 10
730 438 11 13 10
733 938 11 46 20
733 397 10 17 10
734 649 10 9 15
735 1153 10 26 25
736 381 10 27 10
736 74 11 44 5
737 880 10 56 20
737 1095 10 51 25
737 886 10 56 20
740 326 11 40 10
741 171 11 21 5
743 1249 12 2 25
743 392 10 7 10
744 1150 11 29 25
745 888 11 31 20
745 856 11 21 21
745 167 11 46 5
745 694 11 33 15
746 750 12 12 15
748 246 12 54 5
749 914 11 45 20
751 394 11 25 10
752 408 11 37 10
752 1019 12 38 25
754 26 12 20 5
754 194 11 18 6
754 7 12 16 5
755 1179 11 32 25
756 21 12 51 5
756 198 11 3 5
758 391 10 38 11
759 1175 11 37 25
761 945 11 13 21
762 6 12 47 6
763 780 11 4 21
763 806 11 40 21
764 1187 11 32 26
766 1082 10 0 26
766 235 12 31 5
767 748 12 20 21
768 611 10 32 16
769 999 12 52 26
769 948 11 14 21
769 848 10 39 21
770 677 10 13 16
770 31 11 46 6
770 748 12 0 16
771 850 10 51 21
771 245 12 11 6
773 311 11 13 11
773 879 10 37 21
777 53 11 48 6
778 1184 10 30 26
778 1197 11 7 26
780 1184 10 27 26
782 494 12 43 11
783 920 10 25 21
784 970 11 35 21
784 151 10 15 6
786 165 10 8 6
788 1068 10 39 26
789 314 10 45 11
790 802 10 38 21
791 97 9 44 6
791 560 10 33 16
791 578 10 34 16
792 747 11 24 16
792 265 11 57 11
792 28 11 26 6
793 951 10 47 21
795 800 10 9 21
796 827 10 58 21
799 1025 11 31 26
799 480 11 23 11
801 565 10 30 16
801 976 11 36 21
802 149 9 1 6
802 730 11 22 16
803 534 10 27 16
804 395 9 4 11
806 451 10 35 11
806 237 11 56 6
809 49 10 53 6
811 1109 9 58 26
811 674 9 3 16
813 514 11 12 16
814 116 9 33 6
814 656 9 20 16
815 483 11 47 11
816 604 9 40 16
817 972 10 29 21
818 653 9 18 16
819 700 10 26 16
820 1144 8 7 26
820 477 10 54 11
822 988 11 51 26
823 302 9 41 11
823 1092 9 18 26
825 178 9 40 6
826 546 10 7 16
827 452 10 57 11
827 1068 9 49 26
828 312 9 57 11
828 108 8 20 6
829 722 10 12 16
829 846 8 27 21
831 1155 8 56 26
831 98 8 6 6
831 621 8 50 16
834 554 9 15 16
834 39 10 10 6
835 1175 9 17 26
835 11 11 12 6
837 772 10 55 21
839 138 8 7 6
840 748 11 7 21
841 304 9 7 11
842 318 9 40 11
842 816 9 28 21
843 1046 9 47 26
845 90 8 21 6
845 1153 8 57 26
845 891 8 57 21
849 492 10 39 11
849 1230 10 56 26
850 298 9 52 11
851 1044 9 30 26
853 987 10 29 21
854 1162 8 2 26
857 523 10 10 16
857 259 10 28 11
858 392 7 52 11
858 168 8 59 6
859 1038 9 25 26
860 1076 8 12 26
860 398 7 3 11
860 1247 11 45 26
862 41 9 1 6
863 1139 7 9 26
863 1220 10 27 26
864 408 8 8 11
867 1083 8 12 26
869 632 7 36 16
870 741 10 20 16
870 936 9 7 21
870 159 8 44 6
870 523 10 28 16
871 826 8 7 21
872 163 8 16 6
872 1040 9 48 26
874 754 11 46 16
876 1069 8 29 26
877 607 7 45 16
878 835 8 43 21
878 493 10 8 11
879 523 10 33 16
879 107 7 27 6
879 1223 10 30 26
883 302 9 2 11
884 703 9 30 16
886 835 8 32 21
887 921 8 22 21
889 1093 8 22 26
889 877 7 23 21
890 1030 10 47 26
891 921 8 26 21
891 686 9 27 16
891 286 10 24 11
892 269 10 27 11
893 1235 10 28 26
894 151 8 51 6
894 488 10 36 11
899 885 7 40 21
899 59 9 28 6
899 82 8 48 6
900 940 9 40 21
903 1097 8 4 26
904 1127 7 8 26
905 649 8 47 16
907 82 8 20 6
908 1142 8 56 26
908 995 11 25 21
909 816 9 50 21
912 618 8 33 16
913 913 8 8 21
915 819 9 50 21
915 164 8 6 6
917 232 10 28 6
917 1162 8 21 26
917 198 9 0 6
918 528 10 58 16
919 442 9 53 11
921 319 9 22 11
922 1248 11 12 26
923 599 8 17 16
924 310 9 2 11
924 976 10 38 21
925 569 9 36 16
926 449 9 26 11
926 493 11 58 11
928 1024 10 56 26
928 592 9 10 16
931 839 9 26 21
931 1081 9 29 26
932 301 10 30 11
933 333 9 6 11
933 1211 10 9 26
934 1032 10 34 26
935 300 10 15 11
937 833 9 48 21
939 899 9 54 21
939 247 11 3 6
939 930 9 13 21
940 1128 9 36 26
941 459 10 29 11
943 288 10 21 11
944 1066 10 27 26
944 125 9 27 6
945 215 10 41 6
945 921 9 40 21
946 1147 9 28 26
946 120 9 39 6
946 308 10 33 11
947 145 9 42 6
947 91 9 43 6
948 1012 11 42 26
949 164 9 36 6
949 637 9 14 16
950 1057 10 18 26
950 756 11 3 21
951 494 11 4 11
951 485 11 7 11
952 588 9 5 16
953 35 10 30 6
955 1182 10 36 26
956 260 11 27 11
956 232 11 36 6
958 1091 9 45 26
964 222 11 1 6
965 397 10 43 11
966 1018 11 33 26
966 467 11 47 11
966 975 11 39 21
967 1106 10 46 26
967 162 10 16 6
968 694 10 8 16
969 730 11 59 16
971 288 11 43 11
972 871 10 35 21
973 357 10 41 11
973 1127 10 23 26
974 608 10 55 16
974 367 10 12 11
975 748 12 48 16
976 1075 10 30 26
976 534 11 56 16
977 1126 10 31 26
977 105 10 6 6
977 109 10 2 6
977 1219 11 41 26
978 477 11 1 11
979 464 11 6 11
979 198 11 48 6
979 814 11 6 21
980 515 12 36 11
981 533 11 24 16
981 1133 10 33 26
982 665 10 4 16
982 192 11 9 6
983 321 11 26 11
983 619 10 40 16
984 438 11 34 11
986 241 12 6 6
986 565 11 19 16
987 482 12 20 11
988 268 12 22 11
988 281 11 19 11
989 776 12 12 21
991 731 12 5 16
994 1079 11 46 26
994 571 11 53 16
994 157 11 20 6
997 752 12 42 16
1000 578 11 57 16
1001 824 11 8 21
1002 515 12 4 16
1003 538 11 53 17
1004 1005 12 31 22
1004 288 11 10 12
1004 428 11 55 11
1006 1225 12 13 26
1007 559 11 12 16
1010 1062 11 53 26
1010 437 11 1 11
1011 455 11 10 12
1012 810 11 21 22
1012 243 12 18 7
1012 47 11 36 7
1012 738 12 26 16
1013 869 10 27 22
1013 144 10 2 7
1013 320 11 58 11
1013 363 10 54 12
1016 658 10 8 17
1016 1056 11 17 27
1016 567 11 14 17
1017 1209 11 30 27
1018 583 10 28 17
1021 44 11 26 7
1022 923 10 27 22
1022 63 11 14 7
1022 1035 11 11 27
1023 618 10 47 17
1023 790 11 48 22
1028 675 10 9 17
1029 1249 12 48 27
1029 807 10 52 22
1033 724 11 54 17
1034 497 12 19 12
1034 565 10 3 17
1036 303 10 42 12
1037 1210 11 32 27
1038 144 9 15 7
1039 156 10 35 7
1039 268 11 26 12
1040 953 10 17 22
1040 88 10 57 7
1040 52 10 44 7
1041 1193 10 53 27
1041 596 9 15 17
1041 43 10 3 7
1041 916 10 56 22
1042 709 10 13 17
1043 585 10 57 17
1044 1133 9 56 27
1044 443 10 22 12
1045 312 10 4 12
1048 1035 10 19 27
1048 417 9 42 12
1049 872 9 22 22
1050 1045 10 46 27
1050 37 10 56 7
1050 909 9 34 22
1052 188 10 26 7
1052 396 9 45 12
1052 931 10 35 22
1053 398 9 14 12
1053 1158 9 29 27
1056 594 9 29 17
1056 1128 9 33 27
1056 565 10 32 17
1057 779 10 3 22
1058 814 10 58 22
1059 254 11 39 12
1059 1073 9 39 27
1060 682 9 16 17
1061 470 10 57 12
1061 1221 10 28 27
1062 455 10 0 12
1063 1214 10 50 27
1063 1013 11 35 27
1064 1036 10 55 27
1065 1096 9 38 27
1065 848 9 48 22
1066 353 9 45 12
1066 275 10 35 12
1067 119 8 2 7
1068 293 10 41 12
1068 472 10 54 12
1069 1069 9 36 27
1072 1179 9 3 27
1073 497 11 32 12
1075 189 9 32 7
1076 211 10 29 7
1076 1149 8 58 27
1077 470 10 9 12
1079 361 8 4 12
1080 1190 9 4 27
1080 886 8 39 22
1081 257 11 26 12
1083 978 10 30 22
1083 1205 10 11 27
1085 341 8 29 12
1086 163 8 28 7
1087 556 9 43 17
1089 627 8 0 17
1094 399 8 44 12
1095 944 9 40 22
1095 592 8 28 17
1096 718 10 36 17
1096 285 10 22 12
1098 964 10 55 22
1099 496 11 23 12
1103 23 10 1 7
1103 273 10 43 12
1106 56 9 8 7
1108 188 9 28 7
1109 644 7 37 17
1110 712 9 49 17
1110 981 10 14 22
1110 558 9 13 17
1111 1001 11 45 22
1112 578 8 38 17
1112 171 8 38 7
1114 1212 9 14 27
1116 1239 10 37 27
1116 110 7 47 7
1117 345 8 11 12
1117 444 9 33 12
1118 81 8 18 7
1119 369 7 29 12
1120 663 8 3 17
1124 940 9 30 22
1125 577 8 50 17
1125 137 7 31 7
1126 190 9 5 7
1129 888 7 51 22
1129 1001 11 7 27
1129 951 9 45 22
1130 983 10 11 22
1131 234 10 43 7
1131 445 9 7 12
1131 347 7 7 12
1133 92 8 7 7
1134 245 11 0 7
1134 961 9 42 22
1135 399 7 7 12
1137 839 8 20 22
1138 550 9 12 17
1138 1238 10 57 27
1138 997 11 34 22
1138 556 9 17 17
1138 491 10 42 12
1140 241 10 5 7
1143 1231 10 55 27
1144 214 10 48 7
1144 408 8 34 12
1146 1 11 35 7
1146 907 8 59 22
1147 250 11 7 7
1148 775 10 53 22
1149 1160 8 20 27
1149 758 10 11 22
1150 50 9 15 7
1151 1195 9 11 27
1152 51 9 34 7
1152 160 8 20 7
1154 556 9 2 17
1154 354 8 42 12
1155 1060 9 57 27
1155 1099 8 5 27
1157 1104 8 25 27
1158 187 9 57 7
1158 428 9 12 12
1159 828 8 24 22
1160 908 8 57 22
1161 865 8 47 22
1161 194 9 32 7
1162 595 8 10 17
1162 940 9 59 22
1163 2 11 21 7
1163 545 9 36 17
1163 107 8 8 7
1164 1244 11 55 27
1166 780 10 41 22
1166 890 8 4 22
1167 783 10 43 22
1169 1175 9 15 27
1171 680 9 31 17
1171 534 10 35 17
1172 80 9 23 7
1179 972 10 24 22
1179 1227 10 47 27
1182 95 9 34 7
1183 319 9 40 12
1183 1021 10 58 27
1184 866 8 8 22
1184 316 9 52 12
1185 905 9 52 22
1185 1037 10 42 27
1186 958 10 50 22
1187 739 11 58 17
1191 1227 11 0 27
1193 504 11 47 17
1195 124 9 2 7
1196 650 9 24 17
1199 297 10 36 12
1199 137 9 41 7
1200 858 9 48 22
1200 6 11 46 7
1201 224 11 32 7
1201 744 11 1 17
1202 1192 10 23 27
1204 716 11 41 17
1206 182 10 56 7
1206 719 11 4 17
1207 303 10 45 12
1208 428 10 32 12
1208 807 10 20 22
1210 445 10 16 12
1210 730 11 59 17
1211 650 9 35 17
1212 979 11 32 22
1213 883 9 46 22
1215 1060 10 9 27
1215 548 10 4 17
1215 1102 10 45 27
1216 1099 10 9 27
1216 690 10 57 17
1217 481 11 29 12
1218 428 10 52 12
1219 726 11 47 17
1220 530 11 19 17
1221 709 11 44 17
1222 826 10 26 22
1223 699 11 22 17
1224 674 10 8 17
1224 758 12 2 17
1224 1143 10 55 27
1224 487 11 49 12
1225 417 10 49 12
1225 854 10 28 22
1228 1246 12 50 27
1229 421 10 12 12
1230 490 12 9 12
1230 145 10 47 7
1230 858 10 8 22
1230 568 10 46 17
1231 924 10 11 22
1233 721 11 28 17
1234 429 11 54 12
1235 692 11 10 17
1236 485 12 3 17
1237 920 11 26 22
1242 414 11 56 12
1242 680 11 4 17
1242 551 11 31 17
1242 824 11 33 22
1242 888 10 6 22
1243 930 11 20 22
1243 155 11 3 7
1243 909 11 50 22
1244 974 12 59 22
1244 581 11 22 17
1245 590 11 34 17
1245 966 12 25 22
1247 499 12 36 12
