SF7_COMM_RANGE = 30
VERTEX_NUM = 1350
MAP_WIDTH = 1250
MAP_LENGTH = 1250
Total links = 1598
Capital delta = 9
SF1112 % = 26.963
# of outliers = 0
DATA PERIOD = 60
------------------------------
x  y  SF  phase which_gateway: 
2 967 12 59 18
6 733 12 33 13
6 458 11 3 8
6 304 11 48 8
7 856 10 40 18
7 394 10 4 8
8 73 11 0 3
8 136 10 18 3
9 595 10 24 13
10 405 10 7 8
11 447 11 56 8
11 567 11 15 13
11 1214 11 7 23
11 452 11 58 8
13 1110 10 2 23
14 791 11 37 18
15 1036 11 39 23
16 584 10 33 13
17 930 11 38 18
19 1169 10 12 23
19 449 11 12 8
19 1169 10 52 23
25 887 10 14 18
25 432 10 27 8
25 534 11 59 13
26 847 10 4 18
28 1231 11 37 23
29 13 11 39 3
31 400 10 25 8
31 468 11 47 8
31 695 10 4 13
33 899 10 16 18
34 98 10 21 3
34 580 10 7 13
35 1244 11 56 23
36 124 9 1 3
36 922 10 3 18
37 534 11 56 13
38 1191 10 11 23
38 321 10 28 8
40 849 9 55 18
40 1234 11 0 23
42 550 10 43 13
45 576 10 54 13
45 356 9 58 8
46 420 10 37 8
49 1100 9 23 23
49 350 9 29 8
49 110 9 2 3
50 476 11 53 8
50 342 9 34 8
50 455 10 15 8
51 445 10 45 8
51 465 10 48 8
51 451 10 34 8
52 617 9 36 13
53 782 10 52 18
53 1214 10 3 23
54 942 10 16 18
54 73 9 9 3
54 108 9 51 3
55 572 9 12 13
56 289 10 25 8
56 819 9 4 18
57 403 9 19 8
57 469 10 21 8
58 597 9 5 13
59 933 9 23 18
60 1184 9 9 23
61 527 10 8 13
62 867 9 43 18
65 288 10 56 8
66 780 10 8 18
67 725 10 18 13
67 154 9 51 3
67 428 9 6 8
67 817 9 56 18
69 1112 8 6 23
70 373 8 28 8
71 355 8 58 8
75 888 8 0 18
75 790 10 2 18
77 879 8 5 18
77 737 11 37 13
78 294 10 50 8
78 71 9 39 3
80 1159 8 6 23
80 440 9 34 8
81 918 9 43 18
81 325 9 14 8
82 278 10 35 8
83 443 9 26 8
85 68 9 26 3
86 568 9 0 13
88 483 10 30 8
91 983 10 45 18
93 1249 11 13 23
93 753 11 27 13
93 275 10 0 8
94 81 8 14 3
95 1090 8 35 23
97 612 8 35 13
102 660 8 2 13
102 1139 7 44 23
102 1088 8 54 23
103 1121 7 53 23
104 726 10 42 13
105 1093 8 50 23
105 254 11 52 3
106 435 9 10 8
106 536 10 40 13
107 253 11 44 3
107 668 8 4 13
108 701 9 46 13
108 313 9 21 8
109 224 10 46 3
109 952 9 17 18
111 619 7 19 13
112 339 8 20 8
112 235 10 0 3
113 38 9 33 3
114 556 9 55 13
115 93 8 18 3
116 473 10 59 8
118 197 9 47 3
119 287 9 48 8
121 906 8 37 18
121 357 7 52 8
124 485 10 15 8
125 420 8 29 8
125 577 8 6 13
126 1172 8 51 23
128 348 7 5 8
128 1176 8 9 23
128 515 10 27 13
128 251 11 51 3
129 943 9 54 18
129 749 11 9 18
129 275 10 41 8
130 511 10 38 13
132 760 10 12 18
133 679 8 13 13
135 1046 9 22 23
135 285 10 16 8
137 1124 7 59 23
138 239 10 36 3
140 468 10 3 8
140 900 7 9 18
140 59 9 47 3
140 3 11 15 3
142 592 8 9 13
142 1023 10 21 23
142 937 9 3 18
144 828 8 20 18
145 612 7 12 13
145 749 11 50 13
146 516 10 8 13
146 154 8 41 3
147 401 8 35 8
149 21 10 16 3
151 167 8 11 3
151 1137 7 33 23
151 580 8 59 13
152 593 8 8 13
152 173 8 34 3
153 603 8 26 13
153 334 8 59 8
154 755 11 21 13
154 164 8 27 3
155 1086 8 32 23
155 1131 8 59 23
156 879 8 31 18
157 883 8 45 18
158 375 8 14 8
158 1227 10 48 23
158 834 8 37 18
159 990 10 42 18
160 832 8 43 18
160 261 10 46 8
161 45 9 29 3
164 427 9 50 8
165 1244 11 47 23
165 179 9 50 3
166 1191 9 53 23
168 1196 9 59 23
170 1210 10 55 23
170 922 9 36 18
170 325 9 8 8
170 640 8 36 13
171 858 8 11 18
172 40 10 16 3
172 1121 8 39 23
173 23 10 44 3
174 196 9 7 3
175 711 10 47 13
175 911 9 19 18
175 1008 11 25 18
175 1124 8 38 23
176 808 9 32 18
176 1234 11 52 23
177 169 9 10 3
179 392 8 31 8
180 961 10 24 18
181 874 8 48 18
182 816 9 37 18
182 883 8 4 18
182 846 9 25 18
182 172 9 19 3
186 724 10 39 13
186 1029 10 3 23
189 311 10 49 8
192 524 11 29 13
194 1086 9 42 23
194 1237 11 31 23
195 477 11 15 8
196 897 9 42 18
196 145 9 18 3
197 433 10 51 8
197 489 11 42 8
199 802 10 55 18
200 763 11 54 18
201 1129 9 50 23
201 628 9 26 13
203 800 10 38 18
205 105 9 57 3
207 536 11 14 13
207 1159 9 49 23
208 325 10 22 8
208 210 10 44 3
211 479 11 21 8
211 661 10 6 13
211 1006 11 55 23
211 67 10 45 3
215 11 11 22 3
216 268 11 43 8
216 720 11 22 13
217 718 11 18 13
217 570 10 0 13
217 556 10 34 13
218 977 11 57 18
221 741 12 55 18
221 763 11 15 18
221 887 10 19 18
221 598 10 37 13
223 124 10 46 3
224 213 11 34 3
224 891 10 11 18
224 1027 11 57 23
225 311 10 25 8
225 521 11 53 13
226 980 11 44 18
226 43 11 19 3
227 1014 12 43 18
227 738 12 10 13
227 460 11 49 8
227 793 11 32 18
229 341 10 16 8
229 506 12 31 13
230 393 10 54 8
231 283 11 1 8
231 809 11 44 18
231 553 11 1 13
240 670 11 48 13
241 117 10 29 3
243 696 11 15 13
243 177 11 31 3
245 249 12 44 3
247 543 11 34 13
250 1238 12 23 23
250 20 12 18 3
251 704 11 31 13
253 863 11 10 18
253 180 11 33 3
255 682 11 42 13
258 280 12 47 8
260 747 12 11 14
262 152 10 16 4
263 812 11 51 19
263 282 11 8 9
265 89 10 33 4
266 561 11 44 14
266 877 10 52 19
268 947 11 44 19
269 68 11 20 4
270 965 11 55 19
271 928 10 26 19
272 949 11 52 19
272 711 11 11 14
272 863 10 57 19
273 1029 11 47 24
274 848 10 4 19
275 171 10 41 4
275 916 10 40 19
276 1096 10 52 24
276 870 10 11 19
279 594 10 55 14
280 465 11 23 9
280 1059 10 47 24
283 1062 10 21 24
283 593 10 38 14
286 1180 10 5 24
286 1033 11 45 24
287 1134 9 48 24
289 232 11 30 4
289 1098 10 27 24
290 410 10 28 9
291 24 11 33 4
292 25 11 36 4
292 351 9 19 9
294 774 11 34 19
294 749 11 9 14
294 509 11 55 14
294 745 11 18 14
295 1187 10 46 24
296 310 10 15 9
299 452 10 13 9
299 364 9 12 9
300 1078 9 0 24
301 1134 9 17 24
301 143 9 9 4
302 1178 10 39 24
302 157 9 21 4
303 616 9 50 14
303 974 11 11 19
303 294 10 14 9
303 1232 11 53 24
307 75 9 58 4
307 266 11 29 9
308 523 11 32 14
309 1047 10 20 24
309 483 11 8 9
309 988 11 29 19
310 238 11 5 4
314 1157 9 48 24
317 1241 11 59 24
320 1121 8 24 24
320 887 8 16 19
320 958 10 33 19
320 709 10 0 14
320 418 9 27 9
321 160 9 7 4
321 854 8 10 19
322 83 9 15 4
323 246 11 25 4
323 899 8 48 19
323 324 9 22 9
324 909 9 31 19
326 122 8 0 4
328 1224 10 22 24
328 570 9 48 14
329 1040 10 9 24
329 1052 9 53 24
335 935 9 9 19
337 117 8 51 4
337 1215 10 4 24
339 285 10 23 9
339 357 8 37 9
339 546 9 3 14
340 317 9 53 9
341 50 9 9 4
342 476 10 15 9
344 548 9 53 14
344 1244 11 39 24
349 23 10 20 4
349 874 7 41 19
350 1121 7 30 24
351 1089 8 36 24
352 209 9 50 4
353 834 8 3 19
356 544 9 37 14
359 995 11 9 24
360 1108 7 2 24
360 819 8 39 19
361 1072 8 24 24
361 951 9 20 19
361 623 7 27 14
362 310 9 47 9
363 14 10 43 4
364 1014 10 27 24
365 283 10 1 9
365 1116 7 31 24
367 255 11 28 9
367 364 7 55 9
368 981 10 32 19
368 933 8 19 19
369 968 10 59 19
370 1051 9 56 24
370 484 10 56 9
371 427 8 54 9
373 346 7 41 9
374 149 7 58 4
375 621 7 9 14
375 939 9 34 19
376 261 10 29 9
379 789 9 21 19
380 24 10 7 4
381 148 7 59 4
382 379 7 58 9
383 1227 10 49 24
383 633 7 55 14
384 218 10 35 4
386 733 10 59 14
387 1144 7 57 24
387 303 9 6 9
387 838 8 15 19
390 78 8 9 4
390 151 8 33 4
391 53 9 54 4
391 992 10 52 19
393 222 10 52 4
394 66 9 48 4
395 657 8 15 14
395 641 7 20 14
396 821 8 43 19
400 764 10 48 19
402 514 10 31 14
402 462 10 34 9
402 764 10 36 19
402 256 11 28 4
403 246 11 29 4
404 1039 10 17 24
404 952 9 18 19
404 89 8 38 4
407 729 10 43 14
407 835 8 47 19
407 382 8 0 9
409 24 10 42 4
409 773 10 46 19
410 1234 10 50 24
411 675 9 32 14
411 235 10 41 4
411 479 10 25 9
412 986 10 23 19
412 132 8 31 4
413 515 10 23 14
413 963 10 30 19
415 1032 10 32 24
415 50 9 56 4
415 446 9 25 9
417 357 8 25 9
418 1248 11 40 24
418 692 9 13 14
419 512 11 32 9
419 1212 10 0 24
419 1246 11 48 24
420 713 10 20 14
420 459 10 31 9
422 374 8 22 9
424 784 10 56 19
425 78 9 51 4
426 1225 10 43 24
426 127 8 5 4
427 493 11 1 9
427 471 10 22 9
427 939 9 48 19
427 1081 9 48 24
428 289 10 14 9
428 1026 10 31 24
430 246 11 27 4
431 1012 11 4 19
432 324 9 55 9
432 786 10 8 19
432 631 8 21 14
433 295 10 18 9
434 1089 9 31 24
435 1072 9 44 24
435 1194 10 48 24
437 591 9 4 14
438 794 10 32 19
439 1167 9 5 24
442 229 11 21 4
443 10 11 4 4
443 79 9 18 4
443 401 9 53 9
444 70 9 4 4
446 307 10 6 9
446 770 11 14 19
451 321 10 27 9
451 766 11 21 19
452 198 10 2 4
452 1180 10 11 24
453 997 11 4 19
453 1187 10 0 24
453 869 9 12 19
456 311 10 18 9
457 674 10 48 14
458 240 11 53 4
459 198 10 32 4
460 409 10 11 9
463 1075 10 20 24
464 788 11 28 19
465 660 10 6 14
465 1231 11 20 24
465 212 11 41 4
466 503 12 16 9
467 829 10 52 19
468 436 10 17 9
470 366 10 57 9
473 1004 12 48 19
473 426 10 41 9
474 952 11 2 19
475 940 10 9 19
477 328 10 45 9
479 1178 10 13 24
481 459 11 2 9
483 606 10 41 14
483 701 11 11 14
484 186 11 8 4
485 1158 10 9 24
485 961 11 32 19
486 294 11 3 9
486 796 11 12 19
487 904 10 37 19
487 540 11 3 14
487 121 10 24 4
489 1086 11 55 24
490 58 11 43 4
491 285 11 17 9
491 145 10 20 4
492 1081 11 55 24
492 1019 12 29 24
492 610 10 40 14
493 319 11 53 9
496 431 11 50 9
500 448 11 14 9
500 482 12 2 9
501 519 12 34 14
501 292 11 23 10
501 1053 11 59 24
502 740 12 22 14
502 709 11 5 15
504 599 11 1 14
505 1043 11 31 25
505 88 11 42 4
508 754 12 6 15
509 275 12 25 9
509 1121 10 24 25
510 1228 12 18 24
513 357 10 26 10
514 782 11 25 20
514 191 11 50 5
515 842 10 29 20
515 834 10 37 20
516 934 11 19 20
516 966 11 32 20
517 3 12 53 5
518 654 10 7 15
518 94 10 7 5
520 26 11 3 5
521 436 11 27 10
521 142 10 2 5
521 1038 11 32 25
522 221 11 59 5
523 904 10 48 20
526 707 11 22 15
527 810 10 5 20
529 663 10 50 15
529 261 11 48 10
530 338 10 29 10
530 670 10 41 15
530 456 11 10 10
533 1073 10 34 25
533 280 11 34 10
533 1020 11 33 25
534 399 10 8 10
534 889 10 41 20
534 809 10 51 20
534 740 11 24 15
536 223 11 59 5
537 979 11 17 20
538 361 9 49 10
538 908 10 41 20
538 309 10 38 10
540 672 10 18 15
541 1156 9 1 25
544 639 9 2 15
544 796 10 4 20
546 1038 10 8 25
548 1242 11 9 25
548 941 10 7 20
549 223 11 27 5
552 1110 9 4 25
553 866 9 39 20
553 209 10 18 5
553 581 9 52 15
554 668 9 54 15
555 450 10 24 10
556 1162 9 34 25
558 990 11 34 20
558 826 9 53 20
558 93 9 7 5
558 435 9 45 10
562 935 9 19 20
563 675 9 41 15
565 2 11 10 5
567 376 8 27 10
567 351 9 14 10
570 171 9 53 5
572 814 9 52 20
573 1085 9 5 25
573 160 9 10 5
573 629 8 33 15
575 1129 8 47 25
578 146 8 40 5
578 1023 10 44 25
579 198 9 40 5
580 360 8 42 10
580 433 9 48 10
580 507 11 40 15
581 1052 9 52 25
582 555 9 47 15
582 606 8 7 15
582 1081 9 56 25
583 623 8 26 15
584 555 9 25 15
585 765 10 40 20
585 116 8 12 5
585 301 9 41 10
587 473 10 6 10
587 24 10 47 5
589 859 8 34 20
590 496 11 5 10
592 697 9 24 15
592 1217 10 53 25
592 220 10 46 5
593 407 8 26 10
595 918 8 13 20
596 55 9 53 5
596 27 10 20 5
598 1209 9 57 25
599 402 8 58 10
603 976 10 22 20
606 275 10 22 10
606 760 10 37 20
607 552 9 3 15
609 303 9 58 10
610 989 10 17 20
610 445 9 37 10
610 961 9 46 20
610 230 10 57 5
611 626 7 29 15
612 1151 7 33 25
612 1094 8 56 25
612 391 7 17 10
613 728 10 52 15
617 137 7 14 5
619 1027 10 49 25
619 738 10 56 15
620 327 8 55 10
620 718 10 47 15
620 125 7 35 5
621 652 7 30 15
622 469 10 52 10
622 1149 7 59 25
625 152 7 15 5
629 276 10 31 10
630 998 11 18 20
634 159 8 20 5
634 16 10 24 5
636 297 9 30 10
636 1174 8 9 25
637 488 10 22 10
637 797 9 52 20
638 946 9 32 20
642 774 10 0 20
643 582 8 47 15
643 778 10 30 20
647 625 7 9 15
648 1233 10 25 25
649 926 8 9 20
649 585 8 7 15
649 365 7 46 10
651 942 9 34 20
651 1128 7 55 25
652 335 8 4 10
652 480 10 18 10
654 20 10 9 5
656 545 9 45 15
656 623 8 15 15
656 679 9 5 15
658 616 8 33 15
659 616 8 50 15
661 619 8 35 15
661 1194 9 17 25
662 381 8 42 10
662 750 11 42 15
664 38 10 48 5
665 584 8 52 15
666 42 10 3 5
667 925 9 12 20
668 443 9 22 10
669 921 9 4 20
670 450 9 27 10
670 1131 8 14 25
671 869 8 36 20
671 353 8 19 10
677 422 9 54 10
677 880 8 59 20
678 205 10 28 5
681 529 10 19 15
682 668 9 8 15
682 427 9 27 10
684 1230 11 5 25
685 354 9 34 10
685 848 9 23 20
686 610 9 1 15
686 303 10 53 10
686 1222 10 32 25
687 418 9 39 10
689 249 11 8 5
690 439 10 29 10
690 44 10 12 5
691 593 9 50 15
693 537 10 4 15
693 1223 10 21 25
695 508 11 24 15
695 719 10 39 15
697 1080 9 10 25
697 1138 9 16 25
699 614 9 34 15
700 360 9 22 10
700 601 9 38 15
700 175 10 38 5
700 380 9 41 10
701 937 10 45 20
701 518 11 7 15
704 1177 10 0 25
704 692 10 39 15
705 1081 10 6 25
705 643 9 21 15
707 1031 11 58 25
708 683 10 6 15
708 643 9 40 15
708 138 9 55 5
709 98 9 40 5
710 312 10 3 10
710 487 11 49 10
710 214 11 25 5
711 287 11 28 10
714 62 10 28 5
714 42 11 33 5
714 137 9 57 5
714 25 11 32 5
714 317 10 16 10
714 981 11 54 20
715 74 10 53 5
716 667 10 40 15
717 941 10 25 20
718 867 10 55 20
718 1045 11 57 25
720 178 10 59 5
720 320 10 10 10
722 1043 11 35 25
723 701 11 29 15
723 1161 10 51 25
726 844 10 20 20
727 744 12 36 15
728 708 11 44 15
729 579 10 51 15
730 81 10 34 5
731 842 10 57 20
731 1050 11 41 25
734 315 11 40 10
734 360 10 37 10
735 301 11 37 10
736 648 10 13 15
737 646 10 33 15
738 1244 12 18 25
738 95 10 38 5
739 428 11 53 10
739 252 12 38 5
740 423 11 4 10
742 879 10 50 20
743 348 11 2 10
743 1066 11 12 25
745 1143 11 36 25
746 1009 12 47 25
746 1218 12 52 25
747 1144 11 1 25
748 1021 12 43 25
749 1201 11 41 25
750 172 11 52 5
751 83 11 53 5
752 84 11 9 5
752 10 12 22 5
752 587 11 36 15
758 55 11 29 6
758 575 11 50 15
758 878 10 12 21
760 184 11 13 5
761 118 10 25 6
762 270 12 9 10
765 861 10 54 21
765 619 10 57 16
767 465 11 39 11
768 838 10 23 21
769 212 11 10 6
769 322 10 4 11
769 399 10 41 11
769 14 12 41 6
772 131 10 57 6
773 473 11 11 11
773 1244 12 37 26
774 1012 12 39 21
775 837 10 13 21
778 519 11 49 16
778 842 10 8 21
778 110 10 1 6
779 34 11 41 6
780 407 10 9 11
783 394 10 36 11
783 413 10 15 11
785 756 11 54 21
786 577 10 21 16
786 15 11 24 6
786 1202 10 8 26
787 1113 9 49 26
787 366 9 45 11
792 656 9 50 16
793 149 9 2 6
794 1234 11 58 26
794 323 10 15 11
795 1168 10 3 26
796 973 11 53 21
798 322 10 5 11
799 389 9 42 11
803 650 9 16 16
804 439 10 7 11
804 1095 9 46 26
805 500 11 50 11
807 609 9 48 16
808 389 9 35 11
811 1020 11 1 26
812 1209 10 25 26
813 1122 9 15 26
813 216 10 7 6
813 681 9 14 16
814 1055 10 23 26
814 195 10 0 6
815 751 11 48 21
817 894 9 24 21
817 829 9 36 21
818 444 9 3 11
820 993 11 10 21
821 44 10 49 6
821 1077 9 27 26
821 309 9 18 11
822 256 11 38 6
822 329 9 12 11
822 701 10 9 16
824 767 10 32 21
824 87 9 11 6
825 442 9 16 11
825 153 8 36 6
825 876 8 56 21
826 652 8 21 16
828 906 8 10 21
829 1067 9 4 26
829 1226 10 29 26
830 615 8 49 16
830 1066 9 54 26
831 979 10 9 21
836 654 8 16 16
836 999 11 48 21
837 231 10 35 6
837 715 10 31 16
838 375 8 55 11
838 801 9 41 21
838 686 9 46 16
840 317 9 47 11
842 1228 10 29 26
842 1004 11 3 26
842 887 8 15 21
842 807 9 24 21
843 1017 10 13 26
844 1069 9 4 26
845 963 10 51 21
845 592 8 32 16
847 599 8 34 16
848 700 9 56 16
848 203 9 33 6
848 330 8 7 11
849 699 9 59 16
852 186 9 41 6
854 801 9 35 21
856 972 10 55 21
856 1094 8 3 26
857 1065 9 37 26
858 591 8 51 16
858 1091 8 24 26
859 788 9 26 21
859 681 8 46 16
861 782 10 25 21
862 599 7 35 16
862 9 10 34 6
862 605 7 0 16
863 481 10 6 11
864 1042 9 21 26
864 211 9 34 6
864 751 11 45 16
865 599 7 8 16
865 1166 8 55 26
867 101 7 48 6
868 465 10 23 11
868 401 7 20 11
869 1147 7 1 26
872 231 10 19 6
872 993 10 3 21
873 561 9 25 16
874 1096 7 53 26
874 1030 10 51 26
876 1062 9 58 26
876 479 10 52 11
876 304 9 42 11
877 1041 9 32 26
878 420 8 19 11
878 1037 9 29 26
879 702 9 27 16
885 613 7 57 16
885 934 8 21 21
885 975 10 51 21
887 1051 9 15 26
887 495 11 7 11
889 656 8 16 16
890 995 11 50 21
891 1067 9 33 26
893 899 7 9 21
893 738 10 49 16
893 1001 11 46 21
894 918 8 35 21
895 544 9 34 16
895 217 10 46 6
896 587 8 30 16
897 1135 7 22 26
897 1006 11 1 21
900 117 7 42 6
901 642 8 23 16
902 308 9 20 11
902 829 8 38 21
903 1001 11 41 21
904 809 9 5 21
904 833 8 29 21
905 1167 8 31 26
905 974 10 58 21
906 464 10 12 11
906 69 9 3 6
906 803 9 17 21
907 50 9 41 6
908 440 9 30 11
908 751 11 6 16
909 73 9 2 6
909 518 10 13 16
911 1046 9 22 26
911 760 11 1 16
912 162 8 22 6
913 246 11 4 11
914 162 8 26 6
914 613 8 23 16
915 880 8 53 21
915 216 10 12 6
916 158 8 58 6
918 331 9 27 11
918 582 9 50 16
919 239 11 20 6
919 973 10 41 21
920 1 11 51 6
920 1188 9 3 26
920 15 10 57 6
922 393 8 11 11
923 1203 10 41 26
925 333 9 38 11
926 607 8 9 16
928 654 9 2 16
928 532 10 9 16
929 1005 11 7 21
929 1241 11 6 26
930 898 8 13 21
933 545 10 16 16
933 111 8 40 6
933 1180 9 35 26
934 423 9 15 11
934 105 9 34 6
935 685 9 49 16
935 1160 9 37 26
937 1188 9 28 26
938 809 10 3 21
939 1086 9 41 26
940 422 9 54 11
940 890 9 26 21
941 464 10 35 11
941 1075 9 59 26
942 406 9 24 11
942 78 9 54 6
943 169 9 49 6
945 200 10 44 6
946 1239 11 36 26
947 842 9 33 21
948 866 9 39 21
948 624 9 33 16
949 112 9 44 6
949 971 11 12 21
950 1176 10 3 26
951 717 10 45 16
951 1185 10 7 26
953 879 9 12 21
954 71 10 52 6
954 733 11 13 16
958 107 9 17 6
959 816 10 1 21
960 710 11 45 16
961 278 11 45 11
961 416 10 16 11
962 891 9 20 21
963 1015 11 34 26
963 458 11 45 11
963 489 11 48 11
964 149 10 37 6
964 623 9 18 16
964 1007 11 34 26
965 198 10 55 6
967 672 10 45 16
969 977 11 33 21
969 1107 10 19 26
973 170 10 40 6
973 376 10 15 11
974 942 10 55 21
978 332 10 8 11
978 1150 10 48 26
978 687 11 27 16
978 1035 11 41 26
979 962 11 24 21
980 632 10 39 16
980 1144 10 36 26
982 1019 12 10 21
982 1042 11 46 26
982 718 11 40 16
983 489 12 54 16
983 997 12 52 21
984 292 11 58 11
984 402 10 55 11
986 172 11 37 6
987 269 12 43 11
987 1026 11 3 26
989 131 10 57 6
990 405 10 9 11
990 752 12 40 16
990 573 11 37 16
990 830 11 38 21
990 720 11 59 16
991 1027 12 12 27
992 1204 11 33 26
993 373 10 44 11
994 309 11 45 11
994 532 12 44 16
994 643 11 24 16
996 1241 12 52 26
998 654 11 31 16
998 970 12 24 21
999 1156 11 40 26
1000 806 11 58 21
1002 731 12 57 16
1003 138 11 5 6
1003 543 11 38 17
1005 586 11 33 16
1006 386 10 15 12
1006 766 12 16 21
1007 376 10 14 12
1008 305 11 1 12
1009 1182 11 8 26
1009 560 11 4 16
1009 1193 11 57 27
1010 578 11 46 16
1011 523 12 47 16
1011 910 10 52 22
1012 981 12 35 21
1014 1126 10 48 27
1014 917 10 33 22
1015 1030 11 13 27
1016 697 11 18 17
1016 1220 11 24 27
1017 506 12 25 12
1017 113 10 51 7
1017 1183 11 8 27
1017 1054 11 2 27
1018 937 11 27 22
1021 1000 12 25 22
1024 62 10 55 7
1025 811 10 58 22
1025 736 11 49 17
1029 561 10 35 17
1029 30 11 57 7
1030 151 10 47 7
1032 668 10 32 17
1033 580 10 27 17
1034 573 10 12 17
1036 206 11 39 7
1037 821 10 43 22
1037 1204 10 26 27
1037 198 10 41 7
1037 1012 11 52 27
1039 106 9 30 7
1039 629 9 30 17
1041 1004 11 30 27
1041 804 10 9 22
1042 986 11 22 22
1042 940 10 5 22
1043 155 9 49 7
1044 1214 11 47 27
1045 708 10 10 17
1045 1137 9 7 27
1046 95 9 3 7
1046 533 11 27 17
1046 1155 9 50 27
1046 1242 11 12 27
1047 640 9 30 17
1047 322 10 17 12
1048 656 9 29 17
1048 376 9 25 12
1052 708 10 16 17
1052 123 9 18 7
1053 1155 9 52 27
1054 1159 9 13 27
1055 401 9 57 12
1059 310 10 17 12
1059 102 9 40 7
1061 674 9 10 17
1062 427 9 56 12
1064 1030 10 15 27
1066 1061 9 36 27
1069 942 9 37 22
1069 376 8 7 12
1069 17 11 59 7
1070 749 11 59 17
1070 976 10 29 22
1071 673 9 8 17
1071 198 10 14 7
1071 645 8 27 17
1071 1244 11 58 27
1072 240 11 1 7
1073 1081 9 37 27
1073 1247 11 57 27
1074 302 9 5 12
1078 848 8 5 22
1079 1119 8 48 27
1081 1156 8 9 27
1082 45 10 27 7
1083 1234 10 5 27
1085 282 10 38 12
1085 695 9 44 17
1085 651 8 13 17
1086 320 9 48 12
1088 782 10 36 22
1090 85 8 18 7
1091 529 10 46 17
1091 1147 8 53 27
1091 254 11 50 12
1093 468 10 56 12
1093 1026 10 42 27
1094 997 11 6 22
1095 972 10 24 22
1096 879 7 11 22
1096 170 8 5 7
1097 903 8 15 22
1098 1008 11 11 22
1100 1156 8 35 27
1101 279 10 16 12
1103 1176 8 25 27
1104 1072 8 2 27
1105 780 10 6 22
1105 717 10 18 17
1105 23 10 31 7
1106 284 10 3 12
1108 100 8 15 7
1109 763 10 28 22
1109 285 10 51 12
1109 476 10 24 12
1111 522 10 55 17
1111 1030 10 49 27
1112 395 7 54 12
1112 1092 8 39 27
1114 381 7 2 12
1114 842 8 43 22
1116 1063 9 8 27
1117 541 9 21 17
1117 24 10 29 7
1118 688 9 53 17
1118 139 7 11 7
1118 1214 9 17 27
1119 507 10 27 17
1120 908 8 17 22
1121 259 10 33 12
1122 390 7 39 12
1123 336 8 15 12
1125 733 10 49 17
1126 715 10 50 17
1127 17 10 50 7
1128 254 11 57 7
1129 889 7 15 22
1129 907 8 44 22
1129 1147 7 3 27
1129 975 10 25 22
1130 796 9 7 22
1130 743 10 6 17
1130 604 7 41 17
1131 584 8 36 17
1131 832 8 50 22
1131 450 9 57 12
1132 1140 7 23 27
1132 1244 10 39 27
1133 1132 7 52 27
1133 1179 8 55 27
1133 1194 9 41 27
1134 399 7 35 12
1134 1198 9 55 27
1135 279 10 54 12
1136 1070 8 56 27
1138 949 9 48 22
1138 867 7 58 22
1138 611 7 5 17
1140 797 9 8 22
1140 1093 8 7 27
1140 152 8 38 7
1141 522 10 47 17
1142 988 10 22 22
1145 18 10 19 7
1145 550 9 37 17
1146 122 7 12 7
1147 645 7 16 17
1148 9 10 44 7
1148 1109 7 48 27
1149 349 8 19 12
1150 31 10 1 7
1150 1120 7 56 27
1151 963 10 18 22
1151 1025 10 42 27
1153 743 11 24 17
1153 573 8 8 17
1153 752 11 40 17
1153 70 9 39 7
1155 899 8 47 22
1155 991 10 32 22
1155 20 10 34 7
1156 227 10 20 7
1156 405 8 59 12
1157 180 9 21 7
1157 500 11 7 12
1158 298 9 55 12
1160 359 8 10 12
1162 971 10 5 22
1162 796 9 0 22
1163 1214 10 18 27
1163 607 8 12 17
1163 88 8 30 7
1163 822 9 57 22
1164 460 10 35 12
1165 654 8 42 17
1165 471 10 26 12
1166 658 8 39 17
1166 1196 9 58 27
1166 900 8 2 22
1167 378 8 28 12
1168 164 8 10 7
1169 658 8 3 17
1169 849 8 16 22
1171 549 9 28 17
1172 1114 8 38 27
1172 1226 10 32 27
1172 78 9 28 7
1173 425 9 18 12
1174 322 9 11 12
1176 55 9 15 7
1176 600 8 42 17
1177 407 9 38 12
1177 821 9 27 22
1178 1170 9 41 27
1180 18 11 59 7
1180 179 9 34 7
1182 105 9 28 7
1183 835 9 1 22
1186 1108 9 39 27
1186 1167 9 28 27
1188 184 9 11 7
1188 727 10 52 17
1188 671 9 50 17
1189 951 10 8 22
1190 49 10 19 7
1192 16 11 32 7
1194 932 9 34 22
1196 339 9 58 12
1196 668 9 23 17
1196 724 11 28 17
1197 837 9 26 22
1197 360 9 33 12
1198 507 11 32 17
1200 985 11 34 22
1201 126 9 53 7
1202 1154 9 10 27
1205 209 10 6 7
1207 899 9 21 22
1207 45 10 20 7
1208 93 9 18 7
1209 742 11 28 17
1210 763 11 2 22
1210 135 9 48 7
1212 1192 10 47 27
1213 555 10 35 17
1213 1139 9 47 27
1214 222 11 14 7
1217 563 10 3 17
1219 815 10 49 22
1220 527 11 53 17
1222 837 10 23 22
1223 901 10 52 22
1224 732 11 37 17
1224 198 11 13 7
1226 651 10 1 17
1226 620 10 56 17
1227 362 10 38 12
1233 710 11 27 17
1233 937 11 47 22
1233 9 12 1 7
1235 1205 11 56 27
1236 1166 10 13 27
1237 490 12 26 12
1238 857 10 20 22
1239 294 11 40 12
1240 828 11 19 22
1240 1103 10 22 27
1240 665 11 46 17
1241 1115 10 32 27
1241 1186 11 42 27
1242 534 11 4 17
1243 946 11 52 22
1243 1011 12 36 27
1243 904 11 44 22
1244 1140 10 31 27
1244 695 11 11 17
1245 223 12 32 7
1245 474 12 45 12
1246 751 12 6 17
1247 898 11 13 22
1247 266 12 39 12
1248 145 11 21 7
1248 677 11 5 17
1248 563 11 8 17
1248 311 11 26 12
1248 842 11 58 22
1249 1071 11 57 27
1250 1153 11 4 27
1250 891 11 18 22
