SF7_COMM_RANGE = 30
VERTEX_NUM = 1450
MAP_WIDTH = 1250
MAP_LENGTH = 1250
Total links = 1930
Capital delta = 9
SF1112 % = 27.931
# of outliers = 0
DATA PERIOD = 60
------------------------------
x  y  SF  phase which_gateway: 
3 486 12 30 8
3 347 11 35 8
4 1199 11 48 23
4 30 12 52 3
5 481 12 21 8
5 117 11 2 3
5 348 11 3 8
9 1003 12 46 18
9 746 12 59 13
9 79 11 11 3
10 129 10 55 3
10 15 12 32 3
12 175 11 48 3
13 1057 11 43 23
14 448 11 0 8
15 996 12 55 18
16 1235 12 48 23
17 848 10 52 18
17 758 12 22 13
18 604 10 20 13
18 377 10 51 8
18 384 10 0 8
19 267 12 2 3
19 1044 11 10 23
20 214 11 39 3
20 1095 10 13 23
21 402 10 36 8
23 591 10 3 13
25 604 10 23 13
27 1007 12 23 18
28 469 11 50 8
29 323 10 45 8
31 1140 10 58 23
31 386 10 30 8
32 840 10 38 18
32 485 11 19 8
33 594 10 24 13
33 602 10 41 13
33 762 11 58 18
35 1207 11 23 23
35 140 10 44 3
36 719 11 53 13
36 912 10 48 18
37 67 10 24 3
38 856 9 37 18
39 1089 10 40 23
40 593 10 19 13
40 985 11 17 18
41 555 10 32 13
42 1126 9 33 23
44 1021 11 38 23
45 1002 11 23 23
45 724 11 34 13
45 513 11 32 13
46 1215 10 25 23
46 196 10 5 3
48 854 9 45 18
49 1196 10 1 23
49 949 10 9 18
49 301 10 9 8
51 457 10 16 8
51 362 9 51 8
52 626 9 54 13
52 757 11 15 18
53 310 10 14 8
53 840 9 24 18
54 555 10 26 13
54 1071 9 38 23
54 406 9 57 8
54 62 10 16 3
55 501 11 2 8
56 636 9 42 13
58 218 10 10 3
59 373 9 42 8
60 931 9 58 18
60 29 10 39 3
60 1005 11 22 18
61 488 11 18 8
63 506 11 56 8
64 904 9 46 18
67 201 10 51 3
67 730 10 26 13
69 837 9 9 18
70 966 10 17 18
70 84 9 59 3
70 298 10 27 8
71 472 10 15 8
73 234 11 44 3
74 775 10 28 18
74 107 8 24 3
74 158 9 45 3
75 823 9 37 18
76 343 8 7 8
76 344 8 40 8
77 473 10 44 8
78 679 9 21 13
78 581 9 56 13
79 484 10 10 8
80 801 9 0 18
80 1191 9 54 23
80 458 10 27 8
81 140 8 54 3
81 1037 10 28 23
82 1060 9 29 23
82 392 8 28 8
83 770 10 26 18
83 456 10 8 8
84 436 9 50 8
85 915 8 36 18
87 445 9 56 8
88 782 10 36 18
89 461 10 28 8
91 150 8 23 3
91 408 8 37 8
91 1038 10 37 23
92 1 11 14 3
92 767 10 4 18
93 730 10 52 13
93 586 8 58 13
94 170 8 25 3
96 933 9 8 18
97 1000 11 44 18
97 959 9 2 18
101 181 9 16 3
101 445 9 16 8
105 604 7 46 13
106 875 7 29 18
108 570 8 12 13
108 962 9 48 18
109 334 8 21 8
109 474 10 6 8
109 708 9 7 13
109 188 9 7 3
112 1091 8 34 23
112 859 7 36 18
112 683 8 35 13
113 225 10 53 3
113 265 10 36 8
114 253 11 25 3
114 439 9 29 8
115 437 9 25 8
116 366 7 53 8
116 646 7 49 13
117 1061 9 40 23
117 160 8 23 3
118 960 9 27 18
118 978 10 54 18
118 1029 10 27 23
119 1146 7 19 23
119 994 10 44 18
119 663 8 44 13
119 706 9 20 13
121 435 9 28 8
122 69 8 46 3
124 545 9 28 13
126 453 9 36 8
126 771 10 24 18
126 265 10 57 8
126 151 7 49 3
127 560 9 13 13
128 619 7 19 13
129 912 8 47 18
129 702 9 20 13
130 831 8 26 18
131 1154 7 14 23
133 854 7 49 18
134 773 10 54 18
137 961 9 7 18
139 1197 9 17 23
140 816 9 19 18
141 503 11 36 8
141 32 10 42 3
142 183 9 5 3
143 153 8 26 3
144 497 11 22 8
144 808 9 28 18
145 23 10 45 3
145 1182 9 8 23
145 304 9 47 8
145 263 10 56 8
146 930 8 53 18
147 1017 10 32 23
150 662 8 16 13
150 90 8 13 3
152 673 8 18 13
153 97 8 44 3
154 1248 11 50 23
155 1034 10 43 23
157 86 8 34 3
157 292 9 31 8
157 310 9 48 8
160 571 9 45 13
162 614 8 18 13
163 684 9 8 13
165 761 11 11 13
165 1125 8 32 23
165 1171 9 49 23
166 1028 10 57 23
168 95 8 31 3
168 816 9 7 18
170 679 9 17 13
170 870 8 0 18
170 1149 8 41 23
171 506 11 14 8
171 279 10 18 8
173 851 8 56 18
174 1162 9 42 23
175 580 9 3 13
176 486 11 4 13
176 108 8 29 3
176 853 8 59 18
177 69 9 49 3
181 708 10 1 13
181 795 10 8 18
183 792 10 3 18
185 711 10 12 13
186 675 9 44 13
186 1171 9 45 23
186 659 9 47 13
188 642 9 18 13
188 12 11 16 3
189 328 9 35 8
190 9 11 3 3
191 437 10 34 8
192 1070 9 35 23
195 1142 9 7 23
195 1056 10 59 23
198 555 10 17 13
198 483 11 4 8
198 507 11 30 13
199 314 10 16 8
199 1128 9 13 23
200 567 10 30 13
200 285 10 57 8
201 519 11 27 13
201 276 11 48 8
203 1083 9 45 23
204 623 9 9 13
204 183 10 43 3
205 1122 9 42 23
205 462 10 31 8
205 611 9 43 13
208 557 10 31 13
210 674 10 24 13
210 386 9 43 8
211 4 11 26 3
212 524 11 36 13
213 31 11 27 3
215 772 11 11 18
215 349 10 23 8
217 752 12 46 13
219 300 11 27 8
219 711 11 50 13
220 402 10 49 8
221 533 11 54 13
223 1116 10 26 23
223 1206 11 48 23
224 364 10 53 8
224 415 10 35 8
225 294 11 53 8
226 1163 10 15 23
227 539 11 51 13
228 856 10 6 18
231 303 11 38 8
232 438 11 48 8
232 1230 11 34 23
234 347 10 18 8
235 97 10 26 3
236 1110 10 35 23
237 168 10 2 3
239 562 11 8 13
239 77 11 58 3
241 499 12 37 8
241 125 10 31 3
241 1095 10 23 23
241 1109 10 20 23
244 204 11 58 3
245 303 11 59 8
245 473 12 47 8
245 367 11 1 8
248 314 11 15 8
251 27 12 25 3
252 198 11 29 3
252 1009 12 5 23
255 456 11 15 9
257 1089 11 15 23
258 134 10 23 4
261 968 11 55 19
261 769 12 8 18
262 1017 12 58 23
264 1033 11 48 24
265 35 11 23 4
265 65 11 49 4
265 64 11 47 4
265 355 10 1 9
267 1248 12 30 24
268 61 11 21 4
268 652 10 12 14
271 860 10 48 19
272 921 10 48 19
273 790 11 14 19
276 914 10 56 19
276 263 11 47 9
276 515 11 51 14
276 1094 10 19 24
277 294 11 10 9
278 1162 10 11 24
278 1059 10 9 24
280 950 11 1 19
281 1040 11 50 24
281 994 12 11 19
281 963 11 16 19
282 62 10 16 4
283 206 11 32 4
283 1247 12 14 24
284 677 10 23 14
284 538 11 47 14
285 1070 10 37 24
286 999 12 18 24
286 724 11 47 14
286 1189 10 28 24
286 509 11 59 14
287 334 10 10 9
291 277 11 9 9
292 958 10 46 19
292 865 9 4 19
293 1027 11 31 24
294 1190 10 59 24
295 133 9 16 4
296 1068 10 19 24
297 896 9 47 19
297 750 11 22 14
297 791 10 7 19
299 647 9 26 14
300 269 11 13 9
303 152 9 27 4
304 124 9 28 4
307 361 9 16 9
307 541 10 36 14
307 862 9 30 19
308 557 10 58 14
308 362 9 47 9
308 170 9 46 4
309 268 11 6 9
310 971 10 11 19
311 326 9 52 9
312 490 11 29 9
313 721 10 58 14
314 1034 10 30 24
314 353 9 40 9
315 1155 9 45 24
316 1224 10 50 24
317 496 11 31 9
318 166 9 48 4
320 1149 9 51 24
320 1017 11 17 24
320 424 9 44 9
322 318 9 23 9
322 543 10 16 14
324 995 11 52 19
325 992 11 42 19
325 1172 9 55 24
326 388 8 14 9
326 253 11 50 4
327 1240 11 22 24
327 674 9 19 14
328 1172 9 9 24
329 666 9 42 14
332 476 10 35 9
333 148 8 45 4
333 1162 8 12 24
335 949 9 25 19
335 33 10 25 4
336 994 11 51 19
337 1040 10 32 24
339 731 10 36 14
339 408 8 43 9
340 1247 11 53 24
340 122 8 27 4
341 350 8 5 9
342 449 9 25 9
342 981 10 4 19
343 1091 8 47 24
346 304 9 56 9
346 347 8 44 9
347 777 10 39 19
347 11 10 13 4
349 270 10 28 9
350 332 8 2 9
351 306 9 21 9
351 930 9 12 19
351 628 7 36 14
352 1085 8 17 24
353 318 9 26 9
353 1057 9 18 24
354 306 9 31 9
354 592 8 37 14
354 522 10 27 14
354 587 8 13 14
355 717 10 4 14
355 613 7 5 14
356 558 9 18 14
357 131 7 30 4
357 336 8 30 9
358 110 7 9 4
358 531 10 2 14
359 418 8 58 9
360 92 8 52 4
360 784 10 47 19
360 197 9 17 4
361 263 10 50 9
361 453 9 13 9
364 1099 7 14 24
364 1190 9 37 24
364 260 10 9 9
365 95 8 58 4
368 672 8 16 14
369 222 10 15 4
369 1060 9 19 24
369 290 9 10 9
370 528 10 36 14
371 461 9 31 9
372 329 8 47 9
373 1208 9 53 24
374 544 9 50 14
375 206 9 5 4
379 272 10 16 9
380 325 8 27 9
380 415 8 25 9
380 212 9 30 4
381 1150 7 32 24
381 739 10 30 14
383 997 11 48 19
386 470 10 2 9
390 485 10 0 9
391 32 10 49 4
392 175 8 56 4
392 250 11 50 4
393 644 7 41 14
394 813 9 35 19
394 304 9 8 9
396 261 10 23 9
397 508 10 48 14
397 1168 8 22 24
399 111 7 1 4
400 852 8 50 19
400 245 11 12 4
400 423 8 9 9
402 102 8 5 4
402 276 10 31 9
402 40 9 20 4
403 1134 7 41 24
404 435 9 55 9
404 574 8 7 14
405 236 10 27 4
406 716 10 45 14
406 830 8 4 19
407 1147 8 43 24
407 1056 9 12 24
408 445 9 29 9
409 341 8 13 9
409 434 9 36 9
411 192 9 59 4
411 1223 10 53 24
413 204 9 30 4
414 445 9 51 9
414 843 8 42 19
415 911 8 26 19
416 749 11 42 14
417 1222 10 16 24
422 962 10 54 19
422 1108 8 42 24
423 1088 9 39 24
425 954 10 42 19
425 472 10 56 9
425 707 10 32 14
425 484 10 32 9
428 954 10 8 19
428 631 8 42 14
428 429 9 29 9
429 1020 10 32 24
429 740 11 2 14
431 806 9 11 19
433 167 9 27 4
433 975 10 1 19
434 488 11 38 14
434 865 8 12 19
435 438 9 57 9
436 354 9 21 9
437 889 9 16 19
437 552 10 19 14
438 1203 10 27 24
438 57 10 53 4
440 484 11 18 9
440 614 9 12 14
440 676 9 23 14
441 822 9 2 19
443 304 10 55 9
444 1009 11 42 24
447 221 10 36 4
448 551 10 3 14
449 793 10 36 19
449 1021 11 10 24
449 737 11 42 14
450 556 10 10 14
450 497 11 6 9
451 122 9 7 4
452 117 9 35 4
455 626 9 6 14
456 712 10 41 14
456 979 11 4 19
456 855 9 30 19
456 311 10 35 9
457 622 9 7 14
458 565 10 57 14
458 129 9 36 4
461 884 9 45 19
461 753 11 1 19
462 1204 10 25 24
464 381 9 59 9
464 1099 10 18 24
467 14 11 44 4
467 65 10 26 4
468 579 10 3 14
469 720 11 55 14
469 1193 10 30 24
470 451 11 26 9
471 1097 10 57 24
472 472 11 25 9
474 464 11 0 9
475 344 10 25 9
476 542 11 28 14
477 973 11 28 19
478 663 10 35 14
478 450 11 3 9
478 159 10 39 4
479 431 10 33 9
480 546 11 2 14
481 166 10 6 4
481 1217 11 39 24
481 326 10 43 9
484 554 11 10 14
485 908 10 10 19
486 233 12 18 4
487 142 10 10 4
490 814 11 59 19
490 248 12 46 4
492 766 12 55 19
493 783 11 1 19
493 640 10 11 14
494 652 11 46 14
494 44 11 11 4
495 316 11 56 9
495 899 11 4 19
495 1141 11 14 24
497 380 11 51 9
500 163 11 35 4
500 725 12 32 14
501 757 12 40 19
501 446 11 0 9
502 603 11 25 14
502 791 11 5 20
503 1087 11 21 24
506 228 12 53 4
508 7 12 40 4
508 662 11 16 14
509 1232 12 24 24
509 943 11 13 20
510 185 11 18 4
511 1099 10 30 25
512 803 11 44 20
516 393 10 53 10
518 197 11 33 5
519 1019 11 54 25
519 315 11 11 10
519 523 11 43 15
520 261 12 46 5
521 1245 12 57 25
522 809 11 30 20
523 653 10 39 15
524 846 10 8 20
526 511 12 17 10
526 433 10 50 10
529 238 11 4 5
531 1097 10 21 25
531 382 10 56 10
532 701 11 47 15
533 98 10 48 5
534 112 10 28 5
534 1163 10 27 25
534 460 11 41 10
537 1086 10 45 25
538 455 10 32 10
538 1028 11 54 25
541 655 9 39 15
542 222 11 12 5
543 1180 10 10 25
544 838 9 3 20
544 839 9 17 20
544 796 10 20 20
545 480 11 26 10
546 813 10 2 20
547 538 10 13 15
550 361 9 51 10
550 332 9 48 10
551 785 10 24 20
551 740 11 34 15
551 1169 9 34 25
552 541 10 21 15
552 1241 11 56 25
552 721 11 5 15
552 1122 9 21 25
553 964 10 13 20
553 948 10 55 20
556 229 11 18 5
557 1073 9 27 25
557 164 9 51 5
557 468 10 5 10
558 535 10 15 15
558 284 10 12 10
559 419 9 25 10
559 379 9 48 10
560 774 11 57 20
560 43 10 49 5
560 796 10 42 20
561 445 10 28 10
563 74 9 54 5
563 143 9 52 5
564 467 10 24 10
565 850 9 11 20
565 658 9 4 15
566 573 9 50 15
567 472 10 13 10
567 1124 8 17 25
570 1193 9 41 25
571 358 8 54 10
571 1013 11 33 20
572 132 8 7 5
572 1056 9 20 25
572 451 10 46 10
574 40 10 3 5
575 720 10 26 15
575 878 8 8 20
575 1093 8 9 25
575 786 10 21 20
576 365 8 18 10
576 291 10 28 10
576 310 9 5 10
577 63 9 23 5
577 497 11 35 10
578 551 9 9 15
579 749 11 40 15
580 429 9 24 10
580 886 8 58 20
580 365 8 30 10
581 836 8 6 20
582 596 8 27 15
582 474 10 24 10
583 583 8 51 15
584 171 9 51 5
584 268 10 35 10
584 132 8 55 5
585 600 8 33 15
585 452 9 41 10
586 367 8 5 10
587 412 8 6 10
588 791 10 35 20
588 1225 10 38 25
589 146 8 5 5
589 813 9 47 20
589 615 8 25 15
592 224 10 8 5
594 882 8 13 20
594 564 9 25 15
594 478 10 9 10
594 138 8 27 5
595 553 9 43 15
596 782 10 37 20
596 669 8 32 15
596 707 9 58 15
597 697 9 13 15
597 885 7 33 20
599 1 11 39 5
601 87 8 37 5
602 577 8 31 15
603 8 10 1 5
604 277 10 35 10
604 608 7 58 15
605 43 9 25 5
606 886 7 26 20
606 133 7 41 5
607 498 11 52 10
607 829 8 22 20
609 20 10 14 5
611 1089 8 25 25
612 1217 10 19 25
612 1233 10 12 25
613 969 10 52 20
613 914 8 57 20
615 476 10 17 10
615 304 9 40 10
615 463 9 14 10
617 923 8 18 20
617 562 9 53 15
617 388 7 39 10
618 414 8 27 10
618 562 9 20 15
618 362 7 14 10
623 1002 11 5 20
623 795 9 44 20
623 659 8 13 15
625 921 8 10 20
626 971 10 17 20
626 999 11 44 20
626 372 7 39 10
628 631 7 49 15
628 277 10 45 10
629 308 9 14 10
629 477 10 47 10
629 830 8 2 20
632 477 10 41 10
634 284 10 29 10
636 653 8 46 15
637 808 9 55 20
637 705 9 35 15
639 883 7 12 20
639 457 9 14 10
639 1170 8 48 25
639 1049 9 4 25
639 1140 7 3 25
640 470 10 57 10
641 81 8 44 5
642 708 9 18 15
646 1057 9 15 25
647 77 8 38 5
647 87 8 49 5
650 41 9 43 5
651 685 9 50 15
652 1158 8 4 25
652 1121 7 40 25
652 1124 7 35 25
653 867 7 9 20
655 770 10 50 20
655 543 9 52 15
656 80 8 45 5
656 862 8 29 20
656 707 9 41 15
658 589 8 22 15
658 1175 8 43 25
658 774 10 21 20
659 1108 8 16 25
660 1184 9 16 25
662 659 8 42 15
662 709 10 2 15
663 950 9 3 20
664 978 10 9 20
664 178 9 14 5
665 1015 10 9 25
665 398 8 57 10
666 532 10 19 15
667 251 11 13 5
667 420 9 55 10
669 911 8 3 20
672 503 11 31 10
673 727 10 2 15
674 702 10 33 15
674 945 9 12 20
677 944 9 45 20
678 73 9 24 5
679 72 9 16 5
680 100 9 25 5
680 1058 9 59 25
680 483 11 17 10
680 1237 11 15 25
682 356 9 43 10
683 363 8 54 10
684 212 10 36 5
684 1152 9 17 25
684 438 9 16 10
686 664 9 12 15
686 427 9 38 10
691 1163 9 32 25
692 497 11 28 10
692 113 9 12 5
692 703 10 35 15
694 893 9 24 20
694 1204 10 21 25
695 763 11 41 20
695 364 9 33 10
695 1174 9 11 25
697 1140 9 0 25
702 327 10 46 10
704 219 11 58 5
704 937 10 56 20
705 245 11 9 5
706 336 9 0 10
706 293 10 21 10
706 712 10 22 15
707 351 9 46 10
710 1191 10 45 25
711 1173 10 30 25
711 1189 10 3 25
712 283 11 36 10
713 1149 10 40 25
714 212 11 19 5
716 820 10 12 20
716 636 10 34 15
719 694 10 47 15
719 1178 10 29 25
720 429 10 43 10
720 1093 10 59 25
721 1101 10 59 25
721 159 10 15 5
722 1162 10 28 25
722 779 11 11 20
722 495 12 42 10
723 1128 10 52 25
724 27 11 24 5
726 982 11 24 20
728 676 10 17 15
730 43 11 35 5
730 1005 12 16 25
731 80 10 4 5
731 699 11 25 15
731 328 10 4 10
731 403 10 5 10
732 428 10 26 10
733 880 10 26 20
736 470 11 19 10
736 515 12 4 10
736 230 12 3 5
736 73 11 50 5
736 563 11 7 15
738 878 10 40 20
739 751 12 22 15
739 411 10 18 10
741 744 12 44 15
742 342 11 56 10
742 1006 12 6 20
742 365 10 13 10
743 702 11 31 15
744 38 11 5 5
745 872 11 12 20
746 421 11 47 10
747 461 11 25 10
749 446 11 15 10
750 815 11 21 20
751 392 11 9 10
752 1123 11 39 26
752 1001 12 37 20
753 1093 11 27 25
755 1216 12 7 25
755 283 12 46 10
756 830 11 23 20
756 1138 10 32 26
757 511 12 50 15
758 460 11 28 11
758 1142 10 58 26
758 148 10 16 6
759 625 10 40 16
759 463 11 2 11
760 978 12 20 20
760 31 11 30 6
761 666 11 2 16
762 1024 12 52 25
763 1109 10 44 26
764 81 10 20 6
764 982 12 36 20
765 931 11 32 21
765 290 11 18 11
765 1243 12 41 26
766 345 10 4 11
766 522 11 24 16
767 186 11 45 6
768 502 12 43 11
768 1143 10 41 26
768 208 11 0 6
768 1075 10 4 26
769 81 10 43 6
769 684 11 31 16
769 298 11 34 11
771 52 11 2 6
771 956 11 38 21
771 304 11 20 11
772 523 11 25 16
772 530 11 11 16
773 791 11 10 21
775 571 10 45 16
776 14 11 1 6
777 950 11 19 21
777 332 10 25 11
778 870 10 56 21
778 353 10 31 11
778 249 12 47 6
778 295 11 58 11
778 4 12 23 6
779 395 10 31 11
779 859 10 10 21
780 301 11 51 11
780 930 10 56 21
780 226 11 29 6
780 373 10 32 11
783 17 11 0 6
783 578 10 45 16
783 281 11 9 11
783 521 11 43 16
784 508 11 26 16
784 468 11 9 11
785 690 10 39 16
786 238 11 9 6
786 1226 11 40 26
787 832 10 13 21
788 907 10 11 21
788 262 11 11 11
792 1000 12 33 21
794 1209 10 28 26
796 969 11 22 21
796 190 10 36 6
796 345 9 6 11
797 776 11 23 21
798 563 10 55 16
798 870 9 31 21
801 1014 11 11 26
802 296 10 18 11
803 905 9 11 21
804 803 10 9 21
804 680 9 33 16
805 124 9 34 6
806 837 9 20 21
806 229 11 24 6
807 985 11 30 21
808 538 10 41 16
809 317 9 48 11
809 829 9 30 21
810 549 10 26 16
811 1020 11 57 26
813 1090 9 13 26
814 749 11 44 16
814 484 11 58 11
815 1027 10 53 26
816 109 9 46 6
816 742 11 30 21
816 771 10 58 21
817 862 8 57 21
818 453 10 41 11
818 503 11 24 11
821 973 10 18 21
821 45 10 3 6
822 80 9 0 6
822 307 9 24 11
822 605 8 19 16
823 1119 8 47 26
823 1077 9 47 26
824 563 9 22 16
825 1143 8 5 26
826 1210 10 58 26
827 82 9 32 6
827 35 10 38 6
827 806 9 33 21
828 606 8 44 16
828 299 9 54 11
829 584 9 3 16
829 375 8 17 11
829 744 11 34 16
832 402 8 34 11
832 223 10 43 6
833 65 9 23 6
834 1005 11 39 21
835 307 9 27 11
837 1226 10 21 26
837 510 11 24 11
838 619 8 13 16
839 87 8 51 6
839 300 9 15 11
840 686 9 3 16
841 564 9 33 16
842 355 8 39 11
842 390 8 21 11
842 980 10 28 21
843 522 10 39 16
845 938 9 37 21
846 1232 10 39 26
847 244 11 18 11
848 1158 8 24 26
848 18 10 2 6
849 554 9 15 16
850 119 7 15 6
852 832 8 26 21
857 1043 9 45 26
858 979 10 48 21
858 881 7 2 21
859 115 7 39 6
859 1058 9 43 26
860 739 10 19 16
861 335 8 5 11
862 531 10 9 16
862 781 10 2 21
862 424 8 28 11
862 485 10 49 11
864 742 10 21 16
866 885 7 41 21
867 1064 9 5 26
867 469 10 35 11
868 879 7 24 21
868 414 8 20 11
868 1179 8 30 26
868 322 8 49 11
869 973 10 59 21
869 875 7 43 21
869 260 10 10 11
870 365 7 30 11
871 1024 10 20 26
871 333 8 49 11
871 801 9 48 21
873 789 9 36 21
873 889 7 43 21
873 558 9 55 16
873 1016 10 51 26
874 1247 11 9 26
875 927 8 40 21
875 762 10 39 21
879 1013 10 11 26
879 75 8 11 6
880 391 7 23 11
880 836 8 22 21
880 753 11 16 16
882 1005 11 32 21
883 642 7 24 16
885 474 10 36 11
886 489 10 13 11
889 363 7 38 11
889 612 7 9 16
890 322 8 11 11
890 241 10 13 6
892 934 9 34 21
893 553 9 31 16
894 499 11 43 16
895 97 8 23 6
895 274 10 23 11
895 24 10 26 6
895 992 10 33 21
895 561 9 53 16
896 1196 9 38 26
897 1007 11 15 21
897 1227 10 34 26
897 51 9 14 6
898 1110 7 58 26
898 198 9 29 6
898 179 8 6 6
899 657 8 0 16
899 283 10 2 11
900 319 9 37 11
901 1111 7 3 26
901 1207 9 13 26
903 714 10 52 16
903 1048 9 26 26
903 1215 10 30 26
904 1138 8 17 26
904 1095 8 42 26
905 847 8 58 21
907 1034 10 30 26
907 1027 10 20 26
907 962 10 8 21
907 1209 9 41 26
908 577 8 25 16
910 1145 8 42 26
912 352 8 5 11
912 983 10 0 21
914 304 9 57 11
915 881 8 28 21
915 416 8 18 11
916 746 11 23 16
916 1232 10 21 26
917 766 10 56 21
918 1113 8 30 26
918 757 11 47 16
918 732 10 3 16
918 894 8 20 21
920 552 9 9 16
921 508 11 9 11
923 476 10 20 11
923 961 10 11 21
924 69 9 38 6
924 223 10 16 6
926 574 9 24 16
926 1249 11 31 26
927 472 10 34 11
927 285 10 46 11
928 701 10 48 16
929 1027 10 16 26
929 1135 8 45 26
930 1072 9 10 26
931 1225 10 29 26
932 728 10 45 16
934 656 9 52 16
935 203 10 54 6
935 299 10 19 11
936 574 9 57 16
936 207 10 47 6
936 571 9 8 16
937 192 10 17 6
939 1123 9 5 26
940 1123 9 31 26
941 937 10 30 21
941 988 11 54 21
941 150 9 1 6
941 460 10 18 11
942 916 9 57 21
942 170 9 14 6
945 59 10 27 6
945 221 10 6 6
946 543 10 34 16
948 915 9 38 21
949 416 9 44 11
950 169 9 42 6
950 934 10 54 21
950 684 10 7 16
951 938 10 16 21
954 714 10 41 16
956 279 11 55 11
956 751 11 25 16
956 28 11 18 6
956 469 11 6 11
957 681 10 54 16
957 637 9 55 16
962 164 10 50 6
965 6 11 40 6
966 216 11 14 6
966 486 11 39 11
967 1124 10 27 26
967 1224 11 22 26
969 435 10 56 11
970 331 10 33 11
973 89 10 46 6
974 78 10 26 6
974 410 10 27 11
975 294 11 39 11
975 54 11 36 6
976 869 10 16 21
977 328 10 53 11
977 553 11 3 16
978 406 10 22 11
979 1008 12 28 21
979 314 11 33 11
981 249 12 58 6
982 277 11 2 11
983 705 11 20 16
983 453 11 58 11
984 714 11 19 16
985 970 11 1 21
986 649 10 53 16
988 610 10 44 16
988 166 11 11 6
989 485 12 51 11
990 496 12 30 11
990 875 10 6 21
991 1239 12 41 26
992 529 12 10 16
992 1224 12 20 26
994 264 12 20 12
996 384 11 38 11
996 756 12 34 16
998 662 11 8 16
998 1107 11 3 26
998 925 11 20 21
999 17 12 35 6
999 108 11 22 6
1000 486 12 0 11
1002 293 11 3 12
1005 536 11 38 17
1006 678 11 53 16
1007 1061 11 59 26
1008 941 11 52 21
1008 780 12 13 21
1009 918 11 32 21
1011 1124 10 42 27
1011 445 11 16 12
1011 1062 11 52 26
1012 354 10 40 12
1012 310 11 27 12
1014 1075 11 45 26
1016 836 10 34 22
1016 931 11 11 22
1016 957 11 48 22
1019 871 10 25 22
1019 962 11 41 22
1021 179 10 54 7
1021 385 10 59 12
1021 865 10 43 22
1023 344 10 6 12
1024 986 12 11 22
1024 1224 11 21 27
1025 793 11 33 22
1026 701 11 20 17
1027 436 10 16 12
1028 841 10 53 22
1028 468 11 47 12
1028 786 11 30 22
1029 711 11 45 17
1030 45 11 50 7
1030 1215 11 8 27
1031 838 10 31 22
1032 221 11 49 7
1033 592 10 52 17
1034 1128 10 44 27
1037 937 10 14 22
1042 52 10 35 7
1042 452 10 52 12
1042 358 9 58 12
1043 305 10 15 12
1044 418 10 11 12
1044 1062 10 44 27
1044 612 9 41 17
1044 243 11 22 7
1045 623 9 24 17
1045 1089 9 59 27
1048 753 11 55 22
1049 1216 10 11 27
1050 144 9 58 7
1050 743 11 31 17
1052 1068 10 17 27
1052 21 11 9 7
1054 884 9 44 22
1055 141 9 50 7
1056 943 10 21 22
1060 372 9 1 12
1060 1045 10 36 27
1061 151 9 8 7
1062 859 9 31 22
1063 1132 9 21 27
1064 623 9 59 17
1067 1110 8 32 27
1067 245 11 52 12
1067 475 10 40 12
1068 307 9 24 12
1068 1222 10 29 27
1068 474 10 54 12
1069 236 11 59 7
1070 1152 9 13 27
1071 871 8 53 22
1071 834 9 7 22
1071 1131 8 25 27
1072 722 10 29 17
1072 276 10 40 12
1076 915 9 39 22
1077 1011 11 45 27
1077 567 9 39 17
1079 31 10 27 7
1082 608 8 56 17
1082 504 11 29 12
1082 337 8 58 12
1083 652 8 14 17
1083 708 10 31 17
1083 1186 9 42 27
1084 404 8 56 12
1085 1031 10 44 27
1086 159 8 35 7
1086 908 8 32 22
1088 182 9 53 7
1089 1007 11 7 22
1089 840 8 46 22
1091 779 10 44 22
1091 856 8 31 22
1092 988 10 30 22
1092 247 11 24 7
1094 334 8 55 12
1094 857 8 59 22
1094 885 8 11 22
1095 466 10 47 12
1096 260 10 5 12
1096 838 8 56 22
1096 972 10 54 22
1097 372 7 30 12
1098 727 10 17 17
1099 952 9 34 22
1099 126 7 9 7
1099 1147 8 2 27
1101 1174 8 6 27
1104 394 7 36 12
1105 483 10 59 12
1107 773 10 27 22
1107 612 7 26 17
1108 415 8 5 12
1110 376 7 50 12
1110 475 10 9 12
1112 611 7 53 17
1113 559 9 35 17
1113 205 9 44 7
1113 1248 11 18 27
1118 357 7 28 12
1120 183 8 43 7
1121 1207 9 4 27
1121 1040 9 4 27
1121 1114 7 14 27
1122 626 7 26 17
1124 408 8 20 12
1124 849 7 10 22
1126 749 11 26 17
1126 420 8 31 12
1127 1099 7 49 27
1128 945 9 31 22
1128 1225 10 19 27
1129 722 10 43 17
1129 851 7 53 22
1130 585 8 36 17
1130 687 9 9 17
1131 69 8 54 7
1131 1104 7 31 27
1133 749 11 7 17
1134 961 9 31 22
1136 355 7 22 12
1137 740 10 35 17
1137 850 7 49 22
1139 937 9 27 22
1142 636 7 25 17
1142 332 8 58 12
1143 266 10 12 12
1143 334 8 0 12
1144 739 10 35 17
1145 965 10 30 22
1145 369 7 20 12
1146 116 7 18 7
1146 841 8 26 22
1147 175 8 24 7
1147 808 9 25 22
1149 861 7 53 22
1149 660 8 45 17
1152 464 10 27 12
1155 46 9 11 7
1156 81 8 8 7
1157 815 9 16 22
1157 728 10 34 17
1159 765 10 28 22
1159 508 11 59 12
1160 89 8 19 7
1161 642 8 56 17
1161 408 8 0 12
1162 189 9 13 7
1162 433 9 27 12
1163 1084 8 8 27
1164 1176 9 36 27
1164 249 11 49 7
1165 968 10 35 22
1166 620 8 26 17
1167 601 8 8 17
1168 625 8 0 17
1168 1196 9 16 27
1169 716 10 21 17
1170 846 8 53 22
1172 75 9 51 7
1172 660 8 43 17
1173 234 10 5 7
1173 1191 9 2 27
1175 39 10 2 7
1175 1112 8 22 27
1176 1182 9 27 27
1177 545 10 47 17
1177 457 10 59 12
1181 851 9 54 22
1181 655 9 50 17
1181 592 9 7 17
1182 377 8 10 12
1183 999 11 16 22
1183 18 11 35 7
1184 659 9 1 17
1184 234 11 35 7
1185 50 10 24 7
1185 1052 10 1 27
1186 273 10 48 12
1187 1071 9 51 27
1187 356 9 9 12
1187 291 10 25 12
1188 37 10 33 7
1189 1196 10 36 27
1190 500 11 43 12
1190 892 9 41 22
1190 777 10 37 22
1191 634 9 59 17
1192 950 10 54 22
1194 879 9 22 22
1195 279 10 51 12
1198 838 9 30 22
1198 110 9 27 7
1199 357 9 53 12
1199 182 10 32 7
1200 246 11 49 7
1200 555 10 12 17
1204 1074 10 11 27
1208 291 10 48 12
1209 432 10 6 12
1209 1148 9 1 27
1209 1150 9 48 27
1210 1245 11 16 27
1211 454 10 17 12
1212 15 11 15 7
1213 226 11 17 7
1215 1140 10 52 27
1216 126 10 39 7
1217 1178 10 10 27
1217 800 10 32 22
1217 330 10 31 12
1217 171 10 12 7
1217 251 12 49 7
1219 959 11 4 22
1220 1123 10 48 27
1222 440 10 32 12
1222 879 10 37 22
1223 13 11 17 7
1224 605 10 32 17
1225 1167 10 32 27
1225 277 11 39 12
1225 1060 10 15 27
1226 70 10 54 7
1226 215 11 59 7
1226 965 11 0 22
1227 112 10 26 7
1227 911 10 40 22
1227 843 10 12 22
1228 872 10 37 22
1228 462 11 21 12
1228 360 10 18 12
1228 959 11 30 22
1229 384 10 9 12
1230 206 11 26 7
1231 1170 10 39 27
1231 120 10 24 7
1233 1125 10 35 27
1234 206 11 23 7
1235 456 11 56 12
1236 396 10 45 12
1236 22 12 55 7
1237 222 11 19 7
1237 184 11 57 7
1238 1013 12 45 22
1239 1008 12 15 22
1239 749 12 38 17
1241 969 11 9 22
1241 80 11 52 7
1243 855 10 55 22
1243 437 11 41 12
1244 493 12 16 12
1245 770 12 35 22
1245 1121 11 48 27
1246 267 12 10 12
1246 323 11 26 12
1246 1108 11 48 27
1247 708 11 28 17
1247 490 12 6 12
1248 416 11 0 12
1250 461 12 57 12
