SF7_COMM_RANGE = 30
VERTEX_NUM = 1150
MAP_WIDTH = 1250
MAP_LENGTH = 1250
Total links = 1155
Capital delta = 9
SF1112 % = 28.087
# of outliers = 0
DATA PERIOD = 60
------------------------------
x  y  SF  phase which_gateway: 
2 856 11 7 18
4 990 12 27 18
6 902 11 12 18
7 160 11 53 3
7 627 10 8 13
8 1049 11 18 23
10 894 10 42 18
12 728 12 40 13
13 402 10 23 8
14 1018 12 25 23
16 771 12 28 18
17 1029 11 6 23
18 903 10 59 18
18 685 11 1 13
20 1058 11 50 23
20 594 10 6 13
21 157 10 2 3
21 130 10 23 3
21 392 10 20 8
22 1171 10 7 23
23 1068 10 11 23
23 1210 11 40 23
23 992 12 52 18
24 483 11 15 8
29 767 11 1 18
29 229 11 3 3
29 1040 11 3 23
30 685 10 33 13
34 877 10 46 18
34 386 10 57 8
34 188 10 17 3
36 448 10 53 8
37 1089 10 24 23
37 28 11 22 3
38 955 10 38 18
39 396 9 32 8
39 901 9 32 18
40 807 10 13 18
40 1246 11 4 23
40 1163 10 56 23
42 1089 10 38 23
46 427 10 32 8
46 173 10 2 3
46 358 9 30 8
52 456 10 25 8
53 613 9 44 13
54 731 11 36 13
54 1136 9 27 23
55 993 11 7 18
57 653 9 49 13
57 17 11 27 3
58 3 11 11 3
59 892 9 29 18
60 340 9 11 8
61 264 11 26 8
61 821 9 22 18
61 1245 11 14 23
62 878 9 21 18
63 545 10 56 13
63 272 11 0 8
63 179 9 18 3
65 861 9 5 18
67 617 8 45 13
67 402 9 34 8
67 783 10 19 18
68 71 9 24 3
68 537 10 58 13
68 975 10 52 18
68 1037 10 37 23
71 864 8 3 18
71 290 10 40 8
72 298 10 7 8
73 689 9 27 13
74 81 9 42 3
75 384 8 37 8
76 264 11 53 3
76 973 10 18 18
76 931 9 6 18
77 324 9 12 8
79 812 9 26 18
80 1151 8 55 23
83 599 8 39 13
84 100 8 29 3
86 1034 10 24 23
87 1159 8 42 23
89 1028 10 47 23
89 682 9 38 13
92 580 8 56 13
92 237 10 8 3
92 946 9 34 18
93 407 8 48 8
94 1033 10 27 23
96 230 10 32 3
96 345 8 34 8
98 650 8 53 13
98 1020 10 51 23
98 59 9 50 3
98 109 8 52 3
98 456 9 35 8
99 152 8 27 3
100 1000 11 47 18
101 280 10 7 8
104 746 11 34 13
106 760 10 14 18
108 1111 7 49 23
110 393 7 4 8
111 1244 10 7 23
111 328 8 0 8
111 602 7 10 13
114 637 7 20 13
115 884 7 18 18
116 382 7 57 8
118 42 9 51 3
121 1078 8 47 23
122 804 9 13 18
122 144 7 34 3
123 121 7 34 3
124 1195 9 51 23
126 971 10 22 18
129 1135 7 42 23
131 1075 8 18 23
131 305 9 11 8
134 1195 9 1 23
136 664 8 50 13
138 432 8 37 8
139 1135 7 55 23
139 397 7 33 8
143 374 7 27 8
144 901 8 39 18
144 822 8 1 18
145 956 9 46 18
145 172 8 26 3
147 1229 10 8 23
148 123 7 12 3
148 207 9 32 3
149 283 10 50 8
151 1214 10 16 23
154 1192 9 40 23
154 881 7 50 18
156 810 9 18 18
156 1216 10 52 23
158 991 11 8 23
158 140 8 7 3
161 607 8 35 13
161 1004 11 47 23
164 526 10 20 13
169 696 9 1 13
170 441 9 21 8
171 669 9 4 13
173 216 10 24 3
173 169 9 55 3
175 261 11 22 8
175 880 8 27 18
176 432 9 49 8
176 16 11 4 3
177 993 11 56 18
178 1092 9 44 23
180 367 8 29 8
180 1139 8 23 23
182 907 9 15 18
185 380 9 22 8
185 1141 9 9 23
187 312 9 33 8
187 591 9 31 13
189 303 10 21 8
190 470 10 5 8
192 153 9 13 3
192 1031 10 30 23
192 646 9 37 13
194 205 10 55 3
199 331 9 40 8
199 1200 10 29 23
200 854 9 55 18
200 716 10 48 13
201 788 10 57 18
201 785 10 42 18
202 861 9 0 18
202 1044 10 58 23
202 1249 11 55 23
204 219 11 4 3
206 573 10 22 13
208 794 10 50 18
210 554 10 18 13
211 987 11 41 18
212 99 10 39 3
213 954 10 14 18
213 246 11 37 3
214 908 10 15 18
214 1013 11 44 23
218 1151 10 0 23
219 1237 11 22 23
220 906 10 6 18
220 1131 10 1 23
220 1246 12 55 23
221 724 11 29 13
222 800 11 15 18
222 110 10 1 3
223 209 11 42 3
224 884 10 45 18
227 478 11 38 8
227 977 11 29 18
229 141 10 17 3
230 26 11 0 3
231 336 10 24 8
232 69 11 5 3
234 1097 10 57 23
234 1072 11 6 23
235 609 10 58 13
235 97 10 55 3
239 199 11 53 3
240 457 11 54 8
243 851 11 10 18
245 529 12 36 13
247 1143 11 13 23
247 710 11 51 13
247 1093 11 7 23
249 14 12 27 3
250 1051 11 29 23
251 142 11 15 3
251 844 11 3 18
251 862 11 21 18
252 366 11 37 8
253 389 11 10 8
254 157 11 23 3
254 183 11 33 3
255 776 12 31 18
256 478 12 30 8
257 430 11 26 8
257 524 12 14 13
258 1194 11 15 23
260 413 11 56 8
263 57 11 43 4
263 588 10 24 14
265 881 10 48 19
267 785 11 0 19
267 853 10 30 19
267 101 10 45 4
267 576 10 58 14
268 178 10 20 4
268 832 10 33 19
269 159 10 52 4
269 913 10 14 19
271 164 10 43 4
271 782 11 28 19
272 221 11 27 4
272 719 11 26 14
272 562 11 35 14
273 218 11 47 4
274 848 10 55 19
276 201 11 42 4
278 789 11 50 19
279 179 10 9 4
280 242 12 20 9
280 378 10 52 9
281 964 11 24 19
281 794 11 45 19
283 713 11 24 14
284 629 10 54 14
285 892 10 11 19
285 367 10 30 9
286 978 11 1 19
286 979 11 59 19
287 947 10 5 19
287 346 10 25 9
288 206 10 48 4
290 1165 10 5 24
290 940 10 47 19
291 216 11 33 4
292 754 11 4 19
293 650 9 7 14
293 874 9 58 19
295 1085 9 48 24
296 1230 11 22 24
297 739 11 33 14
298 767 11 8 19
298 599 9 41 14
299 579 9 0 14
305 268 11 43 9
305 233 11 28 4
306 917 9 55 19
306 1219 10 26 24
307 445 10 11 9
308 219 10 56 4
308 248 11 38 4
308 211 10 55 4
309 626 9 20 14
309 968 10 23 19
309 1247 11 11 24
311 144 9 14 4
311 190 10 26 4
312 634 9 33 14
315 824 9 15 19
316 473 10 17 9
316 51 10 39 4
317 317 9 41 9
317 291 10 5 9
317 875 8 36 19
317 948 10 28 19
319 500 11 31 9
320 441 9 32 9
320 302 10 36 9
320 602 8 29 14
322 210 10 20 4
323 213 10 50 4
323 200 10 3 4
324 1133 8 28 24
325 798 10 31 19
326 1170 9 3 24
328 489 11 4 14
329 161 8 52 4
329 252 11 50 4
331 933 9 22 19
332 141 8 3 4
333 1179 9 47 24
333 1065 9 52 24
334 1004 11 50 19
335 412 8 7 9
335 585 8 15 14
336 758 11 2 14
337 263 10 22 9
338 1246 11 33 24
338 1133 8 35 24
342 514 10 29 14
342 683 9 50 14
343 270 10 6 9
344 1118 8 10 24
344 1024 10 48 24
345 329 8 43 9
346 198 9 31 4
347 628 7 19 14
347 773 10 7 19
347 961 10 7 19
347 1047 9 40 24
350 458 9 28 9
354 967 10 57 19
354 338 8 35 9
355 361 7 48 9
355 101 8 20 4
355 907 8 30 19
359 627 7 44 14
359 1032 10 12 24
359 611 7 13 14
361 1226 10 6 24
363 467 10 15 9
365 830 8 0 19
365 633 7 58 14
365 1038 9 58 24
370 148 7 59 4
372 256 10 5 9
372 558 9 0 14
372 963 9 13 19
372 661 8 30 14
372 93 8 27 4
375 526 10 43 14
376 389 7 13 9
378 945 9 34 19
380 75 8 45 4
380 823 8 1 19
383 1030 10 9 24
383 649 7 16 14
383 921 8 12 19
384 571 8 16 14
384 1194 9 15 24
385 509 10 52 14
386 1169 8 36 24
387 931 8 12 19
389 1222 10 20 24
390 633 7 25 14
392 926 8 33 19
393 192 9 50 4
395 407 8 1 9
395 990 10 37 19
396 1060 9 3 24
397 907 8 8 19
397 1028 10 53 24
398 332 8 55 9
399 980 10 58 19
400 905 8 43 19
402 298 9 47 9
404 548 9 56 14
405 623 8 35 14
405 1061 9 52 24
406 49 9 26 4
407 609 8 2 14
407 308 9 27 9
407 1153 8 31 24
409 486 10 28 9
409 586 8 13 14
409 520 10 32 14
410 864 8 29 19
410 2 11 21 4
410 955 9 36 19
411 29 10 38 4
413 838 8 37 19
414 453 9 29 9
414 26 10 14 4
416 1163 8 41 24
417 708 10 41 14
421 791 10 31 19
422 346 8 6 9
424 1188 9 23 24
424 1175 9 33 24
424 397 8 44 9
425 734 10 27 14
425 474 10 33 9
425 358 8 29 9
426 167 9 14 4
427 852 8 31 19
427 52 9 12 4
428 746 11 53 14
429 825 9 19 19
431 206 10 47 4
433 395 9 46 9
434 165 9 38 4
434 1035 10 49 24
435 815 9 13 19
436 701 10 9 14
436 1245 11 10 24
436 536 10 18 14
437 363 9 42 9
439 139 9 39 4
440 288 10 40 9
440 993 11 18 19
440 690 10 17 14
448 313 10 9 9
450 224 11 39 4
450 438 10 24 9
451 1049 10 50 24
453 707 10 12 14
453 924 10 55 19
453 486 11 57 9
454 348 9 36 9
455 214 10 20 4
455 835 9 41 19
455 607 9 55 14
456 1038 10 53 24
458 696 10 10 14
459 994 11 9 19
459 492 11 17 9
461 970 11 22 19
464 182 10 55 4
464 152 10 36 4
465 227 11 1 4
466 1232 11 41 24
466 628 10 14 14
469 43 11 42 4
470 1245 12 46 24
470 1205 11 16 24
472 144 10 52 4
473 938 10 57 19
473 1169 10 58 24
473 622 10 24 14
474 485 11 37 9
474 471 11 8 9
475 1060 10 33 24
476 76 10 46 4
477 148 10 40 4
479 739 12 49 14
481 920 10 36 19
481 1156 10 52 24
482 356 10 37 9
482 893 10 25 19
484 220 11 28 4
485 900 10 57 19
485 1024 11 6 24
487 1247 12 23 24
487 389 10 43 9
487 599 10 16 14
489 165 11 25 4
489 702 11 0 14
489 503 12 30 9
490 547 11 20 14
490 838 11 28 19
494 478 12 31 9
496 27 12 1 4
498 793 11 35 19
498 1091 11 14 24
500 492 12 39 9
500 909 11 51 19
500 104 11 58 4
500 259 12 36 9
502 297 11 41 9
503 207 11 22 5
506 310 11 5 9
508 1139 10 41 25
509 995 12 48 19
509 317 11 51 9
509 745 12 21 15
509 852 10 37 20
509 1127 10 20 25
510 5 12 6 5
511 447 11 14 10
512 485 12 45 9
513 973 11 34 20
513 1138 10 4 25
517 63 11 44 5
519 1105 10 50 25
519 1237 12 47 25
520 685 11 52 15
520 133 10 15 5
520 969 11 39 20
523 333 10 15 10
523 121 10 35 5
524 1118 10 7 25
524 417 10 46 10
528 475 11 28 10
528 1199 11 34 25
528 7 12 52 5
529 77 10 7 5
529 27 11 17 5
529 171 10 51 5
531 924 10 44 20
532 263 11 50 10
533 887 10 5 20
533 1038 11 49 25
533 641 10 32 15
534 998 12 45 20
534 1078 10 33 25
535 937 10 45 20
537 505 11 23 15
539 884 9 45 20
540 983 11 51 20
541 411 10 29 10
542 1147 9 22 25
546 2 11 18 5
552 1066 10 33 25
555 208 10 6 5
556 862 9 8 20
556 53 10 20 5
557 665 9 59 15
557 265 11 23 10
558 558 10 59 15
558 960 10 14 20
558 579 9 58 15
558 742 11 59 15
559 834 9 52 20
559 653 9 18 15
560 128 9 25 5
561 925 9 37 20
561 1039 10 25 25
561 1071 9 43 25
561 79 9 28 5
562 698 10 1 15
562 973 10 25 20
562 862 9 25 20
563 857 9 43 20
563 1073 9 57 25
565 224 10 11 5
565 1108 9 8 25
566 1051 10 35 25
566 830 9 26 20
567 568 9 53 15
569 842 9 26 20
570 443 9 55 10
571 970 10 15 20
573 174 9 44 5
574 678 9 21 15
575 266 10 14 10
576 826 9 52 20
576 206 10 41 5
577 1163 9 5 25
578 516 10 7 15
578 829 9 33 20
579 590 8 11 15
580 855 8 5 20
580 164 8 32 5
581 791 10 3 20
582 9 11 15 5
582 330 9 49 10
582 776 10 40 20
584 539 10 41 15
585 170 9 32 5
586 992 11 0 25
587 46 9 34 5
587 342 8 58 10
589 175 9 18 5
590 495 11 9 10
591 619 8 47 15
591 1154 8 21 25
594 64 9 17 5
595 1103 8 22 25
596 424 8 47 10
596 1035 10 2 25
597 572 8 41 15
597 40 9 34 5
599 720 10 10 15
601 103 8 25 5
602 545 9 47 15
606 1240 10 16 25
606 172 8 10 5
606 750 11 29 20
607 515 10 21 15
607 1157 8 17 25
607 252 11 54 5
607 349 8 32 10
611 399 7 15 10
611 579 8 18 15
613 632 7 27 15
614 418 8 30 10
616 1208 9 7 25
616 400 7 0 10
618 1055 9 3 25
618 312 9 40 10
618 893 7 0 20
619 452 9 30 10
621 419 8 30 10
623 523 10 10 15
624 119 7 39 5
626 545 9 9 15
628 448 9 31 10
628 679 8 49 15
628 1197 9 32 25
628 1103 7 10 25
629 1033 10 43 25
630 17 10 13 5
630 1131 7 37 25
631 1094 8 45 25
631 189 9 30 5
632 157 8 24 5
633 449 9 1 10
633 225 10 32 5
637 400 7 53 10
638 9 10 22 5
639 360 7 50 10
640 1091 8 39 25
642 1125 7 46 25
643 321 8 57 10
646 1070 8 57 25
647 808 9 14 20
647 348 8 27 10
647 1074 8 5 25
649 407 8 6 10
650 1007 11 23 20
650 730 10 37 15
651 442 9 58 10
651 927 8 53 20
651 69 9 7 5
652 550 9 9 15
652 932 9 32 20
654 658 8 16 15
655 760 10 40 20
659 326 8 13 10
660 221 10 40 5
660 359 8 43 10
662 340 8 49 10
662 1048 9 45 25
666 1054 9 20 25
668 184 9 34 5
668 1095 8 8 25
668 683 9 44 15
668 1160 8 36 25
668 342 8 40 10
670 938 9 30 20
671 87 8 50 5
671 372 8 22 10
673 748 11 9 15
674 779 10 37 20
675 875 8 19 20
677 613 8 7 15
678 579 9 43 15
679 938 9 47 20
679 971 10 12 20
679 945 9 49 20
680 34 10 2 5
681 427 9 49 10
682 326 9 47 10
686 313 9 55 10
687 1213 10 48 25
688 253 11 48 5
689 736 11 19 15
689 93 9 56 5
691 748 11 29 15
694 385 9 33 10
695 243 11 29 5
695 468 10 12 10
700 918 9 22 20
701 852 9 14 20
704 679 10 32 15
705 1039 10 56 25
706 1170 10 14 25
707 1184 10 8 25
710 687 10 24 15
711 1190 10 55 25
712 524 11 38 15
712 980 11 15 20
712 483 11 9 10
714 100 10 48 5
715 1192 10 44 25
715 435 10 29 10
716 922 10 47 20
718 1150 10 19 25
718 125 10 8 5
721 1025 11 51 25
721 443 10 8 10
723 70 10 10 5
724 526 11 32 15
725 905 10 47 20
726 469 11 5 10
727 493 12 20 10
728 795 11 36 20
730 482 11 16 10
731 613 10 8 15
731 1237 12 57 25
732 382 10 49 10
733 258 12 37 10
733 976 11 1 20
736 1105 10 3 25
736 66 11 44 5
738 232 12 33 5
740 301 11 52 10
741 1064 11 58 25
741 1189 11 33 25
741 752 12 8 15
741 413 11 45 10
743 341 11 12 10
743 1000 12 23 20
744 1241 12 55 25
744 898 11 52 20
745 990 12 59 21
745 460 11 16 10
746 1105 11 39 25
749 7 12 18 5
750 200 11 16 5
751 1134 11 30 26
752 1237 12 18 25
752 1231 12 26 25
753 916 11 2 20
753 1093 11 6 25
754 1148 11 23 25
755 347 11 14 10
756 920 11 34 20
756 1171 11 39 25
757 910 11 22 20
758 496 12 31 11
759 524 12 21 15
759 27 12 52 5
760 61 11 32 5
761 151 10 16 6
762 228 12 36 5
762 1038 11 57 26
763 1197 11 0 26
764 1115 10 26 26
766 1175 10 30 26
766 522 11 9 16
767 632 10 4 16
769 392 10 42 11
771 1193 11 24 26
772 857 10 51 21
774 1102 10 26 26
774 1222 11 24 26
777 659 10 59 16
777 813 10 5 21
778 132 10 34 6
778 1236 11 15 26
778 356 10 35 11
781 291 11 53 11
781 909 10 41 21
782 803 10 29 21
784 644 10 51 16
785 665 10 56 16
786 792 11 43 21
787 604 10 25 16
787 1230 11 27 26
787 252 12 58 6
789 875 9 48 21
790 3 11 48 6
791 655 9 50 16
792 1144 9 12 26
793 1146 9 57 26
794 1043 10 18 26
795 494 11 9 11
796 50 10 57 6
796 176 10 36 6
796 474 11 31 11
797 327 10 58 11
797 421 10 32 11
798 496 11 6 11
799 882 9 23 21
801 548 10 23 16
801 660 9 32 16
801 985 11 39 21
802 1064 10 22 26
808 858 9 38 21
812 1250 11 13 26
813 947 10 37 21
815 565 9 5 16
817 824 9 58 21
819 878 8 10 21
824 117 8 35 6
826 27 10 49 6
827 961 10 58 21
829 761 11 10 21
833 150 8 6 6
834 1024 10 26 26
835 835 8 0 21
836 1159 8 54 26
837 686 9 6 16
841 1050 9 42 26
841 109 8 6 6
841 784 10 3 21
841 284 10 0 11
842 261 10 7 11
842 1195 9 53 26
843 1208 9 29 26
843 554 9 39 16
844 166 8 51 6
848 444 9 1 11
851 6 11 37 6
853 990 10 6 21
854 450 9 17 11
858 316 9 9 11
861 1024 10 45 26
862 1 11 39 6
863 1020 10 39 26
865 654 8 51 16
865 566 8 9 16
865 68 8 45 6
866 203 9 41 6
867 184 8 11 6
870 1220 10 12 26
870 710 9 31 16
871 517 10 10 16
871 92 8 14 6
873 916 8 29 21
874 85 8 28 6
875 601 7 15 16
878 835 8 24 21
879 1089 8 34 26
879 531 10 57 16
879 148 7 22 6
880 1096 7 30 26
881 9 10 50 6
882 233 10 22 6
882 831 8 15 21
883 92 8 11 6
883 178 8 53 6
887 406 8 58 11
891 637 7 12 16
892 822 8 30 21
893 1247 11 5 26
893 607 7 29 16
894 10 10 31 6
897 883 7 42 21
899 180 9 1 6
900 569 9 11 16
904 1122 7 25 26
906 102 8 10 6
908 515 10 48 16
908 772 10 7 21
909 725 10 13 16
909 1159 8 0 26
911 538 10 30 16
911 783 10 23 21
912 1111 8 6 26
912 158 8 59 6
917 613 8 51 16
917 640 8 21 16
917 107 8 15 6
919 579 9 18 16
919 926 9 11 21
920 372 8 38 11
920 693 9 40 16
920 1040 10 53 26
921 1220 10 0 26
924 524 10 55 16
924 250 11 4 6
927 959 10 45 21
928 549 10 53 16
929 1033 10 16 26
930 816 9 15 21
930 759 11 50 16
932 456 10 38 11
932 536 10 46 16
934 612 9 25 16
936 885 9 39 21
936 472 10 49 11
937 1017 11 42 26
939 770 11 41 21
939 1043 10 37 26
939 118 9 49 6
940 165 9 54 6
941 654 9 29 16
941 826 9 19 21
942 428 9 10 11
947 251 11 36 6
947 642 9 19 16
952 1108 9 1 26
953 1228 11 49 26
954 211 10 34 6
956 380 9 11 11
957 58 10 52 6
957 543 10 4 16
957 311 10 51 11
958 1018 11 45 26
958 720 11 56 16
961 304 10 38 11
963 970 11 49 21
964 330 10 41 11
965 419 10 24 11
965 94 10 58 6
966 937 10 48 21
970 187 10 6 6
972 263 11 36 11
974 256 12 27 6
976 256 12 31 11
976 931 10 7 21
976 1114 10 16 26
977 187 10 14 6
978 372 10 48 11
978 613 10 46 16
979 147 10 55 6
980 707 11 42 16
980 771 11 15 21
980 484 12 7 16
980 781 11 44 21
981 465 11 43 11
981 226 11 18 6
982 905 10 46 21
983 263 12 25 6
984 375 10 44 11
984 1132 10 49 26
984 1198 11 17 26
985 117 10 49 6
988 284 11 33 11
990 259 12 55 6
992 747 12 37 16
992 236 12 11 6
993 766 12 44 21
996 866 11 11 21
999 687 11 27 16
999 770 12 34 21
1001 671 11 59 16
1001 1 12 34 6
1001 323 11 10 11
1001 339 11 18 12
1002 1088 11 57 26
1003 1004 12 17 22
1004 977 12 35 21
1009 903 10 3 22
1009 416 11 57 11
1012 302 11 21 12
1013 485 12 51 11
1013 1250 12 32 27
1013 1150 10 28 27
1015 560 11 58 17
1015 61 11 16 7
1015 1069 11 4 27
1015 418 10 16 12
1016 835 10 54 22
1016 275 11 21 12
1017 59 11 0 7
1018 245 12 44 7
1018 191 11 30 7
1019 450 11 41 12
1020 1222 11 9 27
1022 1235 12 25 27
1022 1094 10 19 27
1028 159 10 12 7
1028 732 11 2 17
1031 754 12 22 17
1031 941 10 40 22
1036 315 10 36 12
1037 30 11 13 7
1043 212 10 6 7
1044 833 10 47 22
1045 1208 10 32 27
1045 372 9 55 12
1047 978 11 56 22
1047 904 9 7 22
1047 71 10 59 7
1051 775 11 46 22
1051 32 10 20 7
1054 1012 11 50 27
1054 952 10 18 22
1054 735 11 40 17
1055 1219 10 40 27
1055 1005 11 34 22
1055 939 10 44 22
1056 1242 11 56 27
1058 759 11 21 17
1060 919 9 57 22
1061 937 9 48 22
1063 706 10 57 17
1064 96 9 28 7
1064 312 9 30 12
1066 619 8 6 17
1066 104 9 53 7
1066 5 11 41 7
1066 60 9 10 7
1067 466 10 55 12
1068 224 10 3 7
1068 617 8 50 17
1069 764 11 32 22
1070 1093 9 16 27
1071 63 9 48 7
1072 368 8 11 12
1072 164 9 48 7
1073 242 11 44 7
1074 445 9 59 12
1075 1223 10 47 27
1075 515 11 35 12
1076 906 8 45 22
1077 343 8 59 12
1077 205 10 17 7
1077 634 8 55 17
1079 960 10 40 22
1079 543 10 57 17
1079 423 9 22 12
1080 124 8 16 7
1082 387 8 53 12
1082 1151 8 43 27
1083 1036 10 14 27
1084 73 9 41 7
1084 1173 9 40 27
1085 132 8 42 7
1085 770 10 3 22
1086 1050 9 38 27
1088 1181 9 27 27
1089 218 10 36 7
1089 729 10 48 17
1090 395 8 23 12
1092 997 11 39 27
1092 1201 9 31 27
1095 1131 8 47 27
1098 85 8 48 7
1099 683 9 11 17
1099 356 8 50 12
1101 1066 9 28 27
1101 254 11 55 7
1102 564 9 41 17
1104 986 10 8 22
1104 932 9 22 22
1104 485 10 27 12
1105 809 9 7 22
1106 219 10 39 7
1107 420 8 14 12
1107 137 7 47 7
1108 407 8 28 12
1108 864 7 36 22
1109 1014 10 56 27
1111 12 10 13 7
1112 1207 9 19 27
1113 890 7 10 22
1113 334 8 55 12
1113 273 10 51 12
1117 712 9 44 17
1120 320 8 50 12
1124 232 10 21 7
1124 911 8 11 22
1125 23 10 27 7
1126 250 11 2 7
1126 1230 10 34 27
1127 908 8 58 22
1127 1124 7 25 27
1127 42 9 13 7
1129 626 7 38 17
1129 1056 9 36 27
1130 1118 7 55 27
1134 207 9 59 7
1136 1250 11 24 27
1137 608 7 37 17
1140 888 7 7 22
1140 975 10 46 22
1142 763 10 56 22
1144 318 9 14 12
1145 795 9 18 22
1148 897 8 10 22
1148 53 9 54 7
1149 648 8 46 17
1149 777 10 47 22
1150 860 7 50 22
1151 691 9 0 17
1152 507 11 58 12
1153 903 8 52 22
1153 119 7 47 7
1154 397 8 42 12
1154 386 8 36 12
1155 196 9 29 7
1159 565 9 3 17
1161 842 8 47 22
1161 473 10 56 12
1162 636 8 57 17
1164 514 10 14 17
1169 273 10 47 12
1170 308 9 22 12
1179 797 10 19 22
1180 1228 10 25 27
1181 1037 10 59 27
1181 64 9 15 7
1181 421 9 24 12
1181 500 11 23 12
1183 828 9 52 22
1186 300 10 23 12
1188 94 9 1 7
1189 581 9 48 17
1189 643 9 38 17
1189 1194 10 11 27
1189 893 9 58 22
1191 291 10 24 12
1191 1024 11 58 27
1192 350 9 37 12
1193 963 10 6 22
1193 952 10 50 22
1194 655 9 28 17
1195 691 10 50 17
1195 953 10 29 22
1198 721 11 10 17
1199 976 11 26 22
1201 594 9 58 17
1202 795 10 5 22
1203 85 9 5 7
1205 622 9 47 17
1205 1124 9 3 27
1207 1211 10 11 27
1208 94 9 34 7
1208 1055 10 17 27
1209 456 10 31 12
1211 268 11 51 12
1211 359 9 16 12
1214 822 10 38 22
1214 85 10 8 7
1214 429 10 31 12
1215 472 11 22 12
1217 54 10 31 7
1219 365 10 33 12
1219 217 11 10 7
1219 164 10 1 7
1219 1140 10 44 27
1220 972 11 0 22
1220 835 10 25 22
1220 672 10 34 17
1222 842 10 30 22
1222 915 10 23 22
1223 876 10 16 22
1225 1001 12 58 22
1227 1196 11 13 27
1227 247 12 45 7
1233 1156 10 8 27
1233 133 10 31 7
1234 239 12 36 7
1236 1157 10 5 27
1239 832 11 29 22
1241 663 11 23 17
1243 1051 11 8 27
1244 1067 11 32 27
1244 32 12 57 7
1246 210 11 26 7
1246 483 12 55 12
1246 372 11 40 12
1247 607 11 34 17
