SF7_COMM_RANGE = 30
VERTEX_NUM = 1250
MAP_WIDTH = 1250
MAP_LENGTH = 1250
Total links = 1361
Capital delta = 9
SF1112 % = 27.52
# of outliers = 0
DATA PERIOD = 60
------------------------------
x  y  SF  phase which_gateway: 
1 738 12 31 13
4 727 12 11 13
6 932 11 23 18
7 1044 11 46 23
7 480 12 34 8
8 1167 11 20 23
8 1102 10 2 23
9 255 12 23 3
10 738 12 24 13
10 783 11 48 18
10 797 11 22 18
10 644 10 43 13
11 891 10 23 18
12 1240 12 22 23
12 638 10 3 13
13 1217 11 38 23
13 987 12 28 23
14 218 11 31 3
16 612 10 44 13
16 217 11 48 3
16 981 12 31 18
17 390 10 40 8
18 814 11 21 18
19 88 10 57 3
19 26 11 8 3
20 399 10 20 8
21 835 10 38 18
23 242 12 2 8
26 81 10 26 3
26 731 11 27 13
28 1236 11 27 23
29 616 10 57 13
29 376 10 30 8
30 615 10 51 13
31 513 11 35 13
32 709 11 5 13
36 464 11 3 8
37 1121 9 37 23
39 1241 11 20 23
41 137 9 19 3
43 398 9 25 8
43 1246 11 42 23
43 815 10 3 18
44 229 11 48 3
44 1028 11 56 23
44 1006 11 6 23
46 863 9 26 18
46 167 9 24 3
46 126 9 29 3
48 1029 11 3 23
52 905 9 13 18
52 297 10 53 8
52 589 9 43 13
54 405 9 34 8
54 543 10 50 13
55 925 9 43 18
57 1067 9 46 23
58 690 10 20 13
58 514 11 37 13
61 521 11 12 13
61 674 9 47 13
61 391 9 5 8
64 695 10 1 13
67 781 10 10 18
68 674 9 48 13
69 721 10 36 13
69 942 9 15 18
70 400 9 51 8
73 1035 10 13 23
74 654 8 35 13
76 353 8 3 8
77 161 8 38 3
82 1205 10 9 23
82 362 8 6 8
85 602 8 19 13
85 811 9 57 18
87 201 9 4 3
87 817 9 45 18
87 1062 9 22 23
89 1181 9 26 23
89 1100 8 48 23
89 260 11 27 3
89 575 9 19 13
89 514 10 23 13
90 1246 11 1 23
90 625 8 1 13
90 521 10 58 13
91 850 8 39 18
92 111 8 22 3
93 175 8 36 3
93 1223 10 43 23
95 20 10 1 3
95 146 8 33 3
96 83 8 44 3
97 91 8 11 3
97 74 8 21 3
99 120 7 12 3
100 569 9 18 13
102 712 9 12 13
103 537 10 25 13
105 153 8 45 3
105 888 7 15 18
105 951 9 55 18
107 1050 9 46 23
107 758 10 13 18
107 826 8 14 18
109 126 7 44 3
110 452 9 10 8
110 12 10 52 3
112 414 8 58 8
112 133 7 36 3
112 448 9 32 8
113 1124 7 25 23
114 268 10 55 8
114 847 8 48 18
115 1060 9 18 23
116 426 8 48 8
116 1164 8 46 23
117 383 7 57 8
117 476 10 2 8
117 523 10 14 13
117 909 8 40 18
117 276 10 4 8
118 238 10 47 3
118 429 8 16 8
119 14 10 7 3
120 6 10 8 3
120 789 9 28 18
121 93 8 18 3
125 649 7 13 13
125 948 9 45 18
126 496 11 3 13
126 219 10 20 3
127 32 10 40 3
127 1092 8 42 23
128 271 10 34 8
131 747 11 47 18
131 1008 10 26 23
131 1105 7 44 23
131 1233 10 39 23
132 611 7 24 13
132 461 9 12 8
133 939 9 3 18
134 618 7 49 13
135 666 8 59 13
141 649 7 51 13
142 1154 8 59 23
142 465 10 47 8
144 272 10 30 8
144 1101 8 56 23
146 509 10 50 13
146 532 10 36 13
147 780 10 28 18
149 1144 8 54 23
151 458 9 16 8
153 960 9 44 18
153 175 8 53 3
154 1050 9 16 23
154 541 9 12 13
156 1055 9 3 23
159 1204 9 29 23
161 1069 9 49 23
161 1154 8 7 23
162 913 8 42 18
163 1035 10 29 23
163 1250 11 41 23
164 363 8 16 8
165 105 8 16 3
165 744 11 7 13
166 999 11 52 23
166 1059 9 47 23
168 1213 10 23 23
169 5 11 4 3
170 1015 10 51 23
170 1131 8 4 23
171 265 10 3 8
174 1010 11 34 18
176 82 9 3 3
176 1026 10 42 23
176 790 10 56 18
177 108 8 51 3
177 5 11 32 3
180 1159 9 33 23
181 384 8 19 8
182 221 10 18 3
185 901 9 49 18
186 1103 9 3 23
188 153 9 12 3
190 826 9 5 18
191 661 9 7 13
191 676 9 15 13
192 936 10 27 18
194 348 9 56 8
194 1229 11 14 23
194 758 11 9 13
195 256 11 17 3
197 492 11 55 8
199 274 11 17 8
202 328 10 26 8
203 864 9 54 18
204 65 10 1 3
204 1032 11 13 23
205 590 9 17 13
207 982 11 5 18
208 476 11 56 8
210 141 9 13 3
215 675 10 0 13
215 723 11 31 13
216 283 11 16 8
219 768 11 42 18
220 1188 10 27 23
221 1012 11 7 23
221 820 10 7 18
223 398 10 52 8
224 54 11 18 3
225 909 10 25 18
226 1162 10 33 23
226 682 10 13 13
227 51 11 37 3
227 146 10 31 3
228 1032 11 20 23
228 713 11 45 13
231 586 10 58 13
232 44 11 8 3
232 896 10 51 18
233 866 10 7 18
233 394 10 18 8
234 209 11 39 3
234 847 10 16 18
235 1054 11 44 23
235 649 10 33 13
236 107 10 17 3
236 779 11 49 18
237 516 12 43 13
238 644 10 14 13
238 560 11 46 13
239 1170 11 56 23
240 317 11 6 8
240 1120 10 9 23
241 884 10 5 18
242 41 11 40 3
242 1083 11 28 23
243 616 10 4 13
244 234 12 47 3
246 861 11 21 18
246 90 11 23 3
246 847 11 13 18
246 1120 11 46 23
247 61 11 36 3
249 437 11 42 8
250 1152 11 17 23
250 686 11 49 13
250 982 12 27 18
251 447 11 15 8
253 1242 12 49 23
253 29 12 11 3
256 654 11 14 13
257 938 11 7 18
257 102 11 50 3
258 730 12 30 13
259 1244 12 43 23
261 841 10 23 19
262 919 11 47 18
262 1031 11 33 24
262 1184 11 58 23
263 729 12 53 13
265 684 11 19 14
266 1221 11 55 24
267 581 10 59 14
267 260 12 28 4
268 402 10 52 9
271 924 10 40 19
273 1224 11 56 24
274 539 11 56 14
275 673 10 27 14
276 367 10 9 9
276 966 11 11 19
277 1060 10 40 24
278 747 12 56 14
278 248 12 48 9
278 163 10 23 4
280 826 10 13 19
282 572 10 29 14
285 26 11 42 4
286 198 10 21 4
287 416 10 18 9
287 1029 11 53 24
290 21 11 27 4
290 283 11 18 9
291 371 9 43 9
291 1222 11 58 24
292 1000 12 1 19
293 996 11 59 19
294 740 11 37 14
295 1105 9 34 24
295 379 9 57 9
295 583 10 23 14
298 738 11 45 14
301 44 10 44 4
302 65 10 22 4
302 380 9 5 9
303 643 9 36 14
303 719 10 2 14
304 552 10 54 14
305 1100 9 25 24
305 678 9 22 14
309 310 10 3 9
311 132 9 36 4
311 404 9 2 9
311 1107 9 51 24
313 198 10 16 4
313 362 9 17 9
313 477 10 57 9
313 1098 9 37 24
313 544 10 52 14
313 970 10 18 19
313 130 9 48 4
315 619 9 45 14
316 442 9 45 9
316 44 10 6 4
319 1025 10 21 24
321 1240 11 35 24
324 707 10 59 14
324 1106 8 12 24
326 1241 11 5 24
326 1237 11 26 24
327 445 9 1 9
327 840 8 28 19
328 43 10 11 4
329 580 9 46 14
330 688 9 42 14
331 40 10 17 4
333 394 8 14 9
333 863 8 45 19
336 922 9 11 19
337 1152 8 31 24
338 464 10 7 9
338 1173 9 6 24
339 75 9 0 4
340 774 10 1 19
341 412 8 50 9
341 693 9 16 14
342 657 8 11 14
342 780 10 47 19
346 294 9 46 9
347 911 8 3 19
348 477 10 57 9
349 895 8 34 19
349 986 10 40 19
349 253 11 34 4
354 998 11 40 19
356 611 7 1 14
356 939 9 10 19
358 439 9 39 9
360 313 9 5 9
362 1002 11 7 19
362 388 7 57 9
362 1043 9 7 24
363 1192 9 27 24
364 752 11 9 14
366 370 7 53 9
368 865 7 9 19
368 688 9 18 14
368 740 10 59 14
370 564 9 46 14
375 320 8 21 9
376 810 9 31 19
379 785 10 45 19
382 231 10 19 4
385 738 10 31 14
385 49 9 39 4
385 838 8 9 19
388 656 8 39 14
388 97 8 50 4
391 49 9 56 4
392 859 7 25 19
392 66 9 53 4
393 812 9 53 19
393 458 9 59 9
395 976 10 25 19
395 121 7 28 4
396 1191 9 31 24
396 697 9 19 14
396 316 9 30 9
397 313 9 3 9
398 547 9 24 14
399 1105 8 29 24
399 518 10 0 14
400 133 7 31 4
401 902 8 56 19
401 150 8 1 4
405 685 9 16 14
405 1053 9 57 24
407 911 8 19 19
407 102 8 8 4
409 583 8 44 14
410 350 8 32 9
411 387 8 39 9
412 89 8 29 4
412 782 10 52 19
412 222 10 2 4
413 619 8 8 14
413 689 9 1 14
418 702 9 33 14
418 145 8 50 4
418 28 10 50 4
419 1094 8 59 24
420 63 9 35 4
420 59 9 35 4
421 1155 8 50 24
423 244 11 1 4
426 1137 8 3 24
427 771 10 14 19
429 960 10 20 19
430 1063 9 25 24
430 986 11 17 19
433 710 10 44 14
434 1188 9 54 24
434 1140 9 17 24
435 459 10 8 9
435 625 8 42 14
436 189 9 11 4
436 1228 10 24 24
436 403 9 40 9
437 27 10 30 4
438 1167 9 32 24
439 281 10 16 9
441 489 11 55 9
441 1077 9 3 24
441 824 9 37 19
441 115 9 47 4
442 841 9 57 19
442 140 9 38 4
442 150 9 40 4
444 270 11 31 9
444 1247 11 28 24
446 1067 10 22 24
447 589 9 22 14
448 319 10 4 9
449 883 9 58 19
450 503 11 4 9
450 1230 11 5 24
453 463 10 1 9
453 502 11 18 9
454 261 11 17 9
457 947 10 19 19
457 896 9 35 19
458 458 10 1 9
459 147 9 13 4
459 742 11 45 14
460 59 10 9 4
463 972 11 48 19
468 405 10 56 9
469 652 10 26 14
469 673 10 20 14
469 1080 10 18 24
470 479 11 50 9
471 1182 10 36 24
472 844 10 5 19
473 187 10 46 4
475 161 10 13 4
476 1228 11 44 24
477 771 11 43 19
478 1028 11 51 24
479 883 10 25 19
480 800 11 6 19
480 312 11 12 9
480 44 11 47 4
481 660 10 28 14
482 105 10 16 4
482 523 11 37 14
483 504 12 33 9
483 374 10 13 9
484 389 10 39 9
487 1104 10 43 24
488 741 12 30 14
488 272 12 50 9
488 1225 12 11 24
489 329 11 23 9
490 463 11 3 9
490 950 11 56 19
491 545 11 25 14
493 48 11 43 4
493 701 11 44 14
494 511 12 43 14
494 1012 12 3 24
498 940 11 54 19
498 669 11 33 15
499 422 11 39 9
499 404 11 0 9
500 1011 12 19 24
504 433 11 45 9
507 446 11 36 9
508 747 12 55 15
510 276 12 28 9
510 487 12 1 9
512 347 10 1 10
513 101 10 40 5
514 243 12 41 5
519 211 11 22 5
520 1245 12 48 25
520 696 11 18 15
521 578 10 55 15
521 507 12 1 10
522 1032 11 49 25
522 545 11 38 15
523 811 11 31 20
523 79 10 39 5
524 185 10 41 5
526 123 10 47 5
526 1060 10 35 25
528 1177 10 37 25
529 797 11 12 20
532 525 11 10 15
533 806 10 13 20
534 992 11 55 20
534 108 10 14 5
536 1116 9 0 25
536 1185 10 20 25
537 1051 10 45 25
537 510 11 52 15
538 1009 11 32 25
540 753 11 30 20
540 415 10 28 10
541 857 9 27 20
541 1182 10 51 25
543 1080 10 22 25
543 881 9 20 20
544 336 9 31 10
547 948 10 55 20
547 235 11 42 5
549 929 10 20 20
549 702 10 13 15
550 1086 9 37 25
552 132 9 21 5
552 642 9 55 15
553 73 9 8 5
555 414 9 45 10
555 887 9 26 20
555 829 9 41 20
555 413 9 24 10
556 283 10 53 10
556 260 11 19 10
556 22 11 36 5
558 728 11 4 15
558 600 9 24 15
560 309 10 23 10
562 149 9 18 5
563 948 10 16 20
563 767 11 43 20
563 1155 9 3 25
565 270 11 8 10
566 181 9 15 5
567 751 11 26 15
568 983 11 29 20
572 1073 9 42 25
572 1020 10 17 25
572 496 11 51 10
573 632 8 3 15
574 595 8 40 15
575 1205 10 46 25
576 890 8 45 20
576 1005 11 0 20
576 181 9 51 5
577 992 11 15 20
578 923 9 14 20
579 541 10 38 15
579 254 11 15 5
580 539 10 51 15
581 1217 10 5 25
581 496 11 56 10
582 1140 8 15 25
582 880 8 58 20
582 175 9 7 5
583 524 10 43 15
583 826 9 2 20
584 335 8 24 10
584 490 11 6 10
585 1077 9 12 25
586 601 8 40 15
586 442 9 49 10
587 1104 8 8 25
588 774 10 41 20
590 209 10 5 5
592 23 10 34 5
592 161 8 10 5
592 220 10 39 5
592 1118 8 43 25
593 638 8 53 15
594 1027 10 42 25
594 795 9 23 20
594 1191 9 39 25
595 619 8 20 15
599 203 9 16 5
601 201 9 22 5
601 637 7 27 15
601 77 8 22 5
602 99 8 1 5
602 983 10 34 20
603 322 8 13 10
605 668 8 6 15
606 1031 10 22 25
606 995 11 20 20
607 756 11 56 15
607 619 7 22 15
608 897 7 3 20
609 529 10 51 15
609 425 8 46 10
610 108 7 9 5
611 162 8 3 5
612 302 9 18 10
612 1010 10 50 25
612 885 7 3 20
613 334 8 51 10
616 1084 8 55 25
616 721 10 29 15
617 128 7 53 5
618 232 10 27 5
619 1096 7 12 25
621 1021 10 46 25
624 1228 10 1 25
627 389 7 28 10
628 2 11 25 5
628 56 9 13 5
628 534 10 36 15
629 543 9 48 15
630 987 10 40 20
630 836 8 58 20
631 822 8 41 20
632 387 7 6 10
632 781 10 11 20
632 319 8 47 10
633 130 7 29 5
633 220 10 23 5
633 837 8 43 20
634 958 9 51 20
635 706 9 26 15
635 755 11 26 15
636 296 9 29 10
637 550 9 27 15
639 388 7 30 10
640 300 9 47 10
640 703 9 9 15
641 256 11 33 5
641 1205 9 31 25
642 939 9 57 20
642 259 10 3 10
643 659 8 24 15
643 976 10 24 20
646 314 9 7 10
646 240 10 11 5
648 388 7 25 10
649 353 8 27 10
649 935 9 28 20
649 354 8 39 10
650 479 10 3 10
651 306 9 8 10
652 222 10 11 5
653 180 9 1 5
654 572 9 49 15
654 228 10 18 5
654 88 8 4 5
655 1108 8 36 25
656 544 9 47 15
660 7 11 27 5
662 613 8 12 15
664 79 9 30 5
664 558 9 45 15
666 970 10 30 20
667 769 10 59 20
669 977 10 4 20
670 651 8 0 15
672 750 11 38 15
672 560 9 14 15
673 1223 10 26 25
673 272 10 9 10
673 814 9 3 20
673 102 8 21 5
678 645 8 34 15
679 773 10 27 20
684 384 8 28 10
685 1140 9 45 25
686 36 10 44 5
687 783 10 56 20
688 204 10 5 5
689 178 9 23 5
690 104 9 59 5
690 350 9 14 10
691 479 11 27 10
693 860 9 53 20
693 946 10 3 20
693 560 10 45 15
695 204 10 57 5
695 1097 9 32 25
695 1152 9 24 25
697 836 9 17 20
697 637 9 36 15
698 1232 11 46 25
699 828 9 2 20
705 704 10 6 15
707 313 10 45 10
708 697 10 59 15
708 139 9 7 5
710 695 10 15 15
710 814 10 5 20
712 497 11 25 10
714 581 10 25 15
714 328 10 8 10
716 571 10 46 15
716 1124 10 51 25
716 229 11 35 5
717 603 10 6 15
717 1068 10 28 25
718 911 10 11 20
721 452 11 54 10
722 761 11 33 20
722 848 10 27 20
723 325 10 46 10
724 706 11 47 15
725 487 12 54 10
726 19 11 39 5
727 1250 12 51 25
727 791 11 31 20
728 821 10 28 20
729 875 10 15 20
733 330 10 47 10
735 476 11 45 10
737 603 10 51 15
737 1184 11 33 25
737 559 11 48 15
737 1228 12 57 25
738 378 10 10 10
741 459 11 39 10
741 1206 11 56 25
742 222 12 17 5
743 996 12 44 20
743 536 11 21 15
743 239 12 42 5
744 563 11 52 16
747 33 12 59 5
749 297 11 25 10
749 725 12 19 15
750 940 11 58 20
751 192 11 53 5
752 551 11 30 15
752 106 11 52 5
753 478 12 19 10
755 946 11 57 20
758 124 10 30 6
758 415 11 6 10
758 790 11 51 21
758 865 10 9 21
758 1135 10 49 26
758 701 11 22 16
760 10 12 38 5
760 610 10 4 16
762 1114 10 1 26
763 601 10 15 16
765 1135 10 55 26
767 124 10 34 6
768 335 10 55 11
768 741 12 45 16
769 467 11 36 11
771 941 11 34 21
771 14 12 41 6
772 845 10 54 21
773 1008 12 18 21
773 295 11 55 11
774 776 11 28 21
774 141 10 10 6
775 1240 12 46 26
776 891 10 54 21
777 67 10 21 6
778 330 10 36 11
779 723 11 39 16
779 755 12 52 16
780 597 10 29 16
780 562 10 58 16
780 581 10 49 16
782 1124 10 51 26
783 1130 10 5 26
784 908 10 41 21
784 1244 11 1 26
784 217 11 46 6
785 1122 10 55 26
786 649 10 31 16
787 195 10 43 6
789 667 10 49 16
789 983 11 38 21
790 621 9 38 16
790 843 10 23 21
791 410 10 34 11
793 883 9 15 21
795 504 11 52 16
796 352 9 8 11
798 545 10 49 16
798 1164 9 46 26
800 1032 10 27 26
800 190 10 36 6
800 1123 9 14 26
804 432 10 29 11
804 884 9 22 21
805 1225 11 0 26
806 288 10 51 11
806 718 10 59 16
807 281 10 40 11
808 695 10 35 16
808 51 10 20 6
811 856 9 30 21
811 1148 9 24 26
811 1197 10 3 26
812 1030 10 27 26
814 175 9 57 6
815 640 9 4 16
815 159 9 14 6
815 232 11 45 6
818 451 10 27 11
821 604 8 57 16
821 916 9 34 21
823 1200 10 6 26
824 974 10 27 21
826 1160 9 49 26
826 1196 9 32 26
830 701 9 35 16
834 1169 9 41 26
835 470 10 40 11
838 341 8 24 11
838 663 8 27 16
840 894 8 59 21
841 1087 8 0 26
841 1208 9 34 26
842 343 8 21 11
842 291 10 14 11
843 43 9 34 6
845 1101 8 4 26
845 177 9 5 6
847 186 9 6 6
848 1141 8 39 26
848 602 8 17 16
851 845 8 37 21
851 147 8 3 6
853 105 7 21 6
854 1214 10 56 26
855 53 9 53 6
856 138 7 17 6
856 689 9 10 16
857 402 8 38 11
857 316 9 37 11
857 607 7 59 16
862 436 9 12 11
862 1163 8 35 26
863 614 7 19 16
864 1090 8 1 26
866 151 7 7 6
869 174 8 54 6
870 445 9 35 11
870 911 8 47 21
872 606 7 18 16
872 922 8 2 21
873 475 10 39 11
873 285 10 10 11
874 913 8 28 21
874 950 9 0 21
876 149 7 16 6
877 1141 7 55 26
879 1183 8 4 26
884 74 8 22 6
887 497 11 1 11
887 592 8 35 16
888 759 10 31 21
888 1049 9 30 26
889 937 9 30 21
890 1066 9 52 26
891 1028 10 27 26
891 546 9 23 16
892 420 8 2 11
893 733 10 29 16
894 810 9 53 21
895 692 9 39 16
897 154 8 29 6
897 204 9 5 6
897 59 9 6 6
897 1105 7 48 26
899 957 9 59 21
899 62 9 13 6
903 277 10 42 11
905 1140 8 34 26
906 500 11 52 16
908 222 10 52 6
908 957 9 28 21
909 831 8 31 21
909 1066 9 54 26
909 1207 9 57 26
911 581 8 23 16
911 190 9 10 6
911 1031 10 52 26
914 538 10 19 16
914 117 8 24 6
914 822 9 45 21
914 810 9 54 21
915 325 9 56 11
915 392 8 8 11
916 1029 10 17 26
916 350 8 40 11
916 41 10 35 6
917 998 11 40 21
917 464 10 42 11
918 110 8 56 6
918 604 8 34 16
921 880 8 13 21
923 64 9 25 6
927 1133 8 31 26
927 185 9 11 6
927 563 9 5 16
927 464 10 22 11
930 310 9 24 11
930 609 8 39 16
931 818 9 48 21
932 328 9 9 11
933 566 9 31 16
936 290 10 17 11
937 134 9 32 6
937 566 9 25 16
938 1223 10 6 26
938 643 9 56 16
941 397 9 28 11
941 1205 10 50 26
942 87 9 7 6
942 631 9 52 16
944 1036 10 27 26
944 1007 11 54 21
944 264 11 48 11
945 1085 9 35 26
945 731 11 11 16
946 628 9 21 16
948 1132 9 10 26
951 172 9 43 6
951 142 9 55 6
951 202 10 59 6
952 1128 9 17 26
953 975 11 1 21
953 331 9 24 11
954 994 11 41 21
955 686 10 12 16
956 1033 11 22 26
956 1064 10 3 26
957 904 9 37 21
960 1062 10 1 26
962 753 11 52 21
962 520 11 46 16
963 330 10 25 11
964 64 10 1 6
965 191 10 10 6
966 828 10 42 21
966 499 12 59 11
967 332 10 6 11
970 726 11 10 16
971 464 11 41 11
971 855 10 14 21
972 206 11 3 6
972 865 10 8 21
973 490 12 0 16
974 1006 12 43 21
975 394 10 44 11
975 601 10 11 16
976 335 10 56 11
976 670 10 46 16
980 253 12 54 6
981 1008 12 52 21
982 13 12 45 6
984 1060 11 4 26
985 1246 12 45 26
987 692 11 2 16
989 762 12 45 16
991 100 10 57 6
992 784 11 24 21
995 1170 11 40 26
997 688 11 26 16
997 356 11 25 11
998 300 11 24 11
998 152 11 4 6
999 1208 11 42 26
999 1215 12 17 26
1000 232 12 15 6
1002 541 11 25 17
1002 521 12 16 16
1003 300 11 13 11
1003 1068 11 35 26
1003 1126 11 57 26
1004 362 11 19 11
1005 1213 11 30 27
1006 309 11 58 11
1009 88 11 19 6
1009 1167 11 6 26
1011 90 10 42 7
1012 298 11 30 12
1013 1008 12 54 27
1016 133 10 20 7
1016 310 11 17 12
1017 351 10 38 12
1017 30 11 6 7
1017 660 10 13 17
1018 1067 11 23 27
1018 483 12 0 11
1018 373 10 50 12
1019 436 11 21 12
1019 300 11 24 12
1019 908 10 30 22
1019 449 11 39 12
1021 1206 11 41 27
1021 961 11 47 22
1022 638 10 44 17
1023 783 11 24 22
1023 1229 11 4 27
1025 10 12 59 7
1026 380 10 49 12
1028 224 11 13 7
1030 1212 11 12 27
1031 31 11 16 7
1033 781 11 2 22
1033 412 10 24 12
1034 334 10 39 12
1034 205 11 0 7
1034 590 10 43 17
1035 176 10 37 7
1035 172 10 34 7
1035 887 10 6 22
1037 1122 9 31 27
1037 933 10 55 22
1040 661 10 15 17
1040 562 10 2 17
1041 1018 11 53 27
1042 342 9 28 12
1044 1046 10 25 27
1044 345 9 53 12
1046 51 10 18 7
1047 247 11 38 7
1047 994 11 17 22
1047 885 9 40 22
1048 877 9 18 22
1048 584 9 58 17
1050 34 10 19 7
1051 190 10 54 7
1052 96 9 14 7
1053 1238 11 24 27
1053 1232 11 45 27
1054 784 10 55 22
1054 828 9 29 22
1055 964 10 49 22
1058 361 9 12 12
1058 729 11 31 17
1059 782 10 13 22
1061 1183 9 43 27
1061 110 9 24 7
1063 89 9 57 7
1066 92 9 12 7
1066 360 9 58 12
1066 375 8 3 12
1067 636 8 35 17
1067 1109 9 53 27
1068 546 10 18 17
1068 945 10 37 22
1069 1225 10 46 27
1072 1153 8 38 27
1073 772 10 3 22
1077 577 9 39 17
1078 438 9 48 12
1078 1216 10 33 27
1079 218 10 48 7
1079 1181 9 20 27
1081 962 10 43 22
1082 257 11 47 7
1083 1220 10 40 27
1084 354 8 37 12
1084 663 8 53 17
1087 1141 8 56 27
1087 547 9 22 17
1089 638 8 49 17
1091 562 9 25 17
1091 788 10 4 22
1091 857 8 1 22
1093 207 9 48 7
1094 316 9 17 12
1095 427 9 36 12
1096 1185 9 12 27
1096 127 7 6 7
1099 316 9 48 12
1101 767 10 11 22
1102 466 10 9 12
1102 1167 8 23 27
1103 626 7 56 17
1103 693 9 19 17
1104 26 10 53 7
1104 1138 7 43 27
1105 49 9 49 7
1106 438 9 48 12
1107 1009 10 14 27
1108 772 10 37 22
1108 1229 10 21 27
1109 17 10 3 7
1109 936 9 58 22
1109 1096 8 5 27
1110 250 11 50 7
1110 896 7 30 22
1111 764 10 34 22
1113 123 7 43 7
1113 798 9 26 22
1117 188 9 49 7
1117 593 8 32 17
1118 1008 10 51 27
1118 1030 10 53 27
1118 590 8 25 17
1120 594 8 31 17
1123 584 8 10 17
1125 467 10 53 12
1127 1011 10 44 27
1128 1002 11 17 22
1128 525 10 33 17
1128 274 10 47 12
1128 620 7 18 17
1130 845 8 57 22
1131 887 7 43 22
1132 1084 8 30 27
1133 405 8 42 12
1133 475 10 18 12
1134 949 9 11 22
1136 778 10 30 22
1138 826 8 33 22
1139 1082 8 49 27
1139 613 7 51 17
1139 380 7 36 12
1139 947 9 39 22
1142 71 8 48 7
1144 235 10 26 7
1145 667 8 9 17
1146 44 9 15 7
1146 124 7 1 7
1147 320 8 35 12
1148 501 11 4 17
1149 237 10 26 7
1152 422 8 18 12
1153 791 9 57 22
1153 300 9 43 12
1154 445 9 41 12
1154 1042 9 59 27
1156 786 10 37 22
1157 477 10 17 12
1158 509 11 8 12
1159 947 9 10 22
1162 409 8 4 12
1162 192 9 27 7
1162 1197 9 59 27
1163 714 10 40 17
1163 51 9 49 7
1165 293 10 41 12
1167 469 10 58 12
1170 841 8 0 22
1172 809 9 11 22
1175 587 9 31 17
1175 372 8 41 12
1175 380 8 55 12
1176 966 10 7 22
1176 1029 10 20 27
1176 1249 11 35 27
1176 455 10 25 12
1179 1180 9 21 27
1180 72 9 50 7
1180 112 8 19 7
1181 942 9 48 22
1181 1053 10 54 27
1182 912 9 37 22
1182 125 8 58 7
1182 43 10 43 7
1184 1087 9 20 27
1187 548 10 40 17
1189 816 9 43 22
1189 153 9 49 7
1189 637 9 57 17
1192 487 11 43 12
1193 1034 10 52 27
1195 1117 9 54 27
1195 1010 11 2 27
1197 938 10 43 22
1198 482 11 34 12
1199 833 9 51 22
1200 925 10 17 22
1201 1068 10 32 27
1202 196 10 44 7
1202 626 9 20 17
1203 791 10 4 22
1203 819 10 25 22
1204 170 10 15 7
1204 589 9 3 17
1204 534 11 38 17
1205 124 9 43 7
1205 762 11 29 22
1206 401 9 59 12
1206 867 9 33 22
1206 173 10 40 7
1207 828 10 48 22
1208 863 9 20 22
1208 868 9 17 22
1208 351 9 38 12
1208 1152 9 3 27
1213 321 10 37 12
1213 991 11 18 22
1214 174 10 38 7
1216 410 10 19 12
1216 818 10 16 22
1218 393 10 22 12
1219 875 10 11 22
1219 829 10 2 22
1220 319 10 24 12
1220 282 11 46 12
1221 638 10 36 17
1222 241 12 8 7
1223 860 10 3 22
1223 419 10 8 12
1224 154 10 52 7
1224 401 10 24 12
1225 876 10 4 22
1226 822 10 9 22
1226 302 11 31 12
1228 235 12 8 7
1229 895 10 47 22
1229 628 10 14 17
1230 865 10 29 22
1232 653 10 39 17
1232 1034 11 40 27
1233 851 10 1 22
1233 1056 11 19 27
1234 508 12 0 12
1235 530 11 18 17
1235 99 10 57 7
1237 1076 11 55 27
1238 39 11 47 7
1238 617 10 16 17
1240 285 11 34 12
1242 754 12 6 17
1243 6 12 24 7
1243 1081 11 48 27
1244 277 12 9 12
1244 895 11 26 22
1245 776 12 12 22
1246 841 11 56 22
1248 1001 12 54 27
1248 1153 11 20 27
1248 1153 11 51 27
1249 1159 11 2 27
1250 606 11 4 17
