SF7_COMM_RANGE = 30
VERTEX_NUM = 1400
MAP_WIDTH = 1250
MAP_LENGTH = 1250
Total links = 1737
Capital delta = 9
SF1112 % = 26.9286
# of outliers = 0
DATA PERIOD = 60
------------------------------
x  y  SF  phase which_gateway: 
1 167 11 46 3
2 19 12 23 3
4 747 12 5 13
8 925 11 20 18
8 418 11 55 8
8 478 12 52 8
8 1124 10 43 23
8 514 12 53 13
10 201 11 38 3
10 567 11 22 13
11 688 11 17 13
11 428 11 5 8
12 545 11 5 13
12 1082 11 59 23
12 1001 12 10 18
12 954 11 50 18
15 241 12 21 3
15 308 11 25 8
16 781 11 12 18
16 1058 11 1 23
17 154 10 47 3
17 950 11 56 18
19 811 11 30 18
19 121 10 57 3
19 441 11 55 8
21 830 10 51 18
22 41 11 3 3
24 853 10 4 18
24 66 10 18 3
25 606 10 58 13
25 669 10 34 13
26 1238 12 56 23
28 1207 11 21 23
28 884 10 40 18
30 462 11 16 8
31 677 10 16 13
31 884 10 24 18
32 1193 10 59 23
35 1037 11 1 23
37 1 12 2 3
37 731 11 13 13
38 1005 11 18 23
38 423 10 59 8
39 692 10 18 13
41 294 10 9 8
41 416 10 2 8
41 633 9 8 13
42 1040 10 31 23
42 1162 10 27 23
42 1038 11 12 23
43 354 9 24 8
44 1105 9 7 23
45 961 10 0 18
45 952 10 46 18
46 562 10 56 13
46 131 9 56 3
46 937 10 37 18
49 111 9 52 3
50 1034 10 52 23
54 759 11 55 18
54 1050 10 50 23
55 236 11 26 3
57 633 9 51 13
58 1218 10 11 23
59 1248 11 58 23
62 608 9 59 13
62 373 9 19 8
63 866 9 22 18
65 1108 9 58 23
65 946 10 21 18
66 1165 9 17 23
66 1078 9 11 23
67 1015 11 31 23
68 323 9 16 8
69 1203 10 30 23
69 938 9 41 18
69 860 8 18 18
69 961 10 30 18
71 1168 9 4 23
72 621 8 38 13
73 1067 9 35 23
73 395 8 20 8
74 644 8 45 13
76 1128 8 35 23
76 208 10 6 3
78 790 10 33 18
79 797 10 31 18
79 1129 8 44 23
80 1147 8 25 23
82 60 9 23 3
82 559 9 31 13
83 43 10 15 3
84 1023 10 42 23
86 1232 10 15 23
87 674 9 26 13
88 435 9 40 8
88 929 9 14 18
91 1157 8 38 23
92 165 8 3 3
92 443 9 5 8
94 244 11 59 3
96 659 8 20 13
98 949 9 16 18
99 1241 10 30 23
99 323 8 28 8
103 273 10 38 8
104 803 9 3 18
106 979 10 47 18
107 1085 8 1 23
107 32 10 7 3
108 69 8 17 3
109 156 8 36 3
109 140 7 27 3
111 478 10 54 8
112 933 8 11 18
114 1082 8 26 23
114 392 7 27 8
114 1107 7 35 23
116 799 9 2 18
116 221 10 53 3
118 631 7 50 13
118 20 10 33 3
120 1056 9 8 23
120 840 8 32 18
121 1141 7 40 23
122 1125 7 27 23
122 612 7 13 13
123 650 7 47 13
124 822 8 5 18
124 1029 10 8 23
125 1060 9 52 23
126 216 10 56 3
126 376 7 20 8
127 212 9 0 3
127 68 8 26 3
128 228 10 48 3
128 676 8 39 13
128 1102 7 22 23
129 10 10 27 3
129 56 9 40 3
132 277 10 21 8
132 442 9 44 8
133 1021 10 8 23
133 1003 11 41 23
135 481 10 38 8
135 591 8 19 13
135 101 7 7 3
135 125 7 58 3
136 664 8 46 13
137 1003 11 1 18
140 433 8 51 8
140 866 7 37 18
141 634 7 26 13
141 697 9 51 13
143 1048 9 1 23
143 639 7 7 13
144 1135 7 18 23
146 1009 10 6 23
146 281 10 54 8
147 794 9 23 18
149 791 9 14 18
149 114 7 46 3
150 1150 8 19 23
150 1079 8 34 23
150 1160 8 46 23
150 516 10 38 13
153 858 8 15 18
154 662 8 17 13
154 1217 10 52 23
155 247 11 42 3
157 40 10 49 3
158 528 10 13 13
158 806 9 27 18
163 724 10 57 13
164 1039 10 46 23
166 867 8 57 18
166 811 9 17 18
168 291 10 53 8
168 78 9 47 3
170 1000 11 55 18
172 203 10 46 3
173 384 8 38 8
173 1114 8 24 23
174 1000 11 13 18
174 331 9 30 8
175 681 9 26 13
176 638 8 20 13
177 1004 11 40 18
178 458 10 32 8
179 824 9 6 18
180 1248 11 56 23
180 1157 9 39 23
181 562 9 52 13
181 229 10 15 3
181 98 9 5 3
183 1080 9 30 23
184 820 9 45 18
185 882 9 20 18
186 484 11 48 8
188 1043 10 37 23
188 854 9 3 18
189 1059 10 29 23
189 1088 9 43 23
190 493 11 22 8
191 55 10 27 3
192 613 9 29 13
193 552 10 11 13
193 105 9 36 3
194 464 10 15 8
194 112 9 59 3
194 774 11 31 18
194 1109 9 1 23
195 132 9 29 3
195 1196 10 56 23
198 61 10 14 3
199 1225 11 51 23
201 559 10 22 13
201 279 11 26 8
203 542 10 32 13
208 77 10 46 3
210 981 11 32 18
211 902 10 28 18
211 698 10 17 13
211 975 11 16 18
211 281 11 35 8
213 529 11 23 13
213 730 11 39 13
215 522 11 21 13
217 572 10 35 13
217 851 10 19 18
217 1232 11 50 23
218 527 11 30 13
219 847 10 48 18
220 492 12 25 13
220 104 10 44 3
220 1230 11 15 23
222 948 11 55 18
223 1191 10 56 23
223 816 10 51 18
224 353 10 2 8
224 1054 11 47 23
224 111 10 15 3
225 539 11 3 13
226 1002 12 16 23
226 64 10 11 3
227 945 11 10 18
229 295 11 8 8
230 627 10 25 13
232 343 10 28 8
235 1177 11 32 23
236 990 12 3 18
237 609 10 53 13
237 740 12 0 13
237 60 11 21 3
237 1116 10 1 23
240 82 11 27 3
240 774 12 36 18
240 357 10 40 8
240 801 11 40 18
240 769 12 3 18
242 1121 10 59 23
243 1021 12 31 23
243 224 12 34 3
243 241 12 40 3
244 996 12 56 18
247 1168 11 18 23
247 1120 11 55 23
247 1014 12 43 23
252 842 11 6 18
253 936 11 39 18
254 932 11 45 18
254 195 11 53 3
254 476 12 54 8
255 52 11 41 3
256 959 11 2 19
258 1073 11 57 23
258 1213 11 43 24
260 1097 10 2 24
261 84 11 22 3
262 602 10 3 14
263 1234 12 34 23
263 187 11 17 4
263 954 11 56 19
265 1107 10 26 24
267 769 12 38 14
267 682 11 58 14
269 689 11 53 14
269 778 11 6 19
270 876 10 30 19
270 1060 11 26 24
272 227 11 10 4
272 595 10 30 14
273 292 11 57 9
276 777 11 44 19
277 547 11 10 14
277 369 10 45 9
278 150 10 54 4
279 317 10 57 9
280 1222 11 21 24
280 757 12 1 14
284 650 10 28 14
285 370 10 6 9
285 791 11 54 19
286 767 11 14 19
286 503 12 39 9
286 857 10 48 19
286 1156 10 11 24
286 639 10 14 14
287 890 9 50 19
287 1234 11 25 24
287 653 10 18 14
289 1220 11 16 24
291 768 11 43 19
293 688 10 14 14
293 39 10 34 4
293 390 9 13 9
293 640 9 4 14
295 564 10 20 14
297 828 10 12 19
298 1016 11 35 24
298 920 9 46 19
299 974 11 22 19
300 801 10 5 19
300 1102 9 35 24
301 559 10 58 14
301 1144 9 7 24
302 409 9 20 9
304 999 11 44 19
304 433 10 56 9
307 220 10 41 4
307 523 11 45 14
308 240 11 17 4
308 1206 10 40 24
310 633 9 32 14
311 1116 9 31 24
311 158 9 11 4
311 22 11 20 4
312 608 9 43 14
312 861 9 26 19
313 203 10 3 4
315 804 10 0 19
315 354 9 44 9
316 187 9 19 4
317 437 9 35 9
319 1019 10 58 24
320 1226 10 54 24
320 435 9 49 9
322 183 9 3 4
325 138 8 6 4
325 442 9 53 9
327 413 9 38 9
327 244 11 52 4
328 122 8 7 4
328 304 9 35 9
328 912 8 27 19
328 1029 10 5 24
328 401 8 34 9
328 600 8 39 14
328 447 9 41 9
328 338 8 22 9
329 392 8 21 9
329 1129 8 27 24
332 450 9 39 9
332 651 8 53 14
333 48 9 51 4
334 488 11 11 9
335 956 10 4 19
337 685 9 11 14
337 510 11 46 9
338 773 10 30 19
339 36 10 6 4
340 1127 8 46 24
342 161 8 14 4
342 141 8 18 4
343 634 8 22 14
343 177 9 5 4
343 294 9 4 9
343 338 8 3 9
345 1140 8 0 24
345 256 11 10 9
346 963 10 56 19
349 159 8 30 4
351 693 9 2 14
351 163 8 3 4
352 437 9 57 9
352 522 10 29 14
353 396 8 0 9
354 1192 9 23 24
355 29 10 8 4
359 348 8 33 9
359 305 9 45 9
359 946 9 21 19
360 1230 10 0 24
361 391 7 17 9
361 603 7 6 14
363 986 10 51 19
364 1003 11 20 24
364 178 8 11 4
364 514 10 55 14
365 194 9 6 4
365 681 8 33 14
365 1086 8 53 24
365 114 7 44 4
367 902 7 40 19
368 30 10 11 4
368 729 10 58 14
369 476 10 37 9
370 513 10 15 14
370 791 9 53 19
371 266 10 37 9
376 75 8 25 4
376 381 7 41 9
377 79 8 7 4
377 356 7 27 9
377 846 7 44 19
379 1131 7 56 24
380 811 9 48 19
381 169 8 36 4
382 744 10 19 14
382 1116 7 49 24
384 686 9 10 14
384 1203 9 56 24
385 95 8 2 4
388 1131 7 2 24
388 217 10 5 4
388 349 7 9 9
390 142 7 46 4
393 1134 7 25 24
393 1241 10 12 24
397 821 8 33 19
398 890 7 23 19
398 6 11 45 4
398 964 10 26 19
399 199 9 0 4
399 1070 9 17 24
400 355 8 38 9
400 839 8 58 19
401 547 9 54 14
402 237 10 45 4
402 9 10 44 4
403 703 9 31 14
403 922 8 11 19
404 1210 9 25 24
408 571 9 30 14
408 1033 10 30 24
409 639 8 2 14
409 787 10 26 19
411 302 9 11 9
411 644 8 30 14
414 956 9 37 19
415 410 8 0 9
416 807 9 40 19
417 403 8 26 9
417 844 8 54 19
418 1138 8 35 24
418 158 8 31 4
419 735 10 3 14
420 1191 9 13 24
421 596 8 49 14
422 346 8 7 9
423 451 9 46 9
423 957 10 12 19
424 717 10 53 14
424 833 9 4 19
426 705 10 4 14
426 386 8 10 9
427 730 10 34 14
428 716 10 55 14
429 7 11 5 4
429 112 8 20 4
430 120 8 39 4
430 85 9 28 4
432 281 10 23 9
433 1040 10 4 24
434 1047 10 59 24
435 721 10 53 14
436 281 10 58 9
438 1226 10 17 24
438 869 9 56 19
438 1170 9 29 24
438 559 10 47 14
440 979 11 48 19
441 985 11 9 19
441 656 9 13 14
442 1086 9 43 24
444 1021 11 36 24
444 700 10 36 14
445 200 10 38 4
445 148 9 49 4
446 1015 11 25 24
447 941 10 46 19
448 68 10 27 4
448 827 9 30 19
449 73 10 39 4
449 1042 10 32 24
450 1227 11 34 24
451 1051 10 41 24
451 331 9 6 9
451 984 11 21 19
452 407 9 38 9
454 767 11 18 19
457 234 11 0 4
459 440 10 59 9
459 1217 11 41 24
460 807 10 57 19
461 446 10 50 9
462 647 9 27 14
462 808 10 55 19
463 411 10 7 9
463 7 11 23 4
464 835 10 24 19
465 482 11 46 9
465 815 10 4 19
468 1055 10 26 24
468 98 10 59 4
469 691 10 47 14
470 295 11 2 9
470 566 10 28 14
471 476 11 25 9
473 1181 10 44 24
475 423 10 53 9
476 1223 11 11 24
477 978 11 11 19
477 377 10 15 9
477 642 10 42 14
477 704 11 35 14
478 7 12 42 4
479 643 10 16 14
480 163 10 34 4
481 539 11 3 14
481 544 11 46 14
482 691 11 52 14
482 305 11 4 9
483 81 10 45 4
484 513 12 26 14
485 727 12 53 14
486 663 10 35 14
486 383 10 45 9
486 262 12 48 4
487 1069 11 35 24
487 211 11 0 4
488 1119 10 13 24
489 987 12 13 20
489 874 10 4 19
490 419 11 31 9
491 1084 11 5 24
494 876 10 43 19
495 1244 12 25 25
496 775 12 33 19
498 161 11 9 4
499 1170 11 9 24
500 553 11 18 14
501 35 12 12 5
501 87 11 13 4
503 1085 11 34 24
504 316 11 47 9
505 664 11 48 14
505 253 12 16 10
506 917 11 55 19
507 218 12 22 4
508 181 11 11 4
510 276 12 33 9
510 774 12 7 19
510 301 11 15 10
511 440 11 19 10
511 1067 11 25 24
511 208 11 8 5
511 896 10 46 20
513 1117 10 10 25
514 725 11 49 15
515 833 10 13 20
515 329 10 2 10
516 251 12 54 5
517 444 11 27 10
519 217 11 7 5
521 67 10 25 5
522 1234 11 32 25
523 201 11 50 5
523 729 11 50 15
523 822 10 5 20
526 861 10 51 20
529 1051 11 0 25
531 256 12 23 10
531 578 10 56 15
533 1098 10 13 25
533 1070 10 49 25
534 446 10 35 10
536 348 10 53 10
536 912 10 57 20
537 276 11 22 10
538 139 9 16 5
538 640 9 9 15
539 922 10 55 20
539 587 10 23 15
541 939 10 16 20
541 139 9 6 5
543 806 10 40 20
543 999 11 17 20
544 1015 11 53 25
544 28 11 50 5
546 374 9 6 10
547 292 10 58 10
548 614 9 52 15
548 1131 9 0 25
548 825 10 25 20
548 683 10 51 15
549 174 10 25 5
551 819 10 57 20
551 471 11 34 10
551 683 10 7 15
552 988 11 54 20
552 363 9 17 10
553 105 9 59 5
554 353 9 10 10
555 381 9 5 10
557 1049 10 4 25
558 223 10 59 5
559 551 10 32 15
559 500 11 58 10
561 162 9 49 5
562 266 11 54 10
562 128 9 14 5
562 72 9 58 5
563 445 10 42 10
564 734 11 29 15
564 224 10 6 5
567 647 9 48 15
568 395 9 9 10
569 801 10 23 20
570 978 10 33 20
570 509 11 51 10
572 769 10 29 20
573 495 11 32 10
575 1064 9 35 25
577 1120 8 21 25
578 1151 8 57 25
578 826 9 27 20
582 203 9 38 5
582 314 9 47 10
582 456 10 53 10
583 1216 10 46 25
584 1082 8 33 25
585 912 8 10 20
586 972 10 37 20
586 730 10 43 15
588 205 9 16 5
588 1146 8 42 25
589 89 8 35 5
589 298 9 48 10
589 698 9 40 15
590 1048 9 24 25
591 686 9 35 15
591 92 8 46 5
592 172 8 22 5
593 704 9 17 15
598 257 11 7 10
598 423 8 28 10
599 41 9 5 5
601 788 10 8 20
601 354 8 44 10
601 809 9 31 20
602 245 11 59 5
603 415 8 5 10
604 265 10 3 10
606 427 8 34 10
606 743 10 19 15
606 536 10 52 15
607 359 7 53 10
608 707 9 57 15
610 967 10 31 20
610 609 7 46 15
611 1053 9 35 25
612 8 10 5 5
612 666 8 49 15
613 151 7 13 5
613 1154 8 48 25
613 1175 8 57 25
613 661 8 55 15
614 1206 9 23 25
618 735 10 37 15
619 818 8 35 20
620 558 9 39 15
620 619 7 12 15
620 792 9 13 20
620 1244 10 1 25
621 757 10 29 20
623 693 9 20 15
624 292 9 22 10
624 957 9 27 20
624 374 7 28 10
625 1119 7 58 25
625 620 7 50 15
629 422 8 27 10
629 948 9 3 20
630 812 9 45 20
630 1158 8 53 25
630 798 9 22 20
631 821 8 29 20
632 249 11 39 5
632 529 10 12 15
634 924 8 1 20
635 499 11 17 10
637 193 9 39 5
637 1208 9 58 25
637 1167 8 6 25
638 66 9 52 5
638 395 7 38 10
638 1058 9 3 25
641 62 9 39 5
642 3 11 54 5
642 598 8 33 15
642 657 8 6 15
644 309 9 33 10
645 150 8 45 5
645 242 10 19 5
646 19 10 27 5
646 82 8 7 5
646 325 8 39 10
647 421 8 41 10
647 762 10 26 20
648 1246 11 7 25
649 1152 8 39 25
649 578 8 16 15
652 90 8 26 5
652 135 7 34 5
652 210 9 53 5
653 319 9 12 10
653 743 11 49 15
654 358 8 22 10
654 684 9 43 15
655 203 9 53 5
656 563 9 23 15
656 906 8 0 20
656 73 9 32 5
656 982 10 13 20
657 250 11 59 5
658 429 9 25 10
658 611 8 52 15
659 207 9 54 5
661 232 10 56 5
664 1238 10 46 25
665 487 10 27 10
665 792 10 3 20
667 896 8 11 20
667 1028 10 13 25
667 1042 10 22 25
668 20 10 38 5
668 147 8 12 5
668 1236 10 54 25
669 58 9 19 5
669 976 10 38 20
670 152 8 53 5
674 479 10 50 10
675 171 9 46 5
675 1080 9 20 25
677 902 8 17 20
678 1190 9 39 25
678 105 8 24 5
679 83 9 6 5
681 1114 8 1 25
683 487 11 7 15
684 1078 9 59 25
684 657 9 17 15
685 1219 10 59 25
686 143 9 23 5
686 796 10 30 20
687 563 9 58 15
690 113 9 40 5
690 966 10 14 20
691 351 9 53 10
692 60 10 37 5
693 1121 9 52 25
695 456 10 20 10
695 61 10 40 5
696 327 9 4 10
696 941 10 25 20
700 346 9 54 10
700 1225 11 34 25
700 383 9 37 10
701 446 10 48 10
703 818 10 46 20
704 248 11 7 10
704 101 9 42 5
706 128 9 36 5
706 914 9 53 20
706 616 9 54 15
707 220 11 45 5
707 63 10 24 5
709 406 9 18 10
709 1141 9 43 25
711 494 11 18 10
712 94 10 17 5
714 734 11 34 15
714 594 10 27 15
714 1071 10 16 25
714 175 10 58 5
716 1121 10 57 25
717 893 10 15 20
717 95 10 38 5
720 719 11 4 15
721 1185 10 0 25
721 656 10 15 15
721 571 10 56 15
722 659 10 12 15
722 892 10 47 20
722 1240 12 52 25
722 129 10 38 5
724 733 11 42 15
725 774 11 27 20
725 711 11 7 15
725 209 11 30 5
726 175 10 13 5
726 338 10 15 10
726 487 12 4 10
727 1188 10 41 25
728 110 10 0 5
728 16 11 58 5
728 1041 11 27 25
729 188 11 17 5
729 919 10 8 20
730 1173 10 10 25
730 818 10 35 20
730 1010 12 25 25
732 824 10 45 20
733 93 10 2 5
734 768 12 42 15
734 169 10 43 5
736 1057 11 51 25
736 551 11 49 15
738 839 10 13 20
739 690 11 55 15
740 522 12 49 15
743 942 11 29 20
743 1184 11 44 25
744 640 10 1 15
744 644 11 16 15
746 896 11 28 20
746 571 11 31 15
746 954 11 50 20
747 44 11 55 5
748 232 12 39 5
750 178 11 21 5
751 489 12 0 10
753 843 11 46 21
754 462 11 17 11
754 117 11 42 5
756 198 11 46 5
756 736 12 16 15
757 110 10 1 6
757 927 11 3 20
759 919 11 16 20
759 913 11 11 20
760 561 11 30 15
761 85 11 42 6
762 875 10 48 21
762 311 11 32 11
763 887 10 16 21
766 217 11 23 6
772 310 11 16 11
774 175 10 57 6
774 522 11 37 16
774 609 10 3 16
774 415 10 38 11
774 705 11 58 16
777 164 10 47 6
777 844 10 39 21
777 655 10 14 16
777 531 11 16 16
778 348 10 3 11
778 940 10 57 21
779 1101 10 3 26
780 865 10 42 21
780 460 11 18 11
781 395 10 4 11
781 537 11 20 16
782 1227 11 27 26
783 869 10 38 21
785 527 11 6 16
785 807 10 43 21
785 466 11 39 11
787 841 10 2 21
788 285 11 0 11
788 353 9 42 11
791 1118 9 32 26
791 781 11 34 21
792 352 9 23 11
793 481 11 57 11
794 443 10 42 11
795 766 11 46 21
795 1017 11 13 26
795 330 10 39 11
796 1160 9 15 26
796 528 11 16 16
797 764 11 17 21
799 977 11 13 21
799 399 9 56 11
800 343 9 48 11
801 571 10 20 16
802 692 10 4 16
802 880 9 51 21
802 778 11 17 21
803 533 10 7 16
804 293 10 25 11
805 846 9 27 21
805 288 10 3 11
805 397 9 45 11
806 873 9 54 21
806 991 11 33 21
808 172 9 44 6
808 11 11 30 6
809 291 10 12 11
809 384 9 38 11
809 384 9 22 11
809 389 9 47 11
811 853 9 2 21
811 1007 11 56 21
812 1191 10 10 26
813 1093 9 59 26
813 402 9 38 11
815 214 10 48 6
816 1008 11 4 26
818 129 8 9 6
818 36 10 56 6
821 17 11 13 6
821 501 11 26 11
823 898 8 1 21
824 910 9 9 21
824 904 8 14 21
825 472 10 21 11
826 84 9 13 6
827 451 9 58 11
828 289 10 30 11
833 679 9 12 16
833 875 8 23 21
834 1113 8 49 26
835 528 10 8 16
838 1204 9 1 26
839 548 9 36 16
840 60 9 41 6
840 867 8 37 21
842 950 9 6 21
842 123 8 46 6
842 24 10 15 6
844 407 8 20 11
844 185 9 25 6
845 51 9 17 6
845 145 8 8 6
846 61 9 35 6
846 186 9 9 6
848 1 11 38 6
850 56 9 15 6
852 312 9 13 11
853 29 10 47 6
854 599 8 11 16
855 231 10 26 6
858 1113 7 13 26
859 248 11 13 11
860 687 9 27 16
860 161 8 19 6
863 1195 9 26 26
863 1153 8 32 26
865 612 7 17 16
865 1206 9 49 26
866 62 9 45 6
867 293 9 41 11
868 847 7 38 21
869 252 11 45 6
869 239 10 34 6
874 199 9 14 6
874 405 8 26 11
874 12 10 11 6
874 344 8 12 11
876 180 8 4 6
877 84 8 26 6
877 64 9 32 6
878 178 8 29 6
882 205 9 35 6
883 453 9 40 11
883 287 9 56 11
887 323 8 44 11
889 564 9 18 16
891 726 10 12 16
891 1244 11 50 26
892 1008 10 5 26
894 78 8 15 6
896 23 10 8 6
896 991 10 10 21
896 1091 8 20 26
898 138 7 36 6
898 902 8 30 21
898 183 9 39 6
900 89 8 8 6
900 332 8 47 11
900 1045 9 28 26
903 1024 10 45 26
906 759 11 20 16
907 69 9 58 6
908 1029 10 30 26
908 873 8 54 21
909 1071 9 13 26
909 552 9 49 16
910 1054 9 57 26
911 681 9 17 16
912 133 8 53 6
913 221 10 23 6
914 451 9 50 11
914 837 8 15 21
915 333 8 51 11
916 725 10 22 16
917 455 10 11 11
918 900 8 35 21
919 728 10 33 16
920 1203 10 15 26
921 125 8 17 6
924 920 9 38 21
924 268 10 23 11
924 777 10 26 21
926 654 8 41 16
926 7 11 43 6
929 807 9 2 21
929 1001 11 11 26
929 139 8 22 6
930 244 11 2 6
931 131 8 50 6
933 1191 9 42 26
934 221 10 48 6
934 1207 10 3 26
935 1176 9 41 26
935 567 9 10 16
935 45 10 57 6
936 891 9 46 21
937 224 10 59 6
939 789 10 47 21
939 752 11 3 16
940 643 9 53 16
943 665 9 10 16
944 1127 9 53 26
945 111 9 0 6
946 618 9 53 16
947 1011 11 8 26
947 185 10 11 6
948 878 9 29 21
948 1073 9 41 26
950 224 11 27 6
951 130 9 46 6
951 1179 10 11 26
952 103 9 42 6
953 1215 10 12 26
953 589 9 52 16
953 672 10 25 16
954 93 9 6 6
954 1242 11 55 26
955 499 11 40 11
955 692 10 9 16
956 1235 11 46 26
957 487 11 14 11
957 1044 10 49 26
958 943 10 49 21
958 506 11 55 16
959 613 9 59 16
960 354 9 38 11
962 361 9 41 11
963 206 10 59 6
964 118 9 25 6
965 1145 10 37 26
966 633 10 44 16
966 668 10 28 16
967 663 10 30 16
968 523 11 44 16
969 833 10 21 21
969 164 10 30 6
970 1237 11 47 26
970 1170 10 42 26
971 419 10 11 11
971 352 10 6 11
973 176 10 21 6
974 804 11 23 21
976 820 10 48 21
976 512 12 25 11
979 1090 10 15 26
979 920 10 6 21
980 975 11 32 21
981 371 10 3 11
983 639 10 38 16
984 353 10 33 11
985 870 10 49 21
985 671 10 52 16
985 1026 11 14 26
985 380 10 30 11
986 705 11 48 16
987 1121 10 13 26
988 1073 11 0 26
989 762 12 21 21
990 218 11 4 6
991 256 12 18 6
992 965 11 58 21
994 770 12 40 21
996 939 11 38 21
997 703 11 21 16
999 1160 11 16 27
999 930 11 51 21
1000 397 11 51 11
1001 322 11 4 11
1003 929 11 34 21
1003 983 12 55 21
1003 778 12 2 21
1004 345 11 47 11
1007 903 11 18 21
1007 1027 12 51 26
1008 795 11 12 22
1008 664 11 25 16
1009 631 10 57 17
1011 917 11 36 21
1011 915 11 28 21
1011 1188 11 35 26
1012 471 11 9 12
1016 286 11 9 12
1016 378 10 19 12
1017 851 10 15 22
1017 503 12 31 12
1017 508 12 7 12
1018 806 11 29 22
1019 1212 11 32 27
1022 640 10 21 17
1023 1005 12 25 27
1023 917 10 42 22
1027 220 11 11 7
1027 939 10 58 22
1029 946 10 20 22
1029 88 10 32 7
1030 696 10 14 17
1031 1217 11 11 27
1031 90 10 16 7
1032 414 10 10 12
1033 299 10 37 12
1034 1024 11 11 27
1034 342 10 5 12
1035 153 10 24 7
1035 853 10 29 22
1036 1241 11 56 27
1037 756 11 29 22
1040 956 10 46 22
1042 921 10 45 22
1043 944 10 5 22
1043 569 10 15 17
1044 168 10 12 7
1045 1065 10 7 27
1047 753 11 16 17
1048 793 10 31 22
1049 315 10 22 12
1049 446 10 48 12
1049 428 10 31 12
1049 993 11 43 22
1049 865 9 12 22
1051 9 11 52 7
1051 517 11 9 17
1052 305 10 54 12
1052 79 9 3 7
1053 236 11 7 7
1053 565 10 14 17
1053 615 9 28 17
1053 452 10 13 12
1054 1032 10 17 27
1056 1231 11 44 27
1057 1010 11 16 27
1058 418 9 47 12
1058 1037 10 55 27
1059 1119 9 21 27
1059 783 10 3 22
1061 1068 9 16 27
1062 286 10 9 12
1063 22 11 32 7
1063 241 11 54 7
1065 687 9 54 17
1066 147 9 38 7
1067 323 9 1 12
1069 1074 9 58 27
1069 277 10 45 12
1069 276 10 18 12
1070 320 9 29 12
1071 1028 10 7 27
1071 826 9 58 22
1074 280 10 0 12
1074 172 9 51 7
1074 233 10 10 7
1074 1249 11 44 27
1074 267 10 52 12
1075 897 8 4 22
1075 449 9 40 12
1077 1155 8 51 27
1078 526 10 10 17
1078 302 9 8 12
1078 438 9 56 12
1079 1124 8 19 27
1080 48 9 52 7
1080 535 10 12 17
1080 1129 8 6 27
1081 965 10 39 22
1081 1231 10 25 27
1085 855 8 10 22
1086 138 8 47 7
1086 907 8 34 22
1087 101 8 34 7
1087 496 11 41 12
1087 173 9 28 7
1088 846 8 12 22
1089 1041 10 43 27
1089 135 8 18 7
1090 1030 10 49 27
1091 427 9 53 12
1092 46 9 48 7
1094 1031 10 49 27
1095 1086 8 51 27
1095 12 10 40 7
1096 645 8 32 17
1097 908 8 1 22
1098 1058 9 25 27
1098 1024 10 24 27
1099 1124 7 57 27
1099 1204 9 5 27
1100 1083 8 15 27
1101 441 9 59 12
1103 600 8 13 17
1103 103 8 11 7
1105 802 9 18 22
1106 2 11 57 7
1107 237 10 16 7
1107 653 8 17 17
1107 937 9 28 22
1108 897 7 41 22
1110 402 8 27 12
1110 805 9 15 22
1111 23 10 16 7
1111 550 9 53 17
1113 773 10 48 22
1114 695 9 36 17
1115 800 9 6 22
1116 585 8 31 17
1117 396 7 55 12
1119 454 9 47 12
1121 612 7 16 17
1123 240 10 35 7
1126 175 8 36 7
1127 861 7 7 22
1127 3 11 15 7
1128 1014 10 8 27
1128 1013 10 0 27
1128 884 7 40 22
1129 1127 7 24 27
1129 290 9 57 12
1129 109 7 37 7
1129 1087 8 31 27
1130 589 8 48 17
1130 1241 10 42 27
1130 466 10 35 12
1130 124 7 7 7
1131 1041 9 31 27
1132 1138 7 51 27
1133 668 8 24 17
1134 59 9 59 7
1134 329 8 24 12
1136 3 11 43 7
1136 177 8 6 7
1136 171 8 32 7
1137 681 8 36 17
1140 989 10 55 22
1141 310 9 1 12
1142 348 8 34 12
1142 379 7 18 12
1143 88 8 48 7
1143 212 9 22 7
1144 364 7 35 12
1144 1153 8 23 27
1144 126 7 50 7
1145 1242 10 34 27
1145 1193 9 30 27
1146 859 7 59 22
1146 728 10 35 17
1146 89 8 3 7
1146 411 8 15 12
1146 229 10 24 7
1147 1052 9 40 27
1147 249 11 47 12
1151 375 7 13 12
1151 110 8 15 7
1152 910 8 22 22
1153 183 9 12 7
1153 717 10 46 17
1153 548 9 13 17
1154 1188 9 28 27
1157 568 9 46 17
1158 232 10 29 7
1158 1104 8 11 27
1158 170 8 44 7
1159 680 9 2 17
1161 820 9 39 22
1161 252 11 31 7
1162 306 9 3 12
1163 804 9 6 22
1163 172 9 42 7
1164 668 8 51 17
1165 778 10 20 22
1165 1223 10 9 27
1166 90 8 6 7
1166 933 9 10 22
1167 610 8 43 17
1167 927 9 36 22
1171 535 10 1 17
1171 793 10 10 22
1172 664 9 39 17
1172 1212 10 17 27
1172 530 10 35 17
1172 140 8 20 7
1173 170 9 4 7
1174 40 10 40 7
1174 198 9 35 7
1175 1234 10 26 27
1175 1057 9 52 27
1177 803 9 21 22
1180 595 9 31 17
1180 687 9 20 17
1180 1017 11 59 27
1181 742 11 0 17
1184 774 10 23 22
1184 501 11 36 12
1185 640 9 2 17
1185 150 9 2 7
1186 54 10 7 7
1187 938 9 57 22
1187 1042 10 8 27
1189 53 10 41 7
1189 150 9 48 7
1190 912 9 20 22
1190 613 9 50 17
1191 809 10 54 22
1192 818 9 31 22
1194 1168 9 34 27
1198 536 10 31 17
1198 673 9 32 17
1198 605 9 44 17
1200 1153 9 2 27
1202 1013 11 49 27
1202 527 11 11 17
1203 812 10 22 22
1204 1113 9 45 27
1204 825 10 51 22
1205 129 9 49 7
1206 686 10 11 17
1206 1167 10 43 27
1209 1077 10 3 27
1210 882 9 34 22
1210 552 10 55 17
1210 1223 11 54 27
1211 936 10 35 22
1211 948 10 18 22
1212 212 11 30 7
1214 900 10 29 22
1214 300 10 13 12
1216 260 11 30 12
1216 101 10 19 7
1216 317 10 13 12
1217 648 10 11 17
1218 502 12 7 17
1218 1014 11 34 27
1218 638 10 2 17
1220 753 12 54 22
1223 485 11 5 12
1223 474 11 28 12
1225 755 12 17 22
1226 133 10 29 7
1227 625 10 4 17
1228 271 11 19 12
1229 530 11 11 17
1229 491 12 16 12
1230 234 12 34 7
1233 616 10 56 17
1233 1207 11 59 27
1233 1129 10 23 27
1235 851 10 0 22
1235 74 11 35 7
1237 857 10 18 22
1237 68 11 34 7
1238 806 11 30 22
1238 649 10 13 17
1238 350 10 1 12
1240 1250 12 49 27
1241 552 11 35 17
1241 788 11 23 22
1241 386 10 2 12
1242 34 11 5 7
1242 652 11 42 17
1243 61 11 15 7
1244 892 11 9 22
1246 484 12 41 12
1247 585 11 41 17
1248 698 11 3 17
1248 397 11 27 12
1249 1176 11 46 27
1250 66 11 31 7
1250 649 11 44 17
