SF7_COMM_RANGE = 30
VERTEX_NUM = 1440
MAP_WIDTH = 1250
MAP_LENGTH = 1250
Total links = 1823
Capital delta = 9
SF1112 % = 26.5278
# of outliers = 0
DATA PERIOD = 60
------------------------------
x  y  SF  phase which_gateway: 
1 506 12 58 13
1 741 12 23 13
2 1132 11 41 23
2 5 12 5 3
2 300 11 0 8
3 327 11 35 8
5 153 11 13 3
6 1209 11 52 23
11 682 11 33 13
12 843 10 40 18
13 611 10 36 13
14 678 11 37 13
14 160 10 1 3
18 230 11 13 3
18 986 12 38 18
18 1046 11 23 23
20 1082 10 44 23
20 691 11 32 13
21 254 12 3 3
23 540 11 18 13
23 206 11 54 3
24 679 10 35 13
25 593 10 29 13
25 656 10 24 13
25 530 11 14 13
26 887 10 52 18
27 753 12 51 13
29 751 12 39 13
29 583 10 46 13
30 1068 10 53 23
31 56 10 3 3
31 662 10 36 13
32 495 12 8 13
35 713 11 36 13
37 368 9 41 8
37 521 11 8 13
39 774 11 11 18
39 1079 10 55 23
39 615 9 0 13
40 1217 11 45 23
41 924 10 27 18
42 418 10 37 8
42 7 11 14 3
42 37 11 20 3
42 1149 9 42 23
43 1144 9 44 23
43 490 11 43 8
46 949 10 26 18
46 692 10 17 13
47 1180 10 38 23
47 716 10 37 13
48 1083 9 3 23
48 532 11 6 13
49 324 10 58 8
51 379 9 27 8
51 1161 9 12 23
51 1126 9 42 23
52 964 10 11 18
53 651 9 51 13
53 627 9 28 13
53 28 11 56 3
54 122 9 55 3
54 587 9 5 13
54 816 10 4 18
58 456 10 31 8
59 272 11 46 8
59 1028 10 12 23
60 349 9 35 8
61 426 9 33 8
61 928 9 5 18
62 1239 11 12 23
62 689 9 0 13
62 879 9 34 18
63 1168 9 26 23
63 1129 9 20 23
63 439 9 16 8
64 453 10 11 8
65 644 9 55 13
67 349 9 35 8
67 643 9 20 13
67 649 9 34 13
67 125 8 4 3
69 192 9 15 3
71 568 9 40 13
73 234 11 2 3
75 16 10 42 3
75 602 8 52 13
76 397 8 45 8
76 1 11 53 3
76 439 9 43 8
78 887 8 5 18
78 165 9 49 3
79 608 8 30 13
79 401 8 2 8
80 192 9 45 3
80 752 11 54 13
82 842 8 49 18
83 1013 10 58 23
83 836 8 29 18
84 644 8 14 13
85 510 11 55 8
85 306 9 33 8
88 1249 11 15 23
89 625 8 29 13
89 695 9 51 13
90 804 9 27 18
90 387 8 37 8
93 548 9 54 13
95 991 10 23 18
95 806 9 4 18
96 618 7 14 13
100 338 8 57 8
100 977 10 8 18
100 250 11 29 3
102 87 8 37 3
104 796 9 11 18
106 558 9 4 13
107 959 9 21 18
107 1099 8 48 23
108 647 7 49 13
108 478 10 56 8
109 1018 10 53 23
109 1131 7 31 23
109 236 10 27 3
111 342 8 56 8
111 757 10 16 18
111 118 7 13 3
112 198 9 37 3
112 460 9 6 8
114 793 9 42 18
114 210 9 51 3
115 1168 8 1 23
115 1110 7 7 23
116 10 10 58 3
116 253 11 22 3
116 822 8 58 18
117 157 8 26 3
118 573 8 52 13
118 691 9 53 13
118 1096 7 49 23
119 668 8 56 13
121 278 10 59 8
121 618 7 38 13
121 309 9 5 8
121 211 9 21 3
122 408 8 15 8
122 425 8 8 8
123 1173 8 25 23
123 418 8 28 8
125 216 10 56 3
126 1092 8 6 23
126 253 11 24 8
127 91 8 49 3
129 680 8 37 13
129 802 9 43 18
130 1247 11 37 23
130 460 9 54 8
131 760 10 56 18
132 56 9 6 3
132 90 8 52 3
133 846 8 30 18
133 469 10 58 8
135 296 9 54 8
135 1155 8 37 23
135 130 7 48 3
135 1050 9 8 23
137 994 10 36 18
138 155 8 14 3
138 1032 10 0 23
139 919 8 21 18
139 834 8 55 18
139 58 9 49 3
140 713 9 20 13
142 239 10 33 3
144 459 9 54 8
146 390 7 41 8
146 236 10 40 3
146 1026 10 2 23
150 131 7 58 3
151 114 7 8 3
152 689 9 50 13
154 160 8 5 3
156 81 8 25 3
156 747 11 31 13
158 751 11 42 13
158 242 11 8 3
158 1065 9 9 23
159 149 8 28 3
159 1223 10 5 23
159 1051 9 15 23
160 920 8 21 18
161 787 10 27 18
162 241 11 5 3
163 388 8 7 8
163 833 8 5 18
164 167 8 54 3
166 631 8 7 13
167 229 10 33 3
168 1228 10 0 23
168 377 8 8 8
168 1109 8 54 23
169 977 10 56 18
171 749 11 49 13
171 933 9 14 18
173 1004 11 29 18
175 683 9 43 13
176 685 9 48 13
176 786 10 2 18
176 481 10 37 8
176 340 9 38 8
178 348 8 2 8
181 696 10 27 13
181 93 9 43 3
182 612 8 27 13
182 968 10 58 18
183 301 10 18 8
183 708 10 36 13
185 576 9 59 13
185 487 11 38 8
186 314 9 33 8
187 196 10 15 3
187 908 9 59 18
187 1005 11 0 18
188 331 9 12 8
189 181 9 58 3
189 87 9 5 3
189 326 9 6 8
190 745 11 6 13
190 108 9 30 3
192 127 9 7 3
193 497 11 6 8
193 571 9 24 13
198 46 10 55 3
198 830 9 55 18
201 1063 10 31 23
201 519 11 16 13
203 92 9 30 3
203 1082 9 11 23
204 823 10 18 18
204 170 10 7 3
208 350 9 49 8
209 270 11 21 8
209 371 9 26 8
213 214 11 25 3
213 57 10 48 3
214 460 11 16 8
215 1249 12 35 23
215 852 10 16 18
215 1181 10 16 23
215 187 10 13 3
216 971 11 49 18
216 765 11 23 18
216 286 11 13 8
217 24 11 42 3
217 1000 12 35 18
218 402 10 3 8
218 379 10 39 8
221 1077 10 34 23
221 1015 11 9 23
223 232 11 10 3
227 488 12 33 13
227 270 11 15 8
229 431 10 26 8
230 672 10 28 13
232 336 10 2 8
232 330 10 57 8
233 664 10 44 13
234 961 11 32 18
237 216 11 8 3
238 220 11 55 3
238 713 11 39 13
238 787 11 50 18
242 105 10 16 3
242 20 12 57 3
243 1100 11 15 23
243 634 10 56 13
244 316 11 14 8
244 826 11 50 18
244 1140 10 5 23
244 1050 11 30 23
245 545 11 55 13
246 917 11 54 18
246 433 11 45 8
247 661 11 0 13
247 951 11 28 18
248 92 11 12 3
248 1060 11 4 23
249 23 12 8 3
250 1012 12 46 23
250 751 12 13 18
253 673 11 10 13
253 1040 11 11 24
253 710 11 21 14
253 619 11 36 13
254 468 12 39 8
254 614 11 23 13
254 122 11 26 3
255 625 10 16 14
256 962 11 48 19
257 592 11 26 13
257 987 12 3 18
257 673 11 27 13
258 466 11 16 9
259 782 11 19 19
260 720 11 17 14
261 403 10 23 9
261 295 11 7 9
263 569 11 31 13
263 699 11 5 14
266 1015 12 12 19
266 41 11 53 4
266 1175 10 1 24
267 849 10 59 19
268 831 10 30 19
268 120 10 1 4
269 971 11 27 19
269 928 10 42 19
269 374 10 5 9
271 258 12 27 4
272 635 10 21 14
272 1154 10 11 24
274 1186 10 37 24
275 825 10 32 19
275 890 10 32 19
276 741 12 6 14
277 926 10 4 19
278 140 10 47 4
282 687 10 32 14
282 1193 10 12 24
283 1244 12 35 24
284 16 11 58 4
284 119 10 15 4
285 295 11 55 9
286 826 10 15 19
287 650 10 34 14
287 859 9 4 19
288 165 10 38 4
289 423 10 33 9
290 411 10 35 9
290 966 11 36 19
290 647 9 46 14
292 428 10 20 9
293 691 10 37 14
294 447 10 45 9
294 140 9 50 4
294 514 11 38 14
295 1089 9 4 24
296 213 10 24 4
296 793 10 44 19
296 224 11 24 4
298 406 9 45 9
298 31 11 47 4
299 382 9 1 9
299 739 11 10 14
301 852 9 19 19
301 667 9 7 14
303 1180 10 14 24
304 651 9 58 14
305 982 11 31 19
306 480 11 26 9
306 760 11 26 19
308 1200 10 30 24
308 618 9 41 14
308 1159 9 13 24
308 1051 10 37 24
309 143 9 7 4
309 555 10 17 14
309 376 9 7 9
310 975 10 40 19
310 343 9 44 9
311 430 9 43 9
311 1169 9 18 24
311 747 11 4 14
312 1067 9 20 24
312 1225 10 55 24
313 1178 9 46 24
313 1164 9 59 24
313 830 9 0 19
314 1087 9 2 24
315 25 10 35 4
315 1037 10 24 24
316 1 11 48 4
316 587 9 22 14
316 659 9 17 14
318 30 10 58 4
319 387 8 33 9
319 209 10 17 4
320 1069 9 4 24
320 811 9 23 19
321 1028 10 48 24
321 38 10 30 4
321 1116 8 49 24
321 464 10 10 9
324 154 8 3 4
326 859 8 2 19
326 735 11 47 14
327 611 8 10 14
328 134 8 11 4
329 158 8 55 4
332 479 10 42 9
334 467 10 55 9
334 473 10 38 9
334 247 11 1 9
335 713 10 59 14
336 1054 9 59 24
337 468 10 56 9
338 618 8 37 14
338 1044 9 50 24
340 884 8 48 19
341 956 9 40 19
341 1069 9 17 24
342 484 10 4 9
343 759 11 20 19
344 852 8 39 19
345 1031 10 14 24
346 1146 8 10 24
347 901 8 4 19
347 245 11 23 4
347 717 10 14 14
349 879 7 27 19
349 974 10 3 19
349 274 10 44 9
350 539 9 9 14
353 979 10 14 19
356 450 9 39 9
356 720 10 3 14
356 1048 9 1 24
357 405 8 49 9
357 1205 9 15 24
360 1053 9 56 24
360 287 9 23 9
360 583 8 10 14
361 954 9 27 19
361 252 11 16 4
362 913 8 2 19
362 804 9 18 19
362 1169 8 5 24
363 962 9 31 19
364 1235 10 8 24
364 88 8 53 4
364 152 7 3 4
365 45 9 25 4
366 522 10 50 14
367 1055 9 23 24
367 704 9 56 14
367 839 8 56 19
368 1245 11 33 24
369 548 9 0 14
370 1087 8 19 24
370 970 10 39 19
374 376 7 19 9
376 359 7 22 9
376 181 8 15 4
376 461 9 28 9
378 850 7 36 19
381 1148 7 54 24
381 56 9 32 4
382 890 7 30 19
382 715 10 35 14
382 76 8 39 4
382 721 10 18 14
382 1149 7 59 24
383 949 9 49 19
383 233 10 45 4
383 297 9 15 9
386 1082 8 43 24
386 471 10 3 9
386 907 8 20 19
386 857 7 15 19
389 414 8 11 9
391 223 10 6 4
392 561 9 10 14
394 899 8 28 19
394 184 9 56 4
397 523 10 34 14
397 1166 8 24 24
397 998 11 52 19
400 51 9 59 4
401 227 10 24 4
402 443 9 3 9
403 1237 10 39 24
404 283 10 36 9
405 15 10 25 4
406 863 8 54 19
407 227 10 4 4
408 823 9 2 19
408 384 8 41 9
409 530 10 28 14
409 710 10 24 14
410 339 8 16 9
410 755 11 7 19
410 1200 9 42 24
412 471 10 7 9
415 33 10 49 4
415 1205 9 28 24
415 1098 8 23 24
416 1041 10 24 24
417 219 10 31 4
418 832 9 35 19
421 361 8 31 9
422 588 8 35 14
422 327 9 41 9
423 1239 11 42 24
424 1154 8 3 24
425 104 8 29 4
426 363 8 16 9
426 303 9 20 9
426 375 8 13 9
427 1150 8 7 24
429 1030 10 36 24
429 757 11 16 14
429 1209 10 38 24
431 814 9 12 19
431 824 9 34 19
431 171 9 25 4
432 317 9 17 9
432 226 10 28 4
432 691 9 6 14
433 85 9 37 4
434 1067 9 52 24
434 255 11 22 4
434 992 11 45 24
434 433 9 34 9
435 630 9 30 14
436 298 10 26 9
436 1092 9 2 24
436 680 9 45 14
437 318 9 50 9
438 1146 9 26 24
438 688 9 12 14
438 499 11 22 9
439 122 9 53 4
439 113 9 54 4
440 472 10 4 9
441 179 9 48 4
443 1228 11 15 24
444 896 9 12 19
444 421 9 8 9
444 487 11 21 9
445 243 11 19 4
445 539 10 45 14
446 1222 11 29 24
446 156 9 50 4
447 61 10 57 4
447 567 10 3 14
447 595 9 15 14
447 960 10 6 19
447 998 11 31 19
449 1037 10 21 24
450 450 10 44 9
451 1086 9 23 24
452 186 10 35 4
452 630 9 21 14
454 931 10 50 19
454 779 11 57 19
455 429 10 39 9
457 735 11 52 14
457 572 10 34 14
458 323 10 29 9
462 611 9 10 14
462 739 11 47 14
462 137 9 43 4
462 512 11 3 14
464 475 11 41 9
464 369 9 39 9
466 203 10 52 4
466 535 11 48 14
468 211 11 51 4
471 1197 10 52 24
471 50 11 9 4
471 273 11 3 9
473 425 10 37 9
473 1100 10 39 24
473 345 10 53 9
476 158 10 27 4
477 938 10 34 19
477 681 10 8 14
478 347 10 25 9
479 159 10 6 4
481 911 10 21 19
483 990 12 9 19
483 1025 11 21 24
484 238 12 56 4
485 406 10 22 9
486 491 12 11 14
488 961 11 46 19
488 806 11 1 19
488 961 11 56 19
490 711 11 20 14
491 324 11 23 9
491 882 10 58 19
492 563 11 7 14
494 1110 10 6 24
495 48 11 2 4
497 840 11 40 19
497 9 12 46 4
500 993 12 46 19
500 225 12 21 4
501 512 12 37 14
504 368 11 38 9
507 398 11 30 9
507 288 11 32 10
508 403 11 8 9
509 1009 12 1 20
510 477 12 25 9
510 117 10 27 5
512 486 12 36 9
512 1162 10 25 25
512 1013 12 52 20
512 374 10 34 10
514 181 11 46 4
515 968 11 54 20
515 1044 11 55 25
515 128 10 35 5
516 284 11 16 10
517 677 10 59 15
518 247 12 21 5
518 520 11 18 15
520 259 12 55 5
522 99 10 41 5
522 1006 12 41 25
523 1129 10 45 25
523 920 10 41 20
524 1058 11 39 25
525 117 10 47 5
525 973 11 21 20
525 1038 11 25 25
526 1061 10 25 25
526 850 10 42 20
527 825 10 55 20
529 43 11 56 5
530 857 10 5 20
532 1056 10 27 25
535 862 10 4 20
535 261 11 6 10
536 1200 10 45 25
536 660 10 31 15
537 116 9 34 5
538 591 10 10 15
538 317 10 23 10
538 330 10 8 10
540 245 11 49 5
541 876 9 9 20
541 1058 10 56 25
541 635 9 24 15
542 316 10 26 10
545 818 10 55 20
545 665 9 45 15
545 1088 9 36 25
546 432 10 42 10
547 987 11 26 20
548 1016 11 9 25
548 517 11 27 15
548 455 10 7 10
549 759 11 48 20
549 447 10 7 10
551 385 9 21 10
552 839 9 6 20
553 145 9 32 5
556 2 11 55 5
556 973 10 1 20
556 355 9 28 10
557 869 9 0 20
557 925 9 20 20
557 902 9 24 20
557 843 9 59 20
559 884 9 5 20
559 238 11 47 5
559 45 10 33 5
560 349 9 8 10
561 242 11 3 5
561 70 9 42 5
564 328 9 57 10
565 424 9 12 10
565 416 9 30 10
566 194 10 21 5
568 84 9 38 5
568 690 9 25 15
569 384 8 58 10
572 49 10 6 5
573 953 10 7 20
573 1069 9 16 25
574 398 8 15 10
574 824 9 34 20
575 556 9 16 15
575 1245 11 4 25
576 1090 9 41 25
578 242 11 37 5
578 721 10 2 15
578 1182 9 6 25
579 541 10 32 15
579 190 9 3 5
580 860 8 26 20
581 220 10 25 5
581 950 9 15 20
581 672 9 51 15
582 1203 9 24 25
585 213 10 13 5
585 103 8 30 5
586 1079 9 49 25
587 870 8 21 20
589 1167 8 33 25
589 1079 8 31 25
589 647 8 10 15
589 950 9 38 20
590 642 8 1 15
591 678 9 23 15
592 904 8 8 20
592 600 8 18 15
592 502 11 21 15
592 63 9 15 5
593 613 8 25 15
593 663 8 37 15
594 848 8 30 20
595 365 8 52 10
596 815 9 53 20
596 51 9 26 5
599 369 7 25 10
599 417 8 22 10
599 712 10 28 15
599 280 10 23 10
601 1241 10 47 25
602 1163 8 23 25
602 1210 9 50 25
603 644 7 12 15
603 1022 10 39 25
603 970 10 33 20
603 1134 7 28 25
604 114 7 44 5
606 509 10 55 15
606 652 8 17 15
607 422 8 5 10
607 479 10 29 10
608 1133 7 41 25
609 827 8 7 20
610 763 10 59 20
611 660 8 34 15
611 175 8 22 5
612 189 9 7 5
613 371 7 53 10
613 714 9 43 15
614 704 9 22 15
614 544 9 10 15
615 65 9 12 5
615 347 7 53 10
617 825 8 54 20
618 1221 10 58 25
620 1238 10 11 25
622 809 9 12 20
622 778 10 20 20
623 956 9 32 20
623 142 7 35 5
625 1215 9 59 25
625 1247 11 55 25
626 716 10 17 15
626 541 9 11 15
626 617 7 26 15
628 1143 7 50 25
629 222 10 39 5
630 1153 7 10 25
631 592 8 38 15
631 825 8 49 20
631 367 7 7 10
632 537 9 7 15
633 315 9 30 10
633 636 7 14 15
633 1238 10 6 25
635 286 9 4 10
637 165 8 36 5
637 320 8 5 10
639 935 9 57 20
639 745 11 11 15
639 390 7 28 10
641 921 8 0 20
641 397 7 16 10
642 621 7 13 15
642 575 8 54 15
643 173 8 14 5
643 617 7 24 15
644 664 8 6 15
644 331 8 26 10
645 844 8 56 20
645 11 10 42 5
648 869 7 26 20
649 1097 8 44 25
650 256 11 51 5
651 758 10 29 20
651 250 11 10 5
652 106 8 34 5
652 1038 10 1 25
654 1028 10 21 25
654 658 8 12 15
656 964 10 50 20
656 561 9 20 15
659 51 9 19 5
660 1060 9 20 25
660 122 8 35 5
661 644 8 17 15
664 511 11 24 10
664 313 9 3 10
664 593 8 14 15
665 1212 10 14 25
666 885 8 7 20
666 757 11 42 15
667 188 9 14 5
668 173 9 23 5
670 309 9 55 10
672 1075 9 0 25
672 812 9 29 20
674 639 8 12 15
674 585 9 7 15
674 439 9 55 10
674 455 10 0 10
674 791 10 41 20
675 1080 9 13 25
676 1010 11 44 20
680 348 9 24 10
680 338 9 43 10
680 225 10 47 5
680 508 11 58 10
680 1126 8 36 25
682 583 9 0 15
683 432 9 10 10
684 1007 11 26 20
684 911 9 20 20
687 765 11 21 20
687 12 11 38 5
687 687 9 47 15
687 1230 11 30 25
688 401 9 2 10
688 410 9 43 10
688 6 11 45 5
690 1014 11 8 25
691 1240 11 50 25
692 289 10 27 10
693 95 9 14 5
694 385 9 5 10
694 469 10 15 10
694 1206 10 15 25
695 926 9 34 20
696 690 10 19 15
696 751 11 14 20
698 104 9 21 5
699 404 9 11 10
700 1155 9 47 25
700 5 11 35 5
700 443 10 48 10
701 1130 9 11 25
702 96 9 10 5
702 815 10 35 20
706 446 10 2 10
707 541 10 38 15
708 959 10 35 20
708 1238 11 12 25
708 517 11 4 15
708 1092 9 47 25
709 84 10 34 5
709 754 11 42 20
710 235 11 35 5
712 1023 11 4 25
712 744 11 36 15
715 674 10 18 15
715 555 10 41 15
715 790 11 37 20
715 927 10 0 20
715 1088 10 9 25
715 644 10 51 15
716 665 10 57 15
717 403 10 16 10
718 286 11 58 10
719 935 10 31 20
719 465 11 27 10
719 1221 11 4 25
720 474 11 44 10
720 1029 11 38 25
720 958 11 43 20
721 175 10 19 5
721 378 10 26 10
721 1082 10 47 25
722 301 11 21 10
722 647 10 1 15
723 1017 11 49 25
725 367 10 59 10
726 1197 11 28 25
726 686 10 1 15
727 861 10 55 20
728 634 10 8 15
728 410 10 35 10
728 446 11 29 10
728 188 11 43 5
728 570 10 32 15
729 395 10 58 10
731 885 10 53 20
733 30 11 13 5
733 52 11 35 5
733 651 10 45 15
734 581 10 14 15
734 434 11 18 10
734 390 10 42 10
736 1098 10 22 25
736 256 12 9 5
740 1101 10 13 25
740 1223 12 49 25
740 941 11 13 20
741 951 11 57 20
741 223 12 20 5
742 924 11 49 20
744 677 11 9 15
744 367 10 46 10
746 386 11 36 10
746 137 11 22 5
746 498 12 40 15
746 1082 11 25 25
747 832 11 14 20
749 10 12 0 5
750 686 11 18 15
751 1071 11 1 25
752 177 11 8 5
753 181 11 54 5
753 548 11 31 15
753 361 11 43 10
753 460 11 18 11
755 985 12 29 20
755 335 11 36 10
757 242 12 23 5
757 1010 12 4 21
758 978 12 21 20
758 416 11 38 10
760 1036 11 14 26
761 207 11 55 6
762 1192 11 52 26
763 1120 10 23 26
763 677 11 8 15
763 210 11 42 6
764 411 10 37 11
764 195 11 58 6
765 104 10 2 6
766 137 10 18 6
769 290 11 59 11
771 482 11 40 11
773 384 10 54 11
774 473 11 13 11
774 1223 11 12 26
774 61 10 19 6
775 1156 10 19 26
775 1182 10 13 26
776 46 11 37 6
777 857 10 21 21
778 365 10 13 11
779 235 11 23 6
780 836 10 52 21
781 425 10 57 11
781 1127 10 33 26
782 1006 12 21 21
782 347 10 25 11
783 310 10 57 11
785 65 10 17 6
786 362 9 47 11
787 899 10 27 21
789 504 11 31 16
790 950 10 34 21
790 1094 10 19 26
792 362 9 47 11
793 1236 11 35 26
795 318 10 53 11
796 951 10 16 21
796 360 9 33 11
798 1145 9 47 26
799 636 9 34 16
799 1195 10 24 26
800 825 10 28 21
801 717 10 28 16
801 51 10 29 6
802 275 11 32 11
802 507 11 39 16
805 985 11 49 21
805 942 10 37 21
805 542 10 8 16
807 475 11 10 11
810 809 10 51 21
812 249 11 24 11
812 122 9 2 6
812 700 10 48 16
812 109 9 57 6
812 702 10 15 16
815 810 9 13 21
815 426 9 46 11
815 1175 9 24 26
816 1093 9 52 26
816 624 8 13 16
819 975 10 55 21
820 913 9 27 21
820 1067 9 33 26
820 1205 10 34 26
821 284 10 2 11
821 232 10 18 6
822 1160 9 50 26
823 88 9 27 6
825 287 10 6 11
826 393 8 24 11
826 1242 11 43 26
830 34 10 26 6
830 267 10 52 11
833 439 9 12 11
833 45 10 58 6
834 533 10 23 16
837 775 10 53 21
839 531 10 36 16
840 557 9 32 16
840 947 9 3 21
842 625 8 19 16
843 41 9 56 6
843 1110 8 57 26
844 179 9 7 6
847 303 9 45 11
848 902 8 4 21
849 335 8 12 11
850 429 8 32 11
850 24 10 28 6
852 238 10 57 6
852 61 9 37 6
854 1241 10 16 26
855 241 10 16 6
857 715 10 10 16
857 1006 11 50 21
857 1041 9 10 26
859 1067 9 21 26
865 637 7 41 16
865 384 7 29 11
865 517 10 27 16
867 104 7 5 6
868 266 10 12 11
873 149 7 53 6
873 5 11 50 6
876 925 8 16 21
879 859 7 43 21
879 132 7 5 6
880 990 10 2 21
880 626 7 19 16
881 370 7 37 11
883 163 8 57 6
883 1017 10 38 26
883 388 7 25 11
884 994 10 55 21
884 1095 8 37 26
885 760 10 11 21
886 1084 8 59 26
886 56 9 42 6
887 833 8 35 21
888 118 7 20 6
889 938 9 39 21
889 1021 10 12 26
891 77 8 36 6
892 821 8 47 21
893 450 9 15 11
893 682 8 18 16
894 205 9 57 6
894 345 8 36 11
896 846 8 51 21
899 1224 10 26 26
900 507 11 3 16
900 192 9 49 6
900 937 9 30 21
901 697 9 48 16
902 410 8 39 11
903 741 10 38 16
905 1154 8 31 26
906 161 8 36 6
906 468 10 40 11
907 702 9 43 16
907 761 10 14 21
908 943 9 38 21
908 871 8 13 21
910 989 10 39 21
912 1202 9 25 26
913 198 9 51 6
913 282 10 42 11
914 703 9 16 16
914 2 11 25 6
915 776 10 17 21
916 322 9 36 11
919 807 9 4 21
919 1131 8 30 26
920 1073 9 4 26
920 276 10 43 11
920 848 8 45 21
920 633 8 15 16
921 3 11 40 6
921 621 8 13 16
922 1084 9 6 26
924 704 10 58 16
924 276 10 16 11
924 549 10 55 16
925 370 8 28 11
925 173 9 4 6
926 85 9 26 6
930 529 10 6 16
931 1078 9 27 26
932 1241 11 3 26
932 142 8 39 6
932 271 10 10 11
932 600 9 9 16
932 1232 11 17 26
933 339 9 24 11
936 1006 11 48 21
937 943 10 34 21
938 198 10 7 6
939 763 11 23 21
941 649 9 50 16
944 615 9 32 16
944 625 9 32 16
945 1025 11 27 26
945 233 11 28 6
946 1238 11 54 26
947 941 10 23 21
948 471 11 11 11
949 473 11 39 11
950 141 9 38 6
951 117 9 51 6
951 109 9 52 6
952 1220 11 45 26
952 248 11 49 6
952 936 10 0 21
956 1076 10 32 26
957 1132 9 9 26
959 1201 10 56 26
959 82 10 59 6
961 1142 9 7 26
962 1052 10 24 26
962 580 10 2 16
962 769 11 46 21
962 1011 11 34 26
963 331 10 11 11
964 318 10 55 11
965 862 10 50 21
967 1142 10 51 26
969 969 11 29 21
970 1163 10 57 26
972 892 10 6 21
972 739 11 12 16
972 626 10 29 16
973 341 10 39 11
974 94 10 39 6
974 912 10 57 21
974 293 11 33 11
977 737 12 54 16
978 831 10 0 21
978 422 10 5 11
978 467 11 33 11
979 1044 11 51 26
980 624 10 49 16
980 862 10 10 21
981 1059 11 32 26
982 26 11 50 6
982 1143 10 42 26
982 475 11 33 11
983 250 12 38 11
983 510 12 41 11
984 289 11 41 11
985 57 11 2 6
985 291 11 35 11
987 1099 10 19 26
987 859 10 29 21
989 1000 12 38 21
989 150 10 7 6
992 931 11 11 21
993 724 12 22 16
994 396 11 36 11
995 200 11 9 6
996 769 12 28 22
998 1081 11 48 26
999 550 11 30 16
999 1162 11 59 26
1000 1134 11 19 26
1002 1026 12 20 27
1003 691 11 33 16
1004 967 12 14 21
1004 378 11 20 11
1005 1040 11 30 27
1006 376 10 39 12
1008 24 12 4 6
1008 367 10 19 12
1009 539 11 49 17
1009 1054 11 28 27
1010 772 12 1 21
1011 1066 11 31 26
1012 450 11 2 12
1014 1049 11 40 27
1014 144 10 5 7
1015 564 11 43 17
1016 225 11 34 7
1016 312 11 32 12
1017 1153 10 54 27
1019 255 12 55 7
1020 647 10 11 17
1022 829 10 1 22
1024 489 12 7 12
1025 1153 10 25 27
1026 572 10 30 17
1026 643 10 8 17
1028 70 10 53 7
1029 298 11 10 12
1029 568 10 30 17
1030 937 10 53 22
1030 373 10 30 12
1032 662 10 42 17
1032 89 10 18 7
1033 1042 11 36 27
1034 438 10 55 12
1035 502 12 48 12
1035 1059 10 7 27
1036 861 10 59 22
1037 1129 9 7 27
1039 387 9 56 12
1039 888 9 27 22
1040 648 9 1 17
1041 1117 9 19 27
1042 1073 10 29 27
1043 1149 9 33 27
1043 871 9 16 22
1043 39 10 4 7
1044 558 10 7 17
1044 364 9 49 12
1044 1192 10 59 27
1046 940 10 55 22
1046 1204 10 52 27
1047 59 10 0 7
1050 396 9 54 12
1051 304 10 17 12
1054 741 11 22 17
1054 193 10 2 7
1056 603 9 2 17
1058 488 11 33 12
1064 617 9 24 17
1065 315 9 47 12
1066 310 9 3 12
1066 496 11 7 17
1069 466 10 5 12
1070 977 10 31 22
1071 992 11 2 22
1073 612 8 45 17
1074 333 9 38 12
1075 1183 9 53 27
1075 208 10 45 7
1075 932 9 26 22
1076 302 9 12 12
1076 989 11 46 27
1079 208 10 37 7
1079 1036 10 34 27
1079 255 11 19 7
1081 1110 8 46 27
1082 253 11 38 7
1082 911 8 18 22
1082 898 8 27 22
1083 962 10 29 22
1083 263 10 5 12
1084 234 10 19 7
1085 382 8 22 12
1085 748 11 59 17
1086 807 9 28 22
1086 897 8 44 22
1087 117 8 53 7
1087 445 9 22 12
1087 702 9 17 17
1087 747 11 18 17
1088 1007 11 10 22
1089 1050 9 12 27
1089 313 9 17 12
1092 712 10 7 17
1093 104 8 35 7
1095 1079 8 19 27
1096 1053 9 45 27
1099 243 11 5 7
1102 773 10 12 22
1103 376 7 30 12
1104 226 10 23 7
1104 760 10 16 22
1104 1054 9 8 27
1106 392 7 53 12
1106 576 8 50 17
1106 645 7 19 17
1106 261 10 39 12
1107 794 9 29 22
1108 772 10 29 22
1108 871 7 6 22
1110 488 10 50 12
1110 964 10 35 22
1111 1170 8 17 27
1112 891 7 12 22
1113 635 7 34 17
1114 291 9 37 12
1114 17 10 49 7
1115 1137 7 28 27
1116 836 8 59 22
1117 263 10 6 12
1117 207 9 38 7
1118 604 7 1 17
1118 619 7 11 17
1118 510 10 55 17
1119 1133 7 9 27
1120 1219 10 46 27
1122 1187 9 14 27
1123 949 9 54 22
1124 771 10 52 22
1128 475 10 18 12
1128 874 7 16 22
1129 1064 9 15 27
1130 914 8 34 22
1132 819 8 24 22
1132 277 10 8 12
1132 559 9 17 17
1132 108 7 35 7
1132 893 7 39 22
1133 476 10 46 12
1134 457 9 4 12
1134 1057 9 45 27
1134 265 10 28 12
1137 833 8 39 22
1138 229 10 54 7
1139 369 7 41 12
1139 922 8 14 22
1140 920 8 31 22
1140 409 8 30 12
1141 70 8 34 7
1142 803 9 23 22
1144 1128 7 28 27
1145 1199 9 12 27
1145 114 7 24 7
1146 72 8 39 7
1146 1168 8 7 27
1147 1127 7 33 27
1148 950 9 18 22
1148 422 8 13 12
1148 5 11 19 7
1149 275 10 10 12
1149 1144 8 23 27
1149 96 8 27 7
1151 542 9 17 17
1152 248 11 49 7
1152 118 7 43 7
1152 656 8 18 17
1152 40 9 6 7
1156 145 8 18 7
1157 157 8 57 7
1160 754 11 44 22
1160 603 8 23 17
1161 330 8 35 12
1162 166 8 13 7
1162 173 9 54 7
1162 839 8 29 22
1163 700 9 46 17
1163 318 9 0 12
1165 15 10 53 7
1166 741 11 8 17
1167 56 9 34 7
1167 304 9 16 12
1167 183 9 36 7
1169 851 8 38 22
1170 768 10 40 22
1173 1136 8 8 27
1174 269 10 45 12
1175 1073 9 6 27
1176 1061 9 26 27
1176 1040 10 50 27
1177 998 11 17 22
1178 906 9 28 22
1178 1131 8 13 27
1179 1042 10 45 27
1180 1026 10 37 27
1180 1160 9 55 27
1180 347 9 28 12
1181 367 8 55 12
1183 961 10 1 22
1183 129 8 39 7
1183 569 9 53 17
1183 801 10 38 22
1184 1201 10 2 27
1185 1145 9 20 27
1186 974 10 51 22
1186 535 10 48 17
1186 1069 9 41 27
1187 307 10 37 12
1190 436 9 49 12
1190 896 9 34 22
1190 755 11 37 17
1192 366 9 23 12
1196 257 11 42 7
1197 905 9 13 22
1197 693 10 2 17
1197 467 10 23 12
1199 1121 9 13 27
1199 804 10 39 22
1200 1109 9 21 27
1200 174 9 31 7
1201 865 9 30 22
1202 398 9 38 12
1202 66 10 59 7
1202 1085 9 35 27
1203 149 9 23 7
1206 623 9 37 17
1206 1033 11 22 27
1206 1223 11 44 27
1208 1127 9 32 27
1208 264 11 16 12
1210 110 9 23 7
1211 48 10 17 7
1214 166 10 54 7
1214 1190 10 25 27
1214 966 11 29 22
1217 118 10 37 7
1219 913 10 5 22
1219 752 12 11 17
1220 1020 11 6 27
1223 909 10 54 22
1227 522 11 45 17
1228 634 10 43 17
1229 471 11 10 12
1232 50 11 20 7
1232 789 11 48 22
1232 649 10 4 17
1233 296 11 43 12
1234 688 11 2 17
1234 94 10 35 7
1234 179 11 4 7
1235 209 11 33 7
1235 500 12 57 12
1235 776 11 34 22
1236 88 10 25 7
1236 893 10 33 22
1239 613 10 58 17
1240 131 10 2 7
1240 155 10 47 7
1243 576 11 42 17
1244 1119 10 26 27
1244 273 12 3 12
1244 389 10 5 12
1248 1059 11 36 27
1248 473 12 57 12
1249 266 12 22 12
1250 571 11 5 17
